1.22 	3.45254e-18 	-6.98323e-18 	0.131947 	-0.240239 	-8.50751e-22
1.66 	3.45254e-18 	-6.96118e-18 	-0.0546922 	-0.691588 	-6.84514e-23
2.1 	3.45254e-18 	-6.93894e-18 	0.255047 	-0.468436 	-1.05092e-21
2.54 	3.45254e-18 	-8.30431e-18 	0.678459 	0.204037 	-1.32684e-23
2.98 	3.45254e-18 	-8.28171e-18 	0.852869 	0.54447 	1.06548e-21
3.42 	3.45254e-18 	-6.87115e-18 	0.749604 	0.694743 	6.90165e-22
3.86 	3.45254e-18 	-6.84819e-18 	0.78094 	0.557451 	1.19249e-22
4.3 	3.45254e-18 	-6.82504e-18 	0.922719 	0.0819477 	8.16388e-22
4.74 	3.45254e-18 	-5.41391e-18 	1.03312 	-0.260472 	-6.83386e-22
5.18 	3.45254e-18 	-2.61482e-18 	1.0313 	-0.497149 	-3.68523e-22
5.62 	3.45254e-18 	-1.2033e-18 	0.935659 	-0.638438 	1.45615e-22
6.06 	3.45254e-18 	-1.17937e-18 	0.981134 	-0.433512 	3.76014e-22
6.5 	3.45254e-18 	-1.15524e-18 	1.03995 	-0.17155 	-3.48951e-22
