1.22 	3.45254e-18 	-6.98323e-18 	-0.177206 	0.0050797 	-4.8613e-22
1.66 	3.45254e-18 	-6.96118e-18 	-0.337885 	0.00343398 	-1.68037e-23
2.1 	3.45254e-18 	-6.93894e-18 	-0.467125 	0.00250538 	-1.63405e-21
2.54 	3.45254e-18 	-8.30431e-18 	-0.551559 	-0.00076825 	-4.19076e-23
2.98 	3.45254e-18 	-8.28171e-18 	-0.398473 	-0.00203088 	1.17237e-21
3.42 	3.45254e-18 	-6.87115e-18 	-0.320245 	-0.00239201 	9.25243e-22
3.86 	3.45254e-18 	-6.84819e-18 	-0.133436 	-0.00372439 	1.20625e-22
4.3 	3.45254e-18 	-6.82504e-18 	-0.0165279 	-0.00422094 	1.73121e-22
4.74 	3.45254e-18 	-5.41391e-18 	0.134843 	-0.00501799 	1.24848e-23
5.18 	3.45254e-18 	-2.61482e-18 	0.247208 	-0.00482714 	7.25447e-23
5.62 	3.45254e-18 	-1.2033e-18 	0.354721 	-0.00445004 	-4.35577e-23
6.06 	3.45254e-18 	-1.17937e-18 	0.437645 	-0.00377919 	-1.55269e-22
6.5 	3.45254e-18 	-1.15524e-18 	0.510462 	-0.00310216 	9.37152e-23
