1.275 	2.15223e-18 	-2.76991e-20 	-0.0835592 	0.0646026 	-3.54454e-22
1.825 	2.15223e-18 	-1.39322e-20 	-0.247431 	0.436823 	4.61057e-21
2.375 	2.15223e-18 	1.38775e-18 	0.10904 	0.282457 	-1.79233e-21
2.925 	2.15223e-18 	2.78958e-18 	0.503533 	-0.209723 	3.85612e-22
3.475 	2.15223e-18 	4.53849e-18 	0.625563 	-0.551338 	-9.21953e-22
4.025 	2.15223e-18 	6.28755e-18 	0.334099 	-0.599986 	9.33557e-23
4.575 	2.15223e-18 	6.30203e-18 	0.681351 	-0.175608 	1.34502e-21
5.125 	2.15223e-18 	6.31666e-18 	0.878057 	0.300795 	-1.99917e-21
5.675 	2.15223e-18 	6.33144e-18 	0.763683 	0.603577 	-3.14307e-22
6.225 	2.15223e-18 	4.61166e-18 	0.721241 	0.535472 	-4.03309e-22
