1.275 	2.15223e-18 	-2.76991e-20 	-0.169275 	0.00655288 	-2.95005e-22
1.825 	2.15223e-18 	-1.39322e-20 	-0.430392 	0.00369371 	4.66651e-21
2.375 	2.15223e-18 	1.38775e-18 	-0.448841 	-2.03506e-05 	-2.16589e-21
2.925 	2.15223e-18 	2.78958e-18 	-0.452102 	-0.00310526 	1.45001e-22
3.475 	2.15223e-18 	4.53849e-18 	-0.202771 	-0.00379698 	-5.65246e-22
4.025 	2.15223e-18 	6.28755e-18 	-0.13233 	-0.00335022 	1.26692e-23
4.575 	2.15223e-18 	6.30203e-18 	0.0603069 	-0.0051393 	3.00099e-22
5.125 	2.15223e-18 	6.31666e-18 	0.177941 	-0.00516822 	1.33816e-22
5.675 	2.15223e-18 	6.33144e-18 	0.316577 	-0.00518549 	6.51982e-23
6.225 	2.15223e-18 	4.61166e-18 	0.420344 	-0.00428336 	1.98203e-22
