1.22 	3.45254e-18 	-6.98323e-18 	0.103473 	0.0105344 	-8.41985e-22
1.66 	3.45254e-18 	-6.96118e-18 	0.24919 	0.560131 	-7.01619e-23
2.1 	3.45254e-18 	-6.93894e-18 	-0.0530301 	0.700325 	-1.18241e-21
2.54 	3.45254e-18 	-8.30431e-18 	0.517988 	0.199314 	5.80571e-23
2.98 	3.45254e-18 	-8.28171e-18 	0.838945 	-0.361091 	1.19954e-21
3.42 	3.45254e-18 	-6.87115e-18 	0.867954 	-0.604127 	9.03155e-22
3.86 	3.45254e-18 	-6.84819e-18 	0.773409 	-0.698411 	1.46146e-22
4.3 	3.45254e-18 	-6.82504e-18 	0.863548 	-0.398459 	5.75842e-22
4.74 	3.45254e-18 	-5.41391e-18 	0.981793 	0.0328217 	-6.58262e-22
5.18 	3.45254e-18 	-2.61482e-18 	1.0436 	0.332954 	-4.26818e-22
5.62 	3.45254e-18 	-1.2033e-18 	0.96826 	0.587099 	1.72944e-22
6.06 	3.45254e-18 	-1.17937e-18 	0.945976 	0.564008 	3.52722e-22
6.5 	3.45254e-18 	-1.15524e-18 	1.00494 	0.35353 	-2.72289e-22
