1.22 	3.45254e-18 	-6.98323e-18 	-0.170004 	0.00538465 	-4.82314e-22
1.66 	3.45254e-18 	-6.96118e-18 	-0.316055 	0.00367514 	-1.70124e-23
2.1 	3.45254e-18 	-6.93894e-18 	-0.438921 	0.0019116 	-1.57385e-21
2.54 	3.45254e-18 	-8.30431e-18 	-0.54454 	-0.00247265 	-3.87675e-23
2.98 	3.45254e-18 	-8.28171e-18 	-0.418778 	-0.00366946 	1.2507e-21
3.42 	3.45254e-18 	-6.87115e-18 	-0.349987 	-0.00262555 	1.02283e-21
3.86 	3.45254e-18 	-6.84819e-18 	-0.168868 	-0.00246006 	1.42752e-22
4.3 	3.45254e-18 	-6.82504e-18 	-0.0600934 	-0.0022041 	2.67301e-22
4.74 	3.45254e-18 	-5.41391e-18 	0.088998 	-0.00303355 	-3.8813e-23
5.18 	3.45254e-18 	-2.61482e-18 	0.199002 	-0.00339016 	5.06346e-23
5.62 	3.45254e-18 	-1.2033e-18 	0.308447 	-0.00371068 	-3.59182e-23
6.06 	3.45254e-18 	-1.17937e-18 	0.392992 	-0.00366522 	-1.41192e-22
6.5 	3.45254e-18 	-1.15524e-18 	0.468578 	-0.0034604 	8.93357e-23
