1.22 	3.45254e-18 	-6.98323e-18 	0.0106799 	0.341776 	-1.46944e-21
1.66 	3.45254e-18 	-6.96118e-18 	0.393371 	-0.180574 	-1.01865e-22
2.1 	3.45254e-18 	-6.93894e-18 	0.712932 	-0.585181 	-3.11961e-21
2.54 	3.45254e-18 	-8.30431e-18 	0.410034 	-0.725572 	5.0647e-23
2.98 	3.45254e-18 	-8.28171e-18 	0.556748 	-0.409748 	8.48094e-22
3.42 	3.45254e-18 	-6.87115e-18 	0.838128 	0.143069 	1.70386e-21
3.86 	3.45254e-18 	-6.84819e-18 	0.959216 	0.449571 	3.9866e-22
4.3 	3.45254e-18 	-6.82504e-18 	0.884966 	0.651495 	1.31314e-21
4.74 	3.45254e-18 	-5.41391e-18 	0.846353 	0.547177 	-5.92542e-22
5.18 	3.45254e-18 	-2.61482e-18 	0.944111 	0.269184 	-4.74199e-22
5.62 	3.45254e-18 	-1.2033e-18 	1.02945 	-0.0544461 	3.02281e-22
6.06 	3.45254e-18 	-1.17937e-18 	1.05174 	-0.344509 	1.02712e-21
6.5 	3.45254e-18 	-1.15524e-18 	0.999538 	-0.455117 	-4.43203e-22
