1.22 	3.45254e-18 	-6.98323e-18 	-0.185708 	0.0045046 	-9.01898e-22
1.66 	3.45254e-18 	-6.96118e-18 	-0.368842 	0.00378341 	-3.20483e-23
2.1 	3.45254e-18 	-6.93894e-18 	-0.494772 	0.00498209 	-3.12004e-21
2.54 	3.45254e-18 	-8.30431e-18 	-0.553661 	0.00235499 	-8.12707e-23
2.98 	3.45254e-18 	-8.28171e-18 	-0.370689 	-0.000735122 	1.97289e-21
3.42 	3.45254e-18 	-6.87115e-18 	-0.28204 	-0.00354648 	1.47552e-21
3.86 	3.45254e-18 	-6.84819e-18 	-0.0880209 	-0.006678 	1.72655e-22
4.3 	3.45254e-18 	-6.82504e-18 	0.0374073 	-0.0074524 	1.19202e-22
4.74 	3.45254e-18 	-5.41391e-18 	0.19027 	-0.0075445 	1.23139e-22
5.18 	3.45254e-18 	-2.61482e-18 	0.303404 	-0.00626602 	1.71804e-22
5.62 	3.45254e-18 	-1.2033e-18 	0.407657 	-0.00485839 	-9.25859e-23
6.06 	3.45254e-18 	-1.17937e-18 	0.488031 	-0.00339921 	-3.06351e-22
6.5 	3.45254e-18 	-1.15524e-18 	0.5576 	-0.00219269 	1.76847e-22
