1.22 	3.45254e-18 	-6.98323e-18 	-0.0367537 	0.312011 	-7.29846e-22
1.66 	3.45254e-18 	-6.96118e-18 	0.195322 	-0.0801113 	-4.79776e-23
2.1 	3.45254e-18 	-6.93894e-18 	0.375116 	-0.596229 	-1.69785e-21
2.54 	3.45254e-18 	-8.30431e-18 	-0.0263252 	-0.663265 	3.55616e-23
2.98 	3.45254e-18 	-8.28171e-18 	0.484957 	-0.212157 	7.7336e-22
3.42 	3.45254e-18 	-6.87115e-18 	0.72949 	0.310698 	1.193e-21
3.86 	3.45254e-18 	-6.84819e-18 	0.757588 	0.588427 	2.18012e-22
4.3 	3.45254e-18 	-6.82504e-18 	0.645369 	0.663662 	6.11436e-22
4.74 	3.45254e-18 	-5.41391e-18 	0.749443 	0.337552 	-3.83323e-22
5.18 	3.45254e-18 	-2.61482e-18 	0.882416 	-0.0760699 	-3.76591e-22
5.62 	3.45254e-18 	-1.2033e-18 	0.935801 	-0.361216 	1.85845e-22
6.06 	3.45254e-18 	-1.17937e-18 	0.851763 	-0.568597 	4.83241e-22
6.5 	3.45254e-18 	-1.15524e-18 	0.820625 	-0.531102 	-1.79953e-22
