1.275 	2.15223e-18 	-2.76991e-20 	-0.0301631 	0.268554 	-4.49306e-22
1.825 	2.15223e-18 	-1.39322e-20 	0.320963 	-0.17861 	6.48109e-21
2.375 	2.15223e-18 	1.38775e-18 	0.645359 	-0.570036 	-2.45622e-21
2.925 	2.15223e-18 	2.78958e-18 	0.182892 	-0.61348 	-2.64877e-22
3.475 	2.15223e-18 	4.53849e-18 	0.697703 	-0.0903776 	-5.00384e-22
4.025 	2.15223e-18 	6.28755e-18 	0.90999 	0.338362 	-1.79996e-22
4.575 	2.15223e-18 	6.30203e-18 	0.906206 	0.565248 	1.21464e-21
5.125 	2.15223e-18 	6.31666e-18 	0.863568 	0.589986 	-8.61967e-22
5.675 	2.15223e-18 	6.33144e-18 	0.985599 	0.158383 	-2.52679e-22
6.225 	2.15223e-18 	4.61166e-18 	1.05573 	-0.109412 	-7.25485e-22
