1.22 	3.45254e-18 	-6.98323e-18 	0.113519 	0.0618246 	-1.55152e-21
1.66 	3.45254e-18 	-6.96118e-18 	0.203888 	0.596908 	-1.2814e-22
2.1 	3.45254e-18 	-6.93894e-18 	-0.0467139 	0.672158 	-2.09495e-21
2.54 	3.45254e-18 	-8.30431e-18 	0.552163 	0.1197 	7.58224e-23
2.98 	3.45254e-18 	-8.28171e-18 	0.845257 	-0.390528 	2.07554e-21
3.42 	3.45254e-18 	-6.87115e-18 	0.865907 	-0.605802 	1.52365e-21
3.86 	3.45254e-18 	-6.84819e-18 	0.774806 	-0.684242 	2.49636e-22
4.3 	3.45254e-18 	-6.82504e-18 	0.855514 	-0.373689 	1.01738e-21
4.74 	3.45254e-18 	-5.41391e-18 	0.972807 	0.0354278 	-1.11829e-21
5.18 	3.45254e-18 	-2.61482e-18 	1.04814 	0.314088 	-7.28719e-22
5.62 	3.45254e-18 	-1.2033e-18 	0.979228 	0.561693 	2.98316e-22
6.06 	3.45254e-18 	-1.17937e-18 	0.945743 	0.549465 	6.10699e-22
6.5 	3.45254e-18 	-1.15524e-18 	0.992558 	0.383284 	-4.48742e-22
