1.22 	3.45254e-18 	-6.98323e-18 	-0.0210936 	-0.556334 	-1.31791e-21
1.66 	3.45254e-18 	-6.96118e-18 	0.0178002 	-0.371245 	-5.34304e-23
2.1 	3.45254e-18 	-6.93894e-18 	0.61746 	0.27812 	-3.22744e-21
2.54 	3.45254e-18 	-8.30431e-18 	0.752327 	0.570719 	-1.2966e-23
2.98 	3.45254e-18 	-8.28171e-18 	0.623639 	0.706178 	1.18446e-21
3.42 	3.45254e-18 	-6.87115e-18 	0.673929 	0.469497 	9.00988e-22
3.86 	3.45254e-18 	-6.84819e-18 	0.889301 	-0.0242064 	3.47191e-22
4.3 	3.45254e-18 	-6.82504e-18 	1.00843 	-0.384897 	1.83896e-21
4.74 	3.45254e-18 	-5.41391e-18 	0.964996 	-0.550778 	-9.47409e-22
5.18 	3.45254e-18 	-2.61482e-18 	0.9045 	-0.614557 	-4.61486e-22
5.62 	3.45254e-18 	-1.2033e-18 	0.965752 	-0.386581 	2.40744e-22
6.06 	3.45254e-18 	-1.17937e-18 	1.03163 	-0.0173543 	1.02697e-21
6.5 	3.45254e-18 	-1.15524e-18 	1.05404 	0.200823 	-6.4264e-22
