1.22 	3.45254e-18 	-6.98323e-18 	-0.113006 	0.0431415 	-8.22492e-22
1.66 	3.45254e-18 	-6.96118e-18 	-0.226854 	0.108764 	-3.74182e-23
2.1 	3.45254e-18 	-6.93894e-18 	-0.240855 	0.117952 	-2.49297e-21
2.54 	3.45254e-18 	-8.30431e-18 	-0.263853 	-0.0643406 	-3.09075e-23
2.98 	3.45254e-18 	-8.28171e-18 	-0.226899 	-0.319479 	2.34158e-21
3.42 	3.45254e-18 	-6.87115e-18 	-0.299014 	-0.415631 	2.41306e-21
3.86 	3.45254e-18 	-6.84819e-18 	-0.141186 	-0.251003 	5.53407e-22
4.3 	3.45254e-18 	-6.82504e-18 	0.0218744 	0.0437256 	2.46833e-21
4.74 	3.45254e-18 	-5.41391e-18 	0.126594 	0.257136 	-1.44587e-21
5.18 	3.45254e-18 	-2.61482e-18 	0.105682 	0.372276 	-6.47642e-22
5.62 	3.45254e-18 	-1.2033e-18 	0.0508343 	0.401027 	2.60634e-22
6.06 	3.45254e-18 	-1.17937e-18 	0.0856863 	0.303848 	7.01175e-22
6.5 	3.45254e-18 	-1.15524e-18 	0.254836 	0.108498 	-4.47424e-22
