1.22 	3.45254e-18 	-6.98323e-18 	-0.476273 	0.00644751 	-1.41468e-21
1.66 	3.45254e-18 	-6.96118e-18 	-0.460818 	-0.00663432 	-1.21163e-22
2.1 	3.45254e-18 	-6.93894e-18 	-0.0893799 	-0.0107815 	-8.94882e-22
2.54 	3.45254e-18 	-8.30431e-18 	0.123321 	-0.00880937 	3.15899e-23
2.98 	3.45254e-18 	-8.28171e-18 	0.374619 	-0.00779592 	-4.36897e-22
3.42 	3.45254e-18 	-6.87115e-18 	0.542343 	-0.00569253 	-6.1307e-22
3.86 	3.45254e-18 	-6.84819e-18 	0.677683 	-0.00413644 	-1.19253e-22
4.3 	3.45254e-18 	-6.82504e-18 	0.77049 	-0.00291433 	-4.6476e-22
4.74 	3.45254e-18 	-5.41391e-18 	0.840536 	-0.0020753 	2.56472e-22
5.18 	3.45254e-18 	-2.61482e-18 	0.890535 	-0.0014346 	1.25095e-22
5.62 	3.45254e-18 	-1.2033e-18 	0.925619 	-0.00096159 	-5.04177e-23
6.06 	3.45254e-18 	-1.17937e-18 	0.949118 	-0.000625752 	-1.24625e-22
6.5 	3.45254e-18 	-1.15524e-18 	0.964623 	-0.000400862 	5.68829e-23
