/*--------------------------------*- C++ -*----------------------------------*\
  =========                 |
  \\      /  F ield         | OpenFOAM: The Open Source CFD Toolbox
   \\    /   O peration     | Website:  https://openfoam.org
    \\  /    A nd           | Version:  6.0
     \\/     M anipulation  |
\*---------------------------------------------------------------------------*/
FoamFile
{
    version     2.0;
    format      ascii;
    class       volScalarField;
    location    "31";
    object      p;
}
// * * * * * * * * * * * * * * * * * * * * * * * * * * * * * * * * * * * * * //

dimensions      [0 2 -2 0 0 0 0];

internalField   nonuniform List<scalar> 
4000
(
-0.25265
-0.253594
-0.254215
-0.254665
-0.25504
-0.255355
-0.255622
-0.255854
-0.256059
-0.256245
-0.256415
-0.256575
-0.256729
-0.256881
-0.257034
-0.2572
-0.257379
-0.257518
-0.257591
-0.258152
-0.252744
-0.253687
-0.254305
-0.254751
-0.255122
-0.255431
-0.255692
-0.255917
-0.256116
-0.256294
-0.256457
-0.256609
-0.256754
-0.256897
-0.257042
-0.257199
-0.257369
-0.2575
-0.257564
-0.258119
-0.252945
-0.253884
-0.254497
-0.254936
-0.255296
-0.255594
-0.255843
-0.256055
-0.25624
-0.256403
-0.25655
-0.256686
-0.256815
-0.256941
-0.25707
-0.25721
-0.257365
-0.257481
-0.257529
-0.258073
-0.253255
-0.254188
-0.254791
-0.255218
-0.255564
-0.255845
-0.256075
-0.256267
-0.25643
-0.25657
-0.256694
-0.256806
-0.256909
-0.25701
-0.257113
-0.257228
-0.25736
-0.257453
-0.257476
-0.258005
-0.253674
-0.254599
-0.25519
-0.2556
-0.255925
-0.256183
-0.256387
-0.256551
-0.256685
-0.256794
-0.256885
-0.256963
-0.257032
-0.257097
-0.257164
-0.257245
-0.257343
-0.257406
-0.257396
-0.257904
-0.254204
-0.255118
-0.255693
-0.256081
-0.256381
-0.256608
-0.256779
-0.256908
-0.257004
-0.257073
-0.257122
-0.257155
-0.257178
-0.257196
-0.257216
-0.25725
-0.257305
-0.257326
-0.257272
-0.257755
-0.254848
-0.255748
-0.256303
-0.256665
-0.256931
-0.257122
-0.257253
-0.257337
-0.257386
-0.257406
-0.257402
-0.25738
-0.257344
-0.257302
-0.257261
-0.257235
-0.257232
-0.257199
-0.25709
-0.25754
-0.255609
-0.256493
-0.257023
-0.257352
-0.257579
-0.257726
-0.257808
-0.257841
-0.257833
-0.257793
-0.257726
-0.257635
-0.257529
-0.257412
-0.257293
-0.257191
-0.257114
-0.25701
-0.25683
-0.25724
-0.256494
-0.257356
-0.257855
-0.258145
-0.258327
-0.258422
-0.258447
-0.25842
-0.258348
-0.258238
-0.258096
-0.257925
-0.257733
-0.257524
-0.257311
-0.257112
-0.256941
-0.256745
-0.256474
-0.256834
-0.257508
-0.258343
-0.258805
-0.259049
-0.259177
-0.259212
-0.259174
-0.259078
-0.258934
-0.258746
-0.258518
-0.258255
-0.257962
-0.257646
-0.257317
-0.256998
-0.256707
-0.256392
-0.256004
-0.256299
-0.25866
-0.259459
-0.259876
-0.260066
-0.260132
-0.260101
-0.259992
-0.259821
-0.259596
-0.259322
-0.259002
-0.258636
-0.258229
-0.257786
-0.25732
-0.256855
-0.256413
-0.255945
-0.255402
-0.25561
-0.259957
-0.26071
-0.261073
-0.2612
-0.261196
-0.26109
-0.260904
-0.260651
-0.260342
-0.259976
-0.259556
-0.259079
-0.258547
-0.257963
-0.257338
-0.256697
-0.256067
-0.255401
-0.254652
-0.254737
-0.26141
-0.262105
-0.262402
-0.262455
-0.262371
-0.262182
-0.261911
-0.261572
-0.261173
-0.260713
-0.26019
-0.259598
-0.258933
-0.258196
-0.257392
-0.256546
-0.255688
-0.254768
-0.253742
-0.253649
-0.263028
-0.26365
-0.263869
-0.263836
-0.26366
-0.263378
-0.263014
-0.262583
-0.262091
-0.261536
-0.260909
-0.2602
-0.259401
-0.258504
-0.257507
-0.256429
-0.2553
-0.254062
-0.252663
-0.252307
-0.264823
-0.265355
-0.265478
-0.265344
-0.265064
-0.264677
-0.26421
-0.26368
-0.263091
-0.262438
-0.261708
-0.260887
-0.259956
-0.258897
-0.2577
-0.256371
-0.254931
-0.253305
-0.251416
-0.250664
-0.266805
-0.267228
-0.267239
-0.266986
-0.266583
-0.266075
-0.265493
-0.264854
-0.264161
-0.263407
-0.262575
-0.261644
-0.260587
-0.259374
-0.257978
-0.25639
-0.254612
-0.252536
-0.250025
-0.248693
-0.268988
-0.269281
-0.269159
-0.268767
-0.26822
-0.267572
-0.266857
-0.266094
-0.265286
-0.264424
-0.263488
-0.26245
-0.261274
-0.25992
-0.25834
-0.256504
-0.254389
-0.251842
-0.248603
-0.24645
-0.27139
-0.27153
-0.271251
-0.270694
-0.26998
-0.269168
-0.268298
-0.267392
-0.266452
-0.26547
-0.264423
-0.263278
-0.261994
-0.260517
-0.258781
-0.256726
-0.254296
-0.251283
-0.247211
-0.243846
-0.274033
-0.273995
-0.273531
-0.272783
-0.271872
-0.270869
-0.269818
-0.268745
-0.267655
-0.266538
-0.265374
-0.264129
-0.262759
-0.261203
-0.25938
-0.257191
-0.254515
-0.251001
-0.245768
-0.240402
-0.276944
-0.2767
-0.276022
-0.275051
-0.273914
-0.272689
-0.271431
-0.270166
-0.268905
-0.267642
-0.266362
-0.265042
-0.26365
-0.26215
-0.260493
-0.258613
-0.256399
-0.253392
-0.248352
-0.242413
-0.280161
-0.279679
-0.278754
-0.277528
-0.276131
-0.274656
-0.273162
-0.271683
-0.270233
-0.268816
-0.267426
-0.266061
-0.264726
-0.263447
-0.262292
-0.26141
-0.26108
-0.261753
-0.265048
-0.277987
-0.283729
-0.28297
-0.281762
-0.280248
-0.278562
-0.276808
-0.275054
-0.273341
-0.271689
-0.270111
-0.268613
-0.267214
-0.26595
-0.264894
-0.264181
-0.264045
-0.264872
-0.26723
-0.27235
-0.284968
-0.287698
-0.286618
-0.285091
-0.283255
-0.28125
-0.279193
-0.277161
-0.275201
-0.273339
-0.271596
-0.269993
-0.268562
-0.267363
-0.266495
-0.266116
-0.266464
-0.267883
-0.270812
-0.275868
-0.285687
-0.292126
-0.290675
-0.288788
-0.2866
-0.284251
-0.281871
-0.279547
-0.27733
-0.275254
-0.273345
-0.271631
-0.270155
-0.268987
-0.268228
-0.268024
-0.26857
-0.270111
-0.272909
-0.277232
-0.284273
-0.297074
-0.295193
-0.292906
-0.290336
-0.28762
-0.284903
-0.282277
-0.279797
-0.2775
-0.275415
-0.273572
-0.272015
-0.270807
-0.270036
-0.269814
-0.270273
-0.271551
-0.273762
-0.276997
-0.281504
-0.3026
-0.300227
-0.297498
-0.294519
-0.291417
-0.28835
-0.285413
-0.282662
-0.280131
-0.277846
-0.275834
-0.27413
-0.272782
-0.271854
-0.271416
-0.271542
-0.272288
-0.273672
-0.275715
-0.278166
-0.308758
-0.305825
-0.302615
-0.299203
-0.295699
-0.29227
-0.289011
-0.285972
-0.28318
-0.280653
-0.278405
-0.276461
-0.274848
-0.273604
-0.272765
-0.272361
-0.272399
-0.272854
-0.273717
-0.274559
-0.315595
-0.312033
-0.308303
-0.304436
-0.300517
-0.296712
-0.293112
-0.289756
-0.286657
-0.283818
-0.281242
-0.278938
-0.276917
-0.275197
-0.273792
-0.272709
-0.271936
-0.271438
-0.271199
-0.270805
-0.323144
-0.318886
-0.314601
-0.310262
-0.305911
-0.301711
-0.29774
-0.294017
-0.290539
-0.287292
-0.284268
-0.281464
-0.278883
-0.276534
-0.274424
-0.272555
-0.270915
-0.269481
-0.268233
-0.266854
-0.331424
-0.326407
-0.321538
-0.316711
-0.311911
-0.307286
-0.302894
-0.29873
-0.294771
-0.290991
-0.287376
-0.283919
-0.280628
-0.277514
-0.27459
-0.271864
-0.269334
-0.266994
-0.264824
-0.262614
-0.340434
-0.334603
-0.329127
-0.323797
-0.318522
-0.313427
-0.30854
-0.303831
-0.299261
-0.294799
-0.290434
-0.286172
-0.282032
-0.278041
-0.274224
-0.2706
-0.26718
-0.26397
-0.26095
-0.257996
-0.35015
-0.343461
-0.337362
-0.331512
-0.325726
-0.320093
-0.314609
-0.30922
-0.30388
-0.298569
-0.293294
-0.288083
-0.28298
-0.278029
-0.273271
-0.268736
-0.264442
-0.260402
-0.25659
-0.252941
-0.360521
-0.352943
-0.34621
-0.339821
-0.33347
-0.327203
-0.320988
-0.314755
-0.30847
-0.302138
-0.295801
-0.289521
-0.283368
-0.277406
-0.271689
-0.266251
-0.261114
-0.256286
-0.251732
-0.247426
-0.371462
-0.362982
-0.35561
-0.348651
-0.341659
-0.334635
-0.327523
-0.320262
-0.312847
-0.305331
-0.297802
-0.290361
-0.283105
-0.276115
-0.269446
-0.263133
-0.257191
-0.251621
-0.246374
-0.241448
-0.382855
-0.373475
-0.365463
-0.357889
-0.350156
-0.342219
-0.334022
-0.325536
-0.316813
-0.307971
-0.299151
-0.290494
-0.282116
-0.274105
-0.266514
-0.259367
-0.252669
-0.246408
-0.240516
-0.235015
-0.394541
-0.384284
-0.375628
-0.367379
-0.358775
-0.349744
-0.340258
-0.330353
-0.320165
-0.309886
-0.299714
-0.289821
-0.280333
-0.271335
-0.262867
-0.254939
-0.24754
-0.240642
-0.234156
-0.22813
-0.406323
-0.395227
-0.385923
-0.376916
-0.367285
-0.356961
-0.345981
-0.334482
-0.322702
-0.310916
-0.29937
-0.288255
-0.277696
-0.267763
-0.258477
-0.249827
-0.241787
-0.234309
-0.227284
-0.22079
-0.417962
-0.406083
-0.396117
-0.386249
-0.375416
-0.363591
-0.350925
-0.337688
-0.324234
-0.310914
-0.29801
-0.285717
-0.274147
-0.263345
-0.253308
-0.244004
-0.235386
-0.227391
-0.219882
-0.212984
-0.429181
-0.41659
-0.40594
-0.395088
-0.382865
-0.369339
-0.354824
-0.339748
-0.324584
-0.309745
-0.295534
-0.282132
-0.269628
-0.258035
-0.247323
-0.237436
-0.228308
-0.219858
-0.211928
-0.20469
-0.43967
-0.426448
-0.415084
-0.403109
-0.389307
-0.373903
-0.357417
-0.340451
-0.323588
-0.307287
-0.291849
-0.27743
-0.264081
-0.251785
-0.240479
-0.230084
-0.220518
-0.211679
-0.20339
-0.195883
-0.439875
-0.42665
-0.415285
-0.403308
-0.389505
-0.3741
-0.357611
-0.340643
-0.323778
-0.307475
-0.292035
-0.277615
-0.264266
-0.251968
-0.240662
-0.230266
-0.220701
-0.211862
-0.203574
-0.196067
-0.429379
-0.416785
-0.406134
-0.39528
-0.383056
-0.36953
-0.355013
-0.339935
-0.32477
-0.30993
-0.295717
-0.282315
-0.26981
-0.258217
-0.247505
-0.237618
-0.228491
-0.220041
-0.212112
-0.204875
-0.418152
-0.406271
-0.396303
-0.386434
-0.375601
-0.363775
-0.351108
-0.33787
-0.324416
-0.311095
-0.29819
-0.285897
-0.274326
-0.263524
-0.253488
-0.244185
-0.235567
-0.227573
-0.220066
-0.213169
-0.406506
-0.395408
-0.386102
-0.377095
-0.367464
-0.357139
-0.346158
-0.334659
-0.322879
-0.311093
-0.299547
-0.288431
-0.277873
-0.267939
-0.258654
-0.250006
-0.241966
-0.23449
-0.227466
-0.220974
-0.394717
-0.384458
-0.375801
-0.367552
-0.358947
-0.349916
-0.34043
-0.330525
-0.320337
-0.310058
-0.299886
-0.289993
-0.280506
-0.271509
-0.263042
-0.255115
-0.247717
-0.240821
-0.234337
-0.228313
-0.383024
-0.373643
-0.36563
-0.358055
-0.350321
-0.342385
-0.334188
-0.325702
-0.31698
-0.308138
-0.299318
-0.290662
-0.282285
-0.274275
-0.266685
-0.25954
-0.252844
-0.246586
-0.240695
-0.235197
-0.371625
-0.363144
-0.355771
-0.34881
-0.341819
-0.334795
-0.327683
-0.320423
-0.313008
-0.305493
-0.297964
-0.290525
-0.28327
-0.276281
-0.269613
-0.263302
-0.257363
-0.251796
-0.246551
-0.241628
-0.360678
-0.353099
-0.346365
-0.339975
-0.333623
-0.327357
-0.321141
-0.31491
-0.308625
-0.302294
-0.295958
-0.289679
-0.283528
-0.277568
-0.271852
-0.266417
-0.261282
-0.256456
-0.251905
-0.247603
-0.350302
-0.343612
-0.337511
-0.331661
-0.325874
-0.32024
-0.314757
-0.309368
-0.304029
-0.298719
-0.293445
-0.288236
-0.283135
-0.278186
-0.273429
-0.268897
-0.264606
-0.260569
-0.25676
-0.253114
-0.34058
-0.334748
-0.329271
-0.32394
-0.318665
-0.313569
-0.308682
-0.303974
-0.299404
-0.294943
-0.290579
-0.286319
-0.282181
-0.278192
-0.274377
-0.270756
-0.267339
-0.264132
-0.261115
-0.258164
-0.331565
-0.326548
-0.321678
-0.31685
-0.312048
-0.307423
-0.303031
-0.298867
-0.294908
-0.291129
-0.287515
-0.28406
-0.280771
-0.277659
-0.274737
-0.272014
-0.269487
-0.26715
-0.264984
-0.262778
-0.32328
-0.319022
-0.314736
-0.310396
-0.306045
-0.301843
-0.297871
-0.294148
-0.290669
-0.287423
-0.284401
-0.281597
-0.279018
-0.276672
-0.274565
-0.272698
-0.271061
-0.26963
-0.268386
-0.26701
-0.315727
-0.312165
-0.308434
-0.304566
-0.300646
-0.296839
-0.293238
-0.289881
-0.286781
-0.283943
-0.281368
-0.279065
-0.277046
-0.275328
-0.273926
-0.272845
-0.272075
-0.27158
-0.271344
-0.270953
-0.308887
-0.305954
-0.302743
-0.299329
-0.295824
-0.292392
-0.289131
-0.286091
-0.283299
-0.280771
-0.278524
-0.276581
-0.27497
-0.273728
-0.272892
-0.27249
-0.27253
-0.272988
-0.273853
-0.274698
-0.302725
-0.300353
-0.297624
-0.294643
-0.291539
-0.288468
-0.285529
-0.282776
-0.280244
-0.277958
-0.275946
-0.274243
-0.272897
-0.271971
-0.271535
-0.271663
-0.272411
-0.273798
-0.275842
-0.278295
-0.297198
-0.295318
-0.29303
-0.290457
-0.287738
-0.285017
-0.282388
-0.279906
-0.277608
-0.275521
-0.273677
-0.272121
-0.270915
-0.270146
-0.269926
-0.270387
-0.271666
-0.273879
-0.277115
-0.281622
-0.292249
-0.290798
-0.28891
-0.28672
-0.284366
-0.281983
-0.279655
-0.277435
-0.275356
-0.273445
-0.271731
-0.270256
-0.269089
-0.268332
-0.268129
-0.268677
-0.270219
-0.273018
-0.277341
-0.284381
-0.287821
-0.286742
-0.285213
-0.283374
-0.281364
-0.279303
-0.277266
-0.275302
-0.273437
-0.271693
-0.270088
-0.268658
-0.26746
-0.266594
-0.266216
-0.266565
-0.267985
-0.270913
-0.275967
-0.285783
-0.283854
-0.283095
-0.281885
-0.280367
-0.278675
-0.276916
-0.275157
-0.27344
-0.271785
-0.270204
-0.268705
-0.267306
-0.266043
-0.264989
-0.264277
-0.264142
-0.264968
-0.267324
-0.272439
-0.285052
-0.280291
-0.279807
-0.278879
-0.277648
-0.276246
-0.274765
-0.273265
-0.271781
-0.270328
-0.268907
-0.267516
-0.266151
-0.264817
-0.263539
-0.262384
-0.261503
-0.261171
-0.261839
-0.265125
-0.278052
-0.277079
-0.276832
-0.27615
-0.275174
-0.274031
-0.2728
-0.271535
-0.270265
-0.268999
-0.267734
-0.266452
-0.265131
-0.26374
-0.262241
-0.260584
-0.258704
-0.256487
-0.253473
-0.248422
-0.242467
-0.274174
-0.274132
-0.273663
-0.272909
-0.271992
-0.270982
-0.269925
-0.268846
-0.267751
-0.266631
-0.265465
-0.264219
-0.262849
-0.261294
-0.259472
-0.257282
-0.254604
-0.251084
-0.245843
-0.240465
-0.271539
-0.271673
-0.271388
-0.270825
-0.270104
-0.269286
-0.268409
-0.267497
-0.266552
-0.265566
-0.264517
-0.263371
-0.262087
-0.26061
-0.258876
-0.256821
-0.254391
-0.251377
-0.247303
-0.243935
-0.269145
-0.26943
-0.269301
-0.268903
-0.26835
-0.267695
-0.266973
-0.266204
-0.265391
-0.264525
-0.263587
-0.262547
-0.261372
-0.260019
-0.258442
-0.256608
-0.254495
-0.251952
-0.248719
-0.246574
-0.266969
-0.267383
-0.267387
-0.267128
-0.266718
-0.266203
-0.265614
-0.26497
-0.264272
-0.263514
-0.262681
-0.261749
-0.260692
-0.259481
-0.258089
-0.256505
-0.254733
-0.252666
-0.250168
-0.248851
-0.264995
-0.265516
-0.265632
-0.265491
-0.265203
-0.264809
-0.264337
-0.263802
-0.263208
-0.262552
-0.261821
-0.261
-0.26007
-0.259015
-0.257822
-0.2565
-0.25507
-0.253457
-0.251587
-0.250854
-0.263206
-0.263816
-0.264026
-0.263986
-0.263804
-0.263515
-0.263146
-0.26271
-0.262215
-0.261657
-0.261029
-0.260322
-0.259525
-0.258632
-0.257642
-0.256574
-0.255457
-0.254235
-0.252858
-0.252524
-0.261593
-0.262274
-0.262562
-0.262608
-0.262518
-0.262323
-0.262047
-0.261704
-0.261302
-0.260841
-0.260318
-0.259727
-0.259067
-0.258335
-0.25754
-0.256705
-0.255861
-0.25496
-0.253957
-0.253889
-0.260142
-0.260881
-0.261234
-0.261354
-0.261344
-0.261233
-0.261042
-0.260786
-0.260475
-0.260109
-0.259689
-0.259216
-0.258688
-0.258112
-0.257496
-0.256868
-0.256254
-0.255608
-0.254883
-0.254994
-0.258844
-0.259628
-0.260035
-0.260218
-0.260279
-0.260243
-0.26013
-0.259957
-0.259731
-0.259458
-0.259139
-0.258777
-0.258376
-0.257942
-0.257486
-0.257034
-0.256609
-0.256161
-0.255644
-0.255876
-0.257688
-0.258508
-0.25896
-0.259198
-0.25932
-0.259352
-0.259311
-0.259213
-0.259068
-0.258881
-0.258657
-0.258398
-0.258112
-0.257804
-0.257487
-0.257181
-0.256907
-0.256614
-0.25625
-0.256569
-0.256667
-0.257514
-0.258004
-0.258288
-0.258465
-0.258556
-0.25858
-0.258551
-0.258479
-0.258371
-0.258232
-0.258067
-0.257881
-0.257682
-0.25748
-0.257294
-0.25714
-0.256965
-0.256718
-0.257101
-0.255772
-0.256641
-0.257162
-0.257486
-0.257709
-0.257852
-0.257933
-0.257965
-0.257958
-0.25792
-0.257856
-0.257771
-0.257672
-0.257564
-0.257457
-0.257367
-0.257307
-0.257222
-0.257064
-0.257497
-0.254996
-0.255883
-0.25643
-0.256787
-0.25705
-0.257238
-0.257367
-0.257452
-0.257502
-0.257524
-0.257524
-0.257507
-0.257478
-0.257445
-0.257414
-0.257401
-0.257413
-0.257397
-0.257309
-0.25778
-0.254335
-0.255238
-0.255806
-0.25619
-0.256486
-0.256711
-0.256882
-0.25701
-0.257107
-0.257179
-0.257231
-0.25727
-0.257299
-0.257325
-0.257354
-0.2574
-0.257468
-0.257505
-0.25747
-0.257971
-0.253786
-0.2547
-0.255285
-0.255692
-0.256015
-0.256271
-0.256474
-0.256639
-0.256774
-0.256885
-0.25698
-0.257062
-0.257136
-0.257208
-0.257283
-0.257374
-0.257484
-0.25756
-0.257566
-0.25809
-0.253345
-0.254269
-0.254868
-0.255292
-0.255636
-0.255916
-0.256145
-0.256337
-0.256501
-0.256644
-0.25677
-0.256885
-0.256994
-0.2571
-0.25721
-0.257333
-0.257474
-0.257579
-0.257614
-0.258156
-0.253011
-0.253944
-0.254553
-0.25499
-0.255349
-0.255646
-0.255895
-0.256107
-0.256292
-0.256457
-0.256606
-0.256745
-0.256877
-0.257008
-0.257141
-0.257288
-0.25745
-0.257574
-0.25763
-0.258184
-0.252784
-0.253723
-0.254339
-0.254784
-0.255154
-0.255463
-0.255723
-0.255949
-0.256148
-0.256327
-0.256491
-0.256645
-0.256792
-0.256938
-0.257086
-0.257246
-0.257421
-0.257557
-0.257627
-0.258187
-0.252664
-0.253607
-0.254226
-0.254676
-0.255051
-0.255365
-0.255632
-0.255864
-0.25607
-0.256256
-0.256427
-0.256587
-0.256742
-0.256894
-0.257049
-0.257216
-0.257396
-0.257537
-0.257612
-0.258175
-0.277705
-0.262602
-0.319659
-0.299733
-0.227318
-0.161894
-0.0993289
-0.055878
-0.026848
-0.00479679
0.00436346
0.0115687
0.0130028
0.0139971
0.0129362
0.0119175
0.00976668
0.00800536
0.00483977
0.00282502
-0.277762
-0.262412
-0.319599
-0.300212
-0.228143
-0.162627
-0.0997449
-0.0559131
-0.0266833
-0.00456941
0.00451653
0.0116287
0.0129707
0.013906
0.0128334
0.0118129
0.00970152
0.00796179
0.00482893
0.0028357
-0.277914
-0.262278
-0.319742
-0.301022
-0.229218
-0.163532
-0.100302
-0.0560477
-0.0266068
-0.00440432
0.00462273
0.0116543
0.0129139
0.0137972
0.0127176
0.0116995
0.00962892
0.00791214
0.00481372
0.00284184
-0.278148
-0.262188
-0.320051
-0.302122
-0.230516
-0.164594
-0.100995
-0.056282
-0.0266205
-0.00430622
0.00467898
0.0116432
0.0128316
0.013671
0.0125895
0.0115782
0.00954957
0.00785693
0.00479439
0.00284328
-0.27844
-0.262124
-0.320476
-0.303462
-0.23201
-0.1658
-0.101814
-0.0566161
-0.0267255
-0.00427959
0.00468253
0.0115932
0.0127234
0.0135278
0.0124497
0.0114498
0.0094641
0.00779657
0.00477119
0.00283991
-0.278767
-0.262064
-0.320956
-0.304981
-0.233665
-0.167135
-0.102754
-0.0570497
-0.0269222
-0.00432834
0.00463112
0.0115022
0.0125886
0.0133675
0.0122988
0.0113149
0.00937302
0.00773141
0.00474434
0.00283163
-0.279099
-0.261984
-0.321428
-0.306616
-0.235451
-0.168584
-0.103808
-0.0575821
-0.0272103
-0.0044556
0.00452311
0.0113685
0.0124268
0.01319
0.0121372
0.011174
0.00927674
0.0076617
0.00471406
0.00281836
-0.279409
-0.261862
-0.321826
-0.308304
-0.237334
-0.170134
-0.10497
-0.0582122
-0.0275884
-0.00466352
0.00435758
0.0111907
0.0122376
0.0129954
0.0119651
0.0110274
0.00917554
0.00758761
0.00468049
0.00280008
-0.279673
-0.261675
-0.322089
-0.309986
-0.239286
-0.171773
-0.106236
-0.0589382
-0.0280544
-0.00495317
0.00413433
0.0109679
0.0120212
0.0127835
0.0117829
0.0108753
0.00906965
0.00750925
0.00464378
0.00277679
-0.27987
-0.261408
-0.322166
-0.311614
-0.241284
-0.17349
-0.107601
-0.0597577
-0.0286055
-0.00532444
0.00385389
0.0106998
0.0117774
0.0125543
0.0115906
0.0107176
0.00895917
0.00742664
0.00460402
0.00274851
-0.279982
-0.261049
-0.322015
-0.313146
-0.243307
-0.175276
-0.109059
-0.0606675
-0.0292379
-0.0057761
0.00351748
0.0103866
0.0115068
0.0123077
0.0113885
0.0105545
0.00884417
0.0073398
0.0045613
0.00271534
-0.280002
-0.260592
-0.321603
-0.314552
-0.245344
-0.177123
-0.110608
-0.0616637
-0.0299473
-0.00630582
0.00312691
0.0100292
0.01121
0.012044
0.0111767
0.0103857
0.00872465
0.00724868
0.00451567
0.0026774
-0.279924
-0.260034
-0.320907
-0.315811
-0.247387
-0.179028
-0.112243
-0.062743
-0.0307295
-0.00691062
0.00268441
0.00962872
0.0108875
0.0117634
0.0109553
0.0102112
0.00860064
0.00715328
0.00446718
0.00263482
-0.279748
-0.259381
-0.319911
-0.316906
-0.249438
-0.180989
-0.113964
-0.0639021
-0.0315797
-0.00758681
0.00219255
0.00918685
0.0105404
0.0114661
0.0107245
0.0100309
0.00847212
0.00705357
0.0044159
0.00258781
-0.279467
-0.258634
-0.318597
-0.317811
-0.251488
-0.182998
-0.115759
-0.0651315
-0.0324884
-0.00832796
0.00165529
0.00870579
0.0101697
0.0111526
0.0104845
0.00984468
0.00833906
0.00694946
0.00436183
0.00253653
-0.279064
-0.257798
-0.316956
-0.318488
-0.253505
-0.185017
-0.117594
-0.0664068
-0.0334373
-0.00912241
0.00107903
0.00818918
0.00977704
0.0108234
0.0102354
0.00965241
0.00820138
0.00684089
0.00430495
0.00248118
-0.278564
-0.256902
-0.31501
-0.318967
-0.255499
-0.187047
-0.119469
-0.0677274
-0.0344294
-0.00996707
0.000465645
0.00764091
0.00936473
0.0104807
0.00997839
0.00945496
0.00805947
0.00672842
0.00424547
0.00242219
-0.278041
-0.256024
-0.312775
-0.319449
-0.257754
-0.189353
-0.121608
-0.0692385
-0.0355651
-0.0109084
-0.000206982
0.00705645
0.00893313
0.0101278
0.00971598
0.009255
0.00791491
0.00661411
0.0041845
0.00236054
-0.27689
-0.255011
-0.30993
-0.319757
-0.260563
-0.19228
-0.124294
-0.0711114
-0.0369246
-0.0119986
-0.000961174
0.00641722
0.00847304
0.0097571
0.00944507
0.00905022
0.00776773
0.00649714
0.00412282
0.00229592
-0.272745
-0.253035
-0.305818
-0.317919
-0.262242
-0.194372
-0.126262
-0.0724839
-0.0378367
-0.0129188
-0.00163256
0.00574894
0.0079759
0.00933514
0.00914196
0.00881441
0.00760529
0.00635868
0.00405294
0.00222063
-0.233203
-0.234894
-0.277088
-0.29376
-0.259879
-0.196227
-0.128875
-0.0743574
-0.0383742
-0.0158757
-0.00429299
0.00204449
0.00498045
0.00656588
0.00715212
0.00720053
0.00653777
0.00538484
0.00356627
0.00171188
-0.192497
-0.217362
-0.238885
-0.251217
-0.233842
-0.183689
-0.124634
-0.0746188
-0.0408255
-0.0210473
-0.0102159
-0.00434839
-0.000795966
0.00155421
0.00317
0.00408665
0.0042009
0.00358571
0.00236885
0.000830628
-0.172491
-0.1936
-0.205354
-0.209439
-0.196212
-0.160993
-0.115509
-0.0741082
-0.0443295
-0.0262013
-0.0158074
-0.0097894
-0.005824
-0.00288821
-0.00057907
0.00105284
0.0018485
0.00186857
0.00127692
0.000360413
-0.143415
-0.165777
-0.173476
-0.172397
-0.161548
-0.138265
-0.106006
-0.0736219
-0.0480755
-0.0311155
-0.0207278
-0.0143178
-0.0099653
-0.00663707
-0.00386882
-0.00169922
-0.000289976
0.000375433
0.000462061
0.000192317
-0.119056
-0.139325
-0.14592
-0.143807
-0.13551
-0.120056
-0.0976185
-0.0728918
-0.0513699
-0.0355553
-0.0249671
-0.0179814
-0.01316
-0.0095252
-0.00649953
-0.00400549
-0.00213191
-0.000892764
-0.000220748
-7.31685e-05
-0.0988516
-0.116802
-0.123481
-0.122471
-0.116527
-0.105743
-0.0898389
-0.0710644
-0.0531317
-0.0385494
-0.0278613
-0.0204154
-0.015264
-0.0115225
-0.00848191
-0.00587892
-0.00369823
-0.00199973
-0.000842603
-0.000256725
-0.0832016
-0.0987069
-0.105638
-0.106066
-0.102047
-0.0942117
-0.0825567
-0.0681111
-0.0531738
-0.0399812
-0.0296264
-0.0221197
-0.0168788
-0.013161
-0.010184
-0.007532
-0.00511743
-0.0030427
-0.00147597
-0.000485992
-0.0711239
-0.0844732
-0.0913638
-0.0928858
-0.090409
-0.0846273
-0.0757414
-0.0643385
-0.0519166
-0.0403304
-0.0307686
-0.0235508
-0.0183587
-0.0146553
-0.0116711
-0.00892826
-0.00631097
-0.00394891
-0.00203283
-0.000634788
-0.0617823
-0.0732591
-0.0798193
-0.0820307
-0.080732
-0.0764316
-0.0694422
-0.0602911
-0.0500488
-0.0401378
-0.0315862
-0.0248233
-0.0197298
-0.015968
-0.0128684
-0.00998193
-0.00721054
-0.00466596
-0.00248207
-0.000754217
-0.0544548
-0.0643305
-0.0704113
-0.0729844
-0.0725169
-0.0693367
-0.0638026
-0.0564445
-0.0480543
-0.0396797
-0.032135
-0.0258733
-0.0208884
-0.0169997
-0.0137232
-0.0107002
-0.00786271
-0.00523971
-0.00288322
-0.000902328
-0.0486044
-0.0571337
-0.062691
-0.0654001
-0.0655174
-0.06325
-0.05892
-0.0530153
-0.0461335
-0.0390545
-0.0324076
-0.026622
-0.0217354
-0.0177149
-0.0142985
-0.0112206
-0.00839491
-0.00574911
-0.00326456
-0.00104765
-0.0438464
-0.0512583
-0.0563164
-0.0590555
-0.0596156
-0.0581065
-0.05477
-0.0500277
-0.044341
-0.0383047
-0.0324069
-0.027035
-0.0222659
-0.0181996
-0.0147507
-0.0116915
-0.0088774
-0.00619157
-0.00357548
-0.00114463
-0.0398917
-0.0464039
-0.0510427
-0.0537923
-0.0547008
-0.0538033
-0.0512672
-0.0474393
-0.0426794
-0.0374595
-0.0321707
-0.027169
-0.0225863
-0.0185934
-0.0151886
-0.0121381
-0.00927314
-0.00650973
-0.00378188
-0.00120839
-0.0365318
-0.042358
-0.0466925
-0.0494657
-0.050647
-0.0502314
-0.0483244
-0.0451983
-0.0411469
-0.0365681
-0.0317882
-0.0271499
-0.0228224
-0.0189656
-0.0155924
-0.0124902
-0.00953464
-0.00670263
-0.00392474
-0.00127627
-0.0335921
-0.0389673
-0.0431229
-0.0459406
-0.0473374
-0.0472917
-0.0458629
-0.04327
-0.03977
-0.0357071
-0.0313689
-0.0270869
-0.0230238
-0.0192815
-0.015885
-0.0127109
-0.00969383
-0.00684038
-0.00405516
-0.00134606
-0.0309686
-0.0361272
-0.0402283
-0.0431134
-0.0446778
-0.044902
-0.0438297
-0.0416522
-0.0385939
-0.0349538
-0.0309968
-0.0270225
-0.0231637
-0.019483
-0.0160526
-0.0128527
-0.0098266
-0.00697171
-0.00416798
-0.00139333
-0.0285644
-0.0337762
-0.037937
-0.0409023
-0.0425874
-0.0430027
-0.0422021
-0.040352
-0.0376455
-0.0343506
-0.0307021
-0.0269472
-0.0232127
-0.0195767
-0.0161581
-0.0129826
-0.00995985
-0.00707744
-0.00423399
-0.00141475
-0.0264188
-0.0319129
-0.0362169
-0.0392552
-0.0410174
-0.04157
-0.0409778
-0.0393753
-0.0369349
-0.0339025
-0.0304731
-0.0268538
-0.023202
-0.0196286
-0.0162539
-0.0131028
-0.0100622
-0.0071341
-0.00426302
-0.00143064
-0.0246516
-0.0305859
-0.0350548
-0.0381425
-0.0399503
-0.0405969
-0.0401494
-0.0387196
-0.0364619
-0.0335945
-0.0302917
-0.0267615
-0.0231908
-0.0196832
-0.0163301
-0.0131718
-0.0101081
-0.0071583
-0.00428567
-0.00144804
-0.0235406
-0.0298786
-0.0344579
-0.0375682
-0.0393993
-0.0400937
-0.0397206
-0.038385
-0.0362235
-0.0334281
-0.0301777
-0.0267022
-0.0231951
-0.0197257
-0.0163653
-0.0131873
-0.010115
-0.00717007
-0.00430454
-0.00145725
-0.15609
-0.166122
-0.176283
-0.186667
-0.197376
-0.208528
-0.220248
-0.232669
-0.245921
-0.260116
-0.275308
-0.291464
-0.308336
-0.325448
-0.341809
-0.356259
-0.366815
-0.372708
-0.371796
-0.368769
-0.0966389
-0.10004
-0.103126
-0.105881
-0.108282
-0.110306
-0.111925
-0.113115
-0.113849
-0.114113
-0.113903
-0.11325
-0.112223
-0.110995
-0.109795
-0.109083
-0.109256
-0.111206
-0.115247
-0.123456
-0.0726986
-0.0769837
-0.0813036
-0.0856689
-0.0900908
-0.0945813
-0.0991529
-0.103818
-0.108589
-0.113476
-0.118485
-0.123613
-0.128844
-0.134141
-0.139424
-0.144587
-0.149441
-0.153799
-0.157345
-0.159863
-0.0595926
-0.0625069
-0.0653787
-0.0682085
-0.0709967
-0.0737432
-0.0764478
-0.0791099
-0.0817287
-0.0843034
-0.0868339
-0.0893213
-0.0917695
-0.0941878
-0.0965938
-0.0990177
-0.101511
-0.104149
-0.107084
-0.110534
-0.049781
-0.0521505
-0.0545227
-0.0568998
-0.0592843
-0.0616784
-0.0640847
-0.0665055
-0.0689432
-0.0714002
-0.0738786
-0.0763802
-0.0789061
-0.0814557
-0.0840275
-0.086614
-0.0892108
-0.091793
-0.0943723
-0.0968919
-0.0437925
-0.0456576
-0.0475196
-0.0493793
-0.051237
-0.0530934
-0.0549492
-0.056805
-0.0586615
-0.0605195
-0.0623799
-0.0642434
-0.0661114
-0.0679849
-0.0698668
-0.0717579
-0.0736676
-0.0755942
-0.0775815
-0.0796237
-0.0390201
-0.040519
-0.0420185
-0.0435193
-0.0450218
-0.0465265
-0.048034
-0.0495447
-0.0510594
-0.0525785
-0.0541026
-0.0556322
-0.0571679
-0.0587098
-0.060259
-0.0618142
-0.0633795
-0.0649479
-0.0665455
-0.068146
-0.0354925
-0.0367149
-0.0379374
-0.0391601
-0.0403832
-0.0416068
-0.0428311
-0.0440565
-0.0452831
-0.0465112
-0.047741
-0.0489729
-0.0502072
-0.051444
-0.0526842
-0.053927
-0.0551761
-0.0564265
-0.0577
-0.0589753
-0.0326647
-0.0336722
-0.0346797
-0.0356872
-0.0366949
-0.0377029
-0.0387112
-0.0397201
-0.0407297
-0.0417401
-0.0427514
-0.0437637
-0.0447773
-0.0457921
-0.0468085
-0.0478259
-0.0488466
-0.0498666
-0.0509017
-0.0519338
-0.0304284
-0.0312664
-0.0321042
-0.0329419
-0.0337794
-0.034617
-0.0354545
-0.0362921
-0.0371298
-0.0379677
-0.0388058
-0.0396442
-0.0404829
-0.0413218
-0.0421613
-0.0430008
-0.0438419
-0.0446817
-0.045532
-0.0463791
-0.0285995
-0.0292986
-0.0299978
-0.030697
-0.0313963
-0.0320957
-0.0327952
-0.0334949
-0.0341948
-0.0348948
-0.0355951
-0.0362954
-0.0369959
-0.0376965
-0.0383973
-0.0390978
-0.0397992
-0.0404992
-0.0412067
-0.0419118
-0.0270737
-0.0276575
-0.0282419
-0.0288269
-0.0294124
-0.0299986
-0.0305854
-0.0311728
-0.0317607
-0.0323491
-0.0329379
-0.0335271
-0.0341166
-0.0347063
-0.0352962
-0.0358858
-0.036476
-0.0370652
-0.0376598
-0.0382534
-0.0257005
-0.0261864
-0.0266739
-0.0271631
-0.0276537
-0.0281459
-0.0286396
-0.0291347
-0.0296312
-0.0301288
-0.0306277
-0.0311275
-0.0316283
-0.0321297
-0.0326318
-0.0331342
-0.0336373
-0.03414
-0.0346469
-0.0351545
-0.0243984
-0.0248023
-0.0252092
-0.0256191
-0.0260319
-0.0264476
-0.026866
-0.0272869
-0.0277102
-0.0281358
-0.0285633
-0.0289926
-0.0294235
-0.0298557
-0.030289
-0.0307232
-0.0311582
-0.0315934
-0.0320319
-0.0324726
-0.0229264
-0.0232613
-0.0236018
-0.0239476
-0.0242986
-0.0246545
-0.025015
-0.0253799
-0.0257489
-0.0261215
-0.0264976
-0.0268768
-0.0272586
-0.0276428
-0.028029
-0.0284169
-0.0288063
-0.0291967
-0.0295901
-0.0299871
-0.0212589
-0.0215433
-0.0218367
-0.0221384
-0.0224479
-0.0227648
-0.0230885
-0.0234183
-0.0237538
-0.0240945
-0.0244396
-0.0247888
-0.0251415
-0.0254971
-0.0258552
-0.0262153
-0.0265771
-0.0269401
-0.0273054
-0.0276748
-0.0187328
-0.01901
-0.0193001
-0.0196018
-0.0199142
-0.0202361
-0.0205666
-0.0209046
-0.0212493
-0.0215998
-0.0219552
-0.0223149
-0.0226781
-0.023044
-0.0234122
-0.0237819
-0.0241527
-0.0245243
-0.024897
-0.0252732
-0.0154535
-0.0157944
-0.016148
-0.0165126
-0.0168867
-0.0172691
-0.0176583
-0.0180532
-0.0184529
-0.0188562
-0.0192623
-0.0196704
-0.0200798
-0.0204898
-0.0208997
-0.0213091
-0.0217175
-0.0221246
-0.0225301
-0.0229371
-0.010438
-0.0110423
-0.0116408
-0.012233
-0.0128186
-0.0133972
-0.0139687
-0.0145327
-0.0150893
-0.0156381
-0.0161791
-0.0167123
-0.0172375
-0.0177548
-0.0182642
-0.0187656
-0.0192591
-0.0197449
-0.0202228
-0.0206959
-0.0049363
-0.00590082
-0.00683107
-0.00772896
-0.00859629
-0.00943474
-0.0102459
-0.0110313
-0.0117923
-0.0125302
-0.0132462
-0.0139415
-0.0146172
-0.0152742
-0.0159135
-0.016536
-0.0171424
-0.0177338
-0.0183103
-0.0188752
-0.00496889
-0.00593294
-0.00686272
-0.00776013
-0.00862698
-0.00946494
-0.0102756
-0.0110605
-0.011821
-0.0125584
-0.0132739
-0.0139688
-0.0146439
-0.0153004
-0.0159392
-0.0165612
-0.017167
-0.0177579
-0.0183339
-0.0188983
-0.010471
-0.0110749
-0.0116729
-0.0122646
-0.0128497
-0.0134278
-0.0139988
-0.0145624
-0.0151184
-0.0156667
-0.0162072
-0.0167399
-0.0172646
-0.0177814
-0.0182902
-0.0187911
-0.0192841
-0.0197694
-0.0202468
-0.0207194
-0.0154874
-0.0158278
-0.0161809
-0.0165451
-0.0169187
-0.0173005
-0.0176892
-0.0180837
-0.0184828
-0.0188856
-0.0192912
-0.0196988
-0.0201077
-0.0205171
-0.0209266
-0.0213354
-0.0217432
-0.0221498
-0.0225548
-0.0229612
-0.0187682
-0.0190449
-0.0193345
-0.0196358
-0.0199476
-0.020269
-0.0205989
-0.0209364
-0.0212806
-0.0216305
-0.0219855
-0.0223446
-0.0227072
-0.0230726
-0.0234402
-0.0238094
-0.0241797
-0.0245507
-0.0249228
-0.0252985
-0.0212965
-0.0215804
-0.0218732
-0.0221744
-0.0224834
-0.0227997
-0.0231228
-0.0234521
-0.0237871
-0.0241272
-0.0244718
-0.0248204
-0.0251725
-0.0255275
-0.025885
-0.0262446
-0.0266058
-0.0269682
-0.0273329
-0.0277018
-0.0229669
-0.0233012
-0.0236412
-0.0239864
-0.0243368
-0.0246922
-0.0250521
-0.0254164
-0.0257848
-0.0261569
-0.0265324
-0.0269109
-0.0272921
-0.0276757
-0.0280613
-0.0284486
-0.0288374
-0.0292272
-0.02962
-0.0300163
-0.0244428
-0.0248461
-0.0252524
-0.0256617
-0.026074
-0.026489
-0.0269068
-0.0273271
-0.0277498
-0.0281747
-0.0286016
-0.0290303
-0.0294605
-0.0298921
-0.0303247
-0.0307582
-0.0311926
-0.0316271
-0.0320649
-0.032505
-0.02575
-0.0262353
-0.0267222
-0.0272107
-0.0277008
-0.0281923
-0.0286854
-0.0291799
-0.0296757
-0.0301727
-0.0306709
-0.0311701
-0.0316701
-0.0321709
-0.0326723
-0.033174
-0.0336764
-0.0341784
-0.0346846
-0.0351916
-0.0271298
-0.027713
-0.0282968
-0.0288812
-0.0294662
-0.0300517
-0.0306379
-0.0312246
-0.0318119
-0.0323997
-0.0329879
-0.0335764
-0.0341652
-0.0347543
-0.0353434
-0.0359325
-0.036522
-0.0371105
-0.0377044
-0.0382974
-0.0286641
-0.0293627
-0.0300613
-0.0307599
-0.0314586
-0.0321574
-0.0328564
-0.0335555
-0.0342548
-0.0349542
-0.0356538
-0.0363536
-0.0370535
-0.0377535
-0.0384536
-0.0391535
-0.0398543
-0.0405537
-0.0412605
-0.0419652
-0.0305037
-0.0313412
-0.0321785
-0.0330157
-0.0338528
-0.0346898
-0.0355268
-0.0363639
-0.0372011
-0.0380385
-0.038876
-0.0397139
-0.040552
-0.0413904
-0.0422293
-0.0430682
-0.0439088
-0.044748
-0.0455978
-0.0464445
-0.0327536
-0.0337608
-0.0347679
-0.0357752
-0.0367825
-0.0377902
-0.0387982
-0.0398068
-0.0408161
-0.0418261
-0.0428371
-0.0438492
-0.0448624
-0.0458769
-0.046893
-0.0479101
-0.0489305
-0.0499502
-0.0509851
-0.0520174
-0.0355985
-0.036821
-0.0380436
-0.0392664
-0.0404896
-0.0417133
-0.0429378
-0.0441634
-0.0453902
-0.0466185
-0.0478486
-0.0490807
-0.0503154
-0.0515525
-0.0527931
-0.0540365
-0.0552861
-0.0565372
-0.0578114
-0.059088
-0.0391465
-0.0406461
-0.0421463
-0.0436479
-0.0451511
-0.0466566
-0.048165
-0.0496767
-0.0511924
-0.0527126
-0.0542378
-0.0557686
-0.0573056
-0.0588489
-0.0603996
-0.0619564
-0.0635235
-0.0650938
-0.0666935
-0.0682967
-0.0439415
-0.0458079
-0.0476715
-0.0495326
-0.0513919
-0.0532499
-0.0551074
-0.056965
-0.0588234
-0.0606833
-0.0625457
-0.0644113
-0.0662815
-0.0681574
-0.0700416
-0.0719352
-0.0738475
-0.0757768
-0.0777668
-0.0798123
-0.0499529
-0.0523246
-0.0546989
-0.0570782
-0.0594649
-0.0618614
-0.06427
-0.0666932
-0.0691334
-0.071593
-0.074074
-0.0765782
-0.0791069
-0.0816593
-0.084234
-0.0868235
-0.0894235
-0.0920091
-0.0945921
-0.0971163
-0.059793
-0.0627112
-0.065587
-0.068421
-0.0712135
-0.0739646
-0.0766739
-0.0793409
-0.0819648
-0.0845449
-0.0870809
-0.0895741
-0.0920284
-0.094453
-0.0968656
-0.0992963
-0.101797
-0.104443
-0.107386
-0.110846
-0.0729198
-0.0772101
-0.0815355
-0.0859064
-0.0903343
-0.094831
-0.0994091
-0.104081
-0.10886
-0.113754
-0.118771
-0.123909
-0.12915
-0.134458
-0.139753
-0.14493
-0.149799
-0.154175
-0.15774
-0.160283
-0.096897
-0.100309
-0.103407
-0.106174
-0.108588
-0.110626
-0.112261
-0.113467
-0.114219
-0.114501
-0.11431
-0.113677
-0.112672
-0.111466
-0.110288
-0.1096
-0.109795
-0.111769
-0.11583
-0.124054
-0.156278
-0.166312
-0.176476
-0.186861
-0.197572
-0.208725
-0.220445
-0.232865
-0.246115
-0.260306
-0.275494
-0.291644
-0.308506
-0.325609
-0.341956
-0.35639
-0.366928
-0.372799
-0.371863
-0.368808
-0.0235591
-0.0298882
-0.0344591
-0.0375624
-0.0393887
-0.0400811
-0.0397094
-0.0383773
-0.0362203
-0.0334303
-0.030185
-0.026711
-0.0232018
-0.0197282
-0.0163632
-0.0131814
-0.0101082
-0.00716519
-0.00430122
-0.00145553
-0.0246704
-0.0305955
-0.0350556
-0.0381354
-0.0399379
-0.0405826
-0.0401365
-0.0387105
-0.0364592
-0.0335993
-0.0303013
-0.0267707
-0.0231971
-0.0196862
-0.0163288
-0.0131657
-0.0101004
-0.00715277
-0.00428208
-0.00144631
-0.0264382
-0.0319225
-0.0362167
-0.0392459
-0.0410013
-0.0415516
-0.0409616
-0.0393649
-0.0369339
-0.0339116
-0.0304863
-0.0268642
-0.0232085
-0.0196326
-0.0162532
-0.0130957
-0.0100528
-0.00712727
-0.00425865
-0.00142837
-0.0285847
-0.0337855
-0.0379351
-0.0408898
-0.0425666
-0.0429783
-0.0421808
-0.0403403
-0.0376484
-0.0343662
-0.0307199
-0.0269589
-0.0232201
-0.0195823
-0.0161575
-0.0129731
-0.00994734
-0.00706834
-0.00422827
-0.0014117
-0.0309903
-0.0361364
-0.0402237
-0.0430957
-0.0446508
-0.0448711
-0.0438019
-0.041637
-0.0386005
-0.0349785
-0.0310215
-0.0270364
-0.023172
-0.0194901
-0.0160515
-0.0128396
-0.00981003
-0.0069594
-0.00416018
-0.00138926
-0.0336157
-0.0389768
-0.043116
-0.0459159
-0.0473001
-0.0472516
-0.0458281
-0.0432511
-0.0397798
-0.0357416
-0.0314034
-0.0271065
-0.0230352
-0.0192898
-0.0158816
-0.012693
-0.00967264
-0.00682407
-0.00404392
-0.00134012
-0.0365581
-0.0423678
-0.0466833
-0.0494344
-0.0505964
-0.0501737
-0.0482755
-0.0451768
-0.0411663
-0.0366162
-0.0318328
-0.0271776
-0.0228418
-0.0189772
-0.015584
-0.0124633
-0.0095064
-0.00668096
-0.00390887
-0.0012679
-0.0399226
-0.0464142
-0.0510283
-0.0537524
-0.0546384
-0.0537226
-0.0511895
-0.0474087
-0.0427198
-0.0375359
-0.0322298
-0.0272031
-0.0226139
-0.0186098
-0.015174
-0.0120992
-0.0092345
-0.00647969
-0.00375956
-0.00119717
-0.0438847
-0.0512729
-0.0562951
-0.0589973
-0.0595339
-0.0580016
-0.0546586
-0.0499798
-0.0444039
-0.0384223
-0.032494
-0.0270818
-0.0223009
-0.018216
-0.0147252
-0.0116383
-0.00882682
-0.00615037
-0.00354357
-0.00112919
-0.0486526
-0.0571566
-0.0626696
-0.0653205
-0.0653929
-0.0630957
-0.0587742
-0.0529673
-0.0462279
-0.0392108
-0.0325261
-0.0266971
-0.0217902
-0.0177289
-0.0142511
-0.011144
-0.0083276
-0.00569397
-0.00322123
-0.00102686
-0.0545158
-0.0643599
-0.0703933
-0.0729007
-0.0723422
-0.0690767
-0.0635789
-0.0564199
-0.0482307
-0.0398928
-0.0322764
-0.0259752
-0.0209727
-0.0170173
-0.0136495
-0.0105908
-0.00776856
-0.00516233
-0.00282482
-0.000876207
-0.0618654
-0.0732946
-0.0797885
-0.0819451
-0.0805258
-0.0760379
-0.0690702
-0.0602616
-0.0503508
-0.0404698
-0.0317833
-0.0249524
-0.0198291
-0.0159748
-0.0127612
-0.00983674
-0.00708452
-0.0045591
-0.00240249
-0.000720087
-0.071246
-0.084538
-0.0913187
-0.0927509
-0.0901167
-0.0840879
-0.0752318
-0.0642931
-0.0523247
-0.040801
-0.031084
-0.0237615
-0.01848
-0.0146227
-0.0114979
-0.00872706
-0.00614158
-0.00380787
-0.00193193
-0.000591952
-0.0833726
-0.0988377
-0.105659
-0.105883
-0.101482
-0.0933431
-0.0819404
-0.068191
-0.0537449
-0.0405618
-0.0300513
-0.0224477
-0.0170563
-0.0130937
-0.00992626
-0.00724648
-0.00487642
-0.00284857
-0.00134706
-0.000436717
-0.0990641
-0.11699
-0.123677
-0.122394
-0.115572
-0.104182
-0.0889131
-0.071387
-0.0540944
-0.0393777
-0.0284171
-0.0208201
-0.0154502
-0.0113898
-0.00812798
-0.00550156
-0.00337448
-0.00174596
-0.000678792
-0.000194114
-0.119321
-0.139541
-0.146279
-0.143898
-0.134189
-0.117654
-0.0961173
-0.0732862
-0.0528003
-0.036888
-0.0258898
-0.0185429
-0.0133036
-0.00922738
-0.00596262
-0.00347731
-0.0016961
-0.000580247
-3.87564e-05
-8.82157e-06
-0.143813
-0.166212
-0.17402
-0.172203
-0.159403
-0.135057
-0.104157
-0.0740907
-0.0498482
-0.0329665
-0.0221727
-0.0151913
-0.0101442
-0.00616919
-0.00309751
-0.000939797
0.000322562
0.000784336
0.000680467
0.000243294
-0.173082
-0.194852
-0.206792
-0.208456
-0.191885
-0.156246
-0.113584
-0.0752807
-0.0468895
-0.0287416
-0.0177133
-0.0108228
-0.00589805
-0.00216045
0.000459595
0.00206006
0.0026119
0.00232572
0.00150278
0.000402396
-0.193035
-0.220086
-0.242651
-0.250033
-0.226356
-0.175881
-0.1216
-0.0764434
-0.0449044
-0.0251663
-0.0131013
-0.0056678
-0.00062761
0.00280032
0.00472697
0.0055689
0.00521784
0.00410632
0.00253148
0.000748345
-0.23304
-0.239003
-0.283598
-0.293519
-0.250637
-0.185835
-0.12387
-0.0757014
-0.0434238
-0.0215459
-0.0083643
0.0001676
0.00518207
0.00817232
0.00916296
0.00916121
0.00782423
0.00604422
0.00368609
0.00147773
-0.272532
-0.257637
-0.312874
-0.317834
-0.252826
-0.183897
-0.12092
-0.073539
-0.0429588
-0.0187503
-0.00576
0.00384646
0.00826254
0.01099
0.011181
0.0108321
0.00883239
0.00704706
0.00410698
0.00191292
-0.27673
-0.259736
-0.31698
-0.319507
-0.251011
-0.181852
-0.119032
-0.0722226
-0.0420699
-0.0178126
-0.0050514
0.00454343
0.0087778
0.0114102
0.0114723
0.0110602
0.00898051
0.0071869
0.00417226
0.00198271
-0.27799
-0.260859
-0.319701
-0.318896
-0.24804
-0.179022
-0.116513
-0.0704636
-0.0407255
-0.0166664
-0.00422703
0.00522977
0.00925286
0.0117684
0.011718
0.0112439
0.00911079
0.00730242
0.0042344
0.00204703
-0.278619
-0.261783
-0.321775
-0.318194
-0.245719
-0.176815
-0.114485
-0.0690082
-0.0395621
-0.0156525
-0.00348351
0.00585432
0.0096881
0.0120988
0.0119468
0.0114165
0.00923605
0.00741355
0.0042971
0.00211018
-0.279219
-0.262675
-0.323531
-0.317546
-0.24373
-0.174909
-0.112705
-0.0677066
-0.0385074
-0.0147163
-0.00279228
0.00644158
0.0100972
0.0124105
0.0121618
0.0115794
0.00935479
0.00752031
0.00435874
0.00217226
-0.279717
-0.263465
-0.324946
-0.316714
-0.241775
-0.173057
-0.110978
-0.0664356
-0.0374659
-0.0138053
-0.00212388
0.00700142
0.0104819
0.0127001
0.0123596
0.0117282
0.00946465
0.00761999
0.00441825
0.00223274
-0.280082
-0.264124
-0.325999
-0.315669
-0.239847
-0.171266
-0.109309
-0.0651965
-0.036433
-0.0129193
-0.00147781
0.00753123
0.0108399
0.0129648
0.0125381
0.011861
0.00956473
0.00771152
0.00447529
0.00229135
-0.280331
-0.264647
-0.326702
-0.314458
-0.23799
-0.169577
-0.107733
-0.064011
-0.0354245
-0.012068
-0.000859185
0.00802808
0.0111698
0.0132036
0.0126967
0.0119772
0.00965457
0.00779451
0.00452957
0.00234798
-0.280465
-0.265033
-0.327073
-0.313113
-0.236218
-0.168004
-0.106263
-0.0628881
-0.0344485
-0.0112553
-0.000270147
0.008491
0.0114712
0.013416
0.0128351
0.0120763
0.00973364
0.00786854
0.00458073
0.00240247
-0.280485
-0.265279
-0.327131
-0.311654
-0.234536
-0.166556
-0.104906
-0.0618324
-0.0335091
-0.0104826
0.000288779
0.00891985
0.011744
0.0136017
0.0129527
0.0121576
0.0098014
0.00793317
0.00462835
0.00245464
-0.280394
-0.265387
-0.326901
-0.310104
-0.232954
-0.165243
-0.103668
-0.0608487
-0.0326106
-0.00975083
0.000817337
0.00931486
0.0119884
0.0137604
0.0130493
0.0122208
0.00985741
0.00798807
0.00467204
0.00250432
-0.280201
-0.265363
-0.326415
-0.308496
-0.231489
-0.164077
-0.102559
-0.0599426
-0.0317575
-0.00906073
0.00131537
0.0096766
0.0122048
0.0138924
0.013125
0.0122656
0.00990135
0.00803298
0.00471145
0.00255132
-0.279923
-0.265221
-0.325716
-0.306871
-0.230162
-0.163072
-0.101587
-0.0591191
-0.0309546
-0.0084126
0.00178285
0.0100059
0.0123939
0.013998
0.0131798
0.0122921
0.00993299
0.00806776
0.00474623
0.00259547
-0.279582
-0.26498
-0.324859
-0.305279
-0.228998
-0.16224
-0.100759
-0.0583826
-0.0302063
-0.00780652
0.00221979
0.0103038
0.0125563
0.0140779
0.013214
0.0123005
0.00995229
0.00809242
0.00477613
0.00263659
-0.279204
-0.264662
-0.323905
-0.303777
-0.228022
-0.161592
-0.100081
-0.0577366
-0.0295169
-0.00724249
0.00262607
0.0105715
0.012693
0.0141329
0.0132282
0.0122913
0.00995931
0.00810706
0.00480092
0.0026745
-0.278818
-0.264294
-0.322921
-0.302425
-0.22726
-0.161138
-0.099558
-0.0571841
-0.0288906
-0.00672078
0.00300129
0.0108098
0.0128046
0.0141639
0.0132229
0.0122652
0.0099543
0.00811194
0.00482046
0.00270904
-0.278454
-0.263905
-0.321973
-0.301281
-0.226736
-0.160884
-0.0991941
-0.0567271
-0.0283316
-0.00624208
0.00334461
0.0110194
0.0128918
0.0141721
0.0131991
0.0122231
0.00993764
0.00810741
0.00483468
0.00274002
-0.27814
-0.26352
-0.321126
-0.300403
-0.22647
-0.160835
-0.0989905
-0.0563673
-0.027844
-0.00580777
0.00365466
0.0112006
0.0129551
0.0141584
0.0131576
0.012166
0.00990988
0.00809393
0.00484361
0.00276728
-0.2779
-0.263164
-0.320435
-0.299833
-0.226475
-0.160989
-0.0989469
-0.0561055
-0.0274317
-0.00542
0.00392952
0.0113531
0.0129947
0.0141241
0.0130992
0.0120952
0.00987164
0.00807203
0.00484733
0.00279065
-0.277751
-0.262854
-0.319938
-0.299605
-0.226758
-0.161345
-0.0990611
-0.0559423
-0.0270985
-0.00508176
0.00416675
0.0114763
0.0130107
0.01407
0.0130251
0.012012
0.00982364
0.00804231
0.00484598
0.00280995
)
;

boundaryField
{
    inlet
    {
        type            zeroGradient;
    }
    outlet
    {
        type            fixedValue;
        value           uniform 0;
    }
    cylinder
    {
        type            zeroGradient;
    }
    top
    {
        type            symmetryPlane;
    }
    bottom
    {
        type            symmetryPlane;
    }
    defaultFaces
    {
        type            empty;
    }
    procBoundary1to0
    {
        type            processor;
        value           nonuniform List<scalar> 
80
(
-0.449091
-0.435328
-0.42321
-0.409966
-0.394409
-0.376987
-0.358459
-0.339606
-0.321103
-0.303431
-0.28687
-0.27154
-0.257449
-0.244542
-0.232728
-0.221905
-0.211976
-0.202817
-0.194236
-0.18653
-0.449303
-0.435537
-0.423417
-0.410172
-0.394613
-0.377189
-0.358658
-0.339802
-0.321296
-0.303622
-0.287059
-0.271727
-0.257635
-0.244727
-0.232912
-0.222089
-0.212159
-0.203001
-0.19442
-0.186714
-0.146106
-0.0929387
-0.0684385
-0.056635
-0.0474116
-0.041924
-0.0375214
-0.0342699
-0.0316571
-0.0295902
-0.0279003
-0.0264904
-0.0252161
-0.0239976
-0.0225971
-0.0209838
-0.0184696
-0.015127
-0.00982835
-0.0039355
-0.00396853
-0.00986181
-0.0151614
-0.0185055
-0.0210219
-0.0226381
-0.0240425
-0.0252661
-0.0265471
-0.0279654
-0.0296659
-0.0317462
-0.0343758
-0.0376472
-0.0420716
-0.0475815
-0.0568317
-0.0686546
-0.0931868
-0.146292
)
;
    }
}


// ************************************************************************* //
