1.22 	3.45254e-18 	-6.98323e-18 	-0.0898001 	-0.00104369 	-1.0096e-21
1.66 	3.45254e-18 	-6.96118e-18 	-0.194659 	0.297061 	-4.66211e-23
2.1 	3.45254e-18 	-6.93894e-18 	-0.134326 	0.396098 	-2.81614e-21
2.54 	3.45254e-18 	-8.30431e-18 	0.224051 	-0.0403515 	-3.92696e-23
2.98 	3.45254e-18 	-8.28171e-18 	0.377973 	-0.433448 	2.55125e-21
3.42 	3.45254e-18 	-6.87115e-18 	0.215487 	-0.634319 	1.88758e-21
3.86 	3.45254e-18 	-6.84819e-18 	0.268226 	-0.499833 	3.45311e-22
4.3 	3.45254e-18 	-6.82504e-18 	0.514519 	-0.023811 	1.8021e-21
4.74 	3.45254e-18 	-5.41391e-18 	0.673089 	0.328755 	-1.34536e-21
5.18 	3.45254e-18 	-2.61482e-18 	0.654289 	0.540078 	-6.64233e-22
5.62 	3.45254e-18 	-1.2033e-18 	0.526556 	0.633729 	2.84508e-22
6.06 	3.45254e-18 	-1.17937e-18 	0.530704 	0.458538 	8.87998e-22
6.5 	3.45254e-18 	-1.15524e-18 	0.625631 	0.0617518 	-7.0747e-22
