1.275 	2.15223e-18 	-2.76991e-20 	0.0321055 	0.122546 	-4.53101e-22
1.825 	2.15223e-18 	-1.39322e-20 	-0.16974 	0.569909 	5.07248e-21
2.375 	2.15223e-18 	1.38775e-18 	0.233318 	0.410369 	-1.40781e-21
2.925 	2.15223e-18 	2.78958e-18 	0.754443 	-0.197126 	1.4233e-22
3.475 	2.15223e-18 	4.53849e-18 	0.923139 	-0.540589 	-7.97102e-22
4.025 	2.15223e-18 	6.28755e-18 	0.774399 	-0.610989 	7.11218e-23
4.575 	2.15223e-18 	6.30203e-18 	0.879185 	-0.39484 	1.11045e-21
5.125 	2.15223e-18 	6.31666e-18 	0.991557 	0.106214 	-1.89487e-21
5.675 	2.15223e-18 	6.33144e-18 	1.01166 	0.436814 	-3.71979e-22
6.225 	2.15223e-18 	4.61166e-18 	0.922997 	0.535755 	-5.65188e-22
