1.275 	2.15223e-18 	-2.76991e-20 	-0.133415 	0.000858872 	-2.5326e-22
1.825 	2.15223e-18 	-1.39322e-20 	-0.267477 	-0.0392759 	3.46001e-21
2.375 	2.15223e-18 	1.38775e-18 	-0.294585 	-0.0836555 	-1.55367e-21
2.925 	2.15223e-18 	2.78958e-18 	-0.426939 	-0.0334602 	1.39582e-22
3.475 	2.15223e-18 	4.53849e-18 	-0.368486 	0.0961111 	-1.28729e-21
4.025 	2.15223e-18 	6.28755e-18 	-0.353815 	0.172608 	-1.03751e-22
4.575 	2.15223e-18 	6.30203e-18 	-0.162029 	0.137985 	1.59925e-21
5.125 	2.15223e-18 	6.31666e-18 	-0.0595872 	0.0313202 	-1.2513e-21
5.675 	2.15223e-18 	6.33144e-18 	0.0981818 	-0.085681 	-1.85551e-22
6.225 	2.15223e-18 	4.61166e-18 	0.129807 	-0.148073 	-2.30009e-22
