1.275 	2.15223e-18 	-2.76991e-20 	-0.127249 	-0.0229286 	-2.62032e-22
1.825 	2.15223e-18 	-1.39322e-20 	-0.262327 	0.00551773 	3.52717e-21
2.375 	2.15223e-18 	1.38775e-18 	-0.259459 	0.156206 	-1.52638e-21
2.925 	2.15223e-18 	2.78958e-18 	-0.375454 	0.244123 	1.47297e-22
3.475 	2.15223e-18 	4.53849e-18 	-0.201225 	0.081259 	-1.5891e-21
4.025 	2.15223e-18 	6.28755e-18 	-0.0749782 	-0.18285 	-1.89641e-22
4.575 	2.15223e-18 	6.30203e-18 	-0.0282634 	-0.330851 	1.82859e-21
5.125 	2.15223e-18 	6.31666e-18 	-0.0890779 	-0.323082 	-1.26607e-21
5.675 	2.15223e-18 	6.33144e-18 	0.130021 	-0.15099 	-1.98575e-22
6.225 	2.15223e-18 	4.61166e-18 	0.287833 	0.0667197 	-4.23736e-22
