1.22 	3.45254e-18 	-6.98323e-18 	-0.122113 	-0.0190901 	-7.83379e-22
1.66 	3.45254e-18 	-6.96118e-18 	-0.239049 	-0.0524426 	-3.84519e-23
2.1 	3.45254e-18 	-6.93894e-18 	-0.26047 	-0.0508992 	-2.21535e-21
2.54 	3.45254e-18 	-8.30431e-18 	-0.322922 	0.0413833 	1.54602e-23
2.98 	3.45254e-18 	-8.28171e-18 	-0.334451 	0.176791 	2.26516e-21
3.42 	3.45254e-18 	-6.87115e-18 	-0.382873 	0.232186 	2.57993e-21
3.86 	3.45254e-18 	-6.84819e-18 	-0.280462 	0.143822 	5.67861e-22
4.3 	3.45254e-18 	-6.82504e-18 	-0.177585 	-0.0210182 	2.2702e-21
4.74 	3.45254e-18 	-5.41391e-18 	-0.0702231 	-0.152448 	-1.2182e-21
5.18 	3.45254e-18 	-2.61482e-18 	-0.0475496 	-0.217563 	-5.04899e-22
5.62 	3.45254e-18 	-1.2033e-18 	-0.0147386 	-0.222525 	1.76833e-22
6.06 	3.45254e-18 	-1.17937e-18 	0.0324517 	-0.1729 	3.44003e-22
6.5 	3.45254e-18 	-1.15524e-18 	0.137331 	-0.0829885 	-1.36895e-22
