1.275 	2.15223e-18 	-2.76991e-20 	-0.138559 	0.00115025 	-2.54185e-22
1.825 	2.15223e-18 	-1.39322e-20 	-0.264373 	-0.012863 	3.43126e-21
2.375 	2.15223e-18 	1.38775e-18 	-0.331947 	-0.0145968 	-1.61755e-21
2.925 	2.15223e-18 	2.78958e-18 	-0.460288 	0.0151164 	1.75009e-22
3.475 	2.15223e-18 	4.53849e-18 	-0.385335 	0.0454371 	-1.20565e-21
4.025 	2.15223e-18 	6.28755e-18 	-0.339677 	0.0410735 	-1.01759e-22
4.575 	2.15223e-18 	6.30203e-18 	-0.165481 	0.0137309 	1.42064e-21
5.125 	2.15223e-18 	6.31666e-18 	-0.100511 	-0.0195411 	-9.63689e-22
5.675 	2.15223e-18 	6.33144e-18 	0.0205719 	-0.0488999 	-1.12781e-22
6.225 	2.15223e-18 	4.61166e-18 	0.089816 	-0.053849 	-1.14958e-22
