1.22 	3.45254e-18 	-6.98323e-18 	-0.123258 	0.00513223 	-4.17654e-22
1.66 	3.45254e-18 	-6.96118e-18 	-0.241297 	0.0130486 	-2.08398e-23
2.1 	3.45254e-18 	-6.93894e-18 	-0.262952 	0.0312587 	-1.18356e-21
2.54 	3.45254e-18 	-8.30431e-18 	-0.334263 	0.0363525 	7.52035e-24
2.98 	3.45254e-18 	-8.28171e-18 	-0.3705 	0.00900536 	1.30591e-21
3.42 	3.45254e-18 	-6.87115e-18 	-0.418812 	-0.0430357 	1.43391e-21
3.86 	3.45254e-18 	-6.84819e-18 	-0.35888 	-0.0759975 	2.85403e-22
4.3 	3.45254e-18 	-6.82504e-18 	-0.316864 	-0.0679309 	1.01826e-21
4.74 	3.45254e-18 	-5.41391e-18 	-0.207395 	-0.0363023 	-5.19212e-22
5.18 	3.45254e-18 	-2.61482e-18 	-0.13332 	0.00303977 	-2.15116e-22
5.62 	3.45254e-18 	-1.2033e-18 	-0.0347072 	0.0328976 	7.39038e-23
6.06 	3.45254e-18 	-1.17937e-18 	0.0372416 	0.0492514 	1.25332e-22
6.5 	3.45254e-18 	-1.15524e-18 	0.117274 	0.0531782 	-2.1637e-23
