1.275 	2.15223e-18 	-2.76991e-20 	-0.151722 	0.00700557 	-2.8166e-22
1.825 	2.15223e-18 	-1.39322e-20 	-0.362378 	0.00697562 	4.21626e-21
2.375 	2.15223e-18 	1.38775e-18 	-0.459154 	0.00194755 	-2.11894e-21
2.925 	2.15223e-18 	2.78958e-18 	-0.478284 	-0.00677049 	1.81918e-22
3.475 	2.15223e-18 	4.53849e-18 	-0.258233 	-0.00837905 	-7.23518e-22
4.025 	2.15223e-18 	6.28755e-18 	-0.200632 	-0.00537249 	-3.33205e-23
4.575 	2.15223e-18 	6.30203e-18 	-0.0184109 	-0.00397045 	6.32687e-22
5.125 	2.15223e-18 	6.31666e-18 	0.0820995 	-0.00195734 	-1.67782e-22
5.675 	2.15223e-18 	6.33144e-18 	0.217666 	-0.00177173 	2.14017e-23
6.225 	2.15223e-18 	4.61166e-18 	0.320042 	-0.00167175 	1.32189e-22
