1.22 	3.45254e-18 	-6.98323e-18 	-0.350798 	0.00941659 	-6.31972e-22
1.66 	3.45254e-18 	-6.96118e-18 	-0.598687 	0.000859918 	-5.24236e-23
2.1 	3.45254e-18 	-6.93894e-18 	-0.414289 	-0.00534537 	-1.3919e-21
2.54 	3.45254e-18 	-8.30431e-18 	-0.305051 	-0.00672454 	-6.40043e-24
2.98 	3.45254e-18 	-8.28171e-18 	-0.0240436 	-0.00753563 	1.79343e-22
3.42 	3.45254e-18 	-6.87115e-18 	0.152274 	-0.00633025 	-1.74596e-22
3.86 	3.45254e-18 	-6.84819e-18 	0.35094 	-0.00559291 	-6.41774e-23
4.3 	3.45254e-18 	-6.82504e-18 	0.486339 	-0.00424046 	-3.53123e-22
4.74 	3.45254e-18 	-5.41391e-18 	0.594467 	-0.00327632 	2.11553e-22
5.18 	3.45254e-18 	-2.61482e-18 	0.672052 	-0.00257898 	1.1548e-22
5.62 	3.45254e-18 	-1.2033e-18 	0.735403 	-0.00213567 	-4.93361e-23
6.06 	3.45254e-18 	-1.17937e-18 	0.787401 	-0.00178544 	-1.29789e-22
6.5 	3.45254e-18 	-1.15524e-18 	0.831447 	-0.00148662 	6.25705e-23
