1.275 	2.15223e-18 	-2.76991e-20 	-0.143573 	0.00333178 	-2.60708e-22
1.825 	2.15223e-18 	-1.39322e-20 	-0.267584 	-0.00262327 	3.52235e-21
2.375 	2.15223e-18 	1.38775e-18 	-0.381995 	-0.0026416 	-1.77144e-21
2.925 	2.15223e-18 	2.78958e-18 	-0.472446 	0.00626741 	1.8676e-22
3.475 	2.15223e-18 	4.53849e-18 	-0.354697 	0.0145167 	-1.07501e-21
4.025 	2.15223e-18 	6.28755e-18 	-0.3009 	0.0109923 	-8.8377e-23
4.575 	2.15223e-18 	6.30203e-18 	-0.143698 	0.00020462 	1.23891e-21
5.125 	2.15223e-18 	6.31666e-18 	-0.0682199 	-0.0105879 	-7.86843e-22
5.675 	2.15223e-18 	6.33144e-18 	0.0495638 	-0.0187641 	-8.08959e-23
6.225 	2.15223e-18 	4.61166e-18 	0.134043 	-0.0192478 	-6.34884e-23
