1.22 	3.45254e-18 	-6.98323e-18 	-0.125507 	-0.00107822 	-7.88046e-22
1.66 	3.45254e-18 	-6.96118e-18 	-0.250367 	-0.00245716 	-4.01348e-23
2.1 	3.45254e-18 	-6.93894e-18 	-0.268387 	0.0126207 	-2.22366e-21
2.54 	3.45254e-18 	-8.30431e-18 	-0.373155 	0.0388521 	1.66032e-23
2.98 	3.45254e-18 	-8.28171e-18 	-0.424469 	0.0487574 	2.60035e-21
3.42 	3.45254e-18 	-6.87115e-18 	-0.444056 	0.0198701 	2.70226e-21
3.86 	3.45254e-18 	-6.84819e-18 	-0.333211 	-0.0198276 	5.01113e-22
4.3 	3.45254e-18 	-6.82504e-18 	-0.276546 	-0.0454143 	1.67759e-21
4.74 	3.45254e-18 	-5.41391e-18 	-0.157383 	-0.0561024 	-7.84114e-22
5.18 	3.45254e-18 	-2.61482e-18 	-0.0807349 	-0.0474492 	-2.75348e-22
5.62 	3.45254e-18 	-1.2033e-18 	0.0251766 	-0.028904 	7.97108e-23
6.06 	3.45254e-18 	-1.17937e-18 	0.105197 	-0.00866364 	7.39806e-23
6.5 	3.45254e-18 	-1.15524e-18 	0.192538 	0.00936742 	3.39581e-23
