1.22 	3.45254e-18 	-6.98323e-18 	-0.149906 	0.00476847 	-4.64769e-22
1.66 	3.45254e-18 	-6.96118e-18 	-0.277069 	0.00468622 	-1.9326e-23
2.1 	3.45254e-18 	-6.93894e-18 	-0.354035 	0.00773907 	-1.40025e-21
2.54 	3.45254e-18 	-8.30431e-18 	-0.502331 	0.00569552 	-2.40387e-23
2.98 	3.45254e-18 	-8.28171e-18 	-0.455195 	-0.0010903 	1.41761e-21
3.42 	3.45254e-18 	-6.87115e-18 	-0.414833 	-0.00717247 	1.25431e-21
3.86 	3.45254e-18 	-6.84819e-18 	-0.2469 	-0.0097197 	1.96954e-22
4.3 	3.45254e-18 	-6.82504e-18 	-0.160527 	-0.008697 	5.10788e-22
4.74 	3.45254e-18 	-5.41391e-18 	-0.0174871 	-0.00708952 	-1.78696e-22
5.18 	3.45254e-18 	-2.61482e-18 	0.0817374 	-0.00440031 	-1.44497e-23
5.62 	3.45254e-18 	-1.2033e-18 	0.193097 	-0.0022639 	-1.14155e-23
6.06 	3.45254e-18 	-1.17937e-18 	0.277165 	-0.00066392 	-9.02818e-23
6.5 	3.45254e-18 	-1.15524e-18 	0.358834 	0.000212258 	7.13559e-23
