1.275 	2.15223e-18 	-2.76991e-20 	-0.115308 	0.0536092 	-2.83264e-22
1.825 	2.15223e-18 	-1.39322e-20 	-0.252918 	-0.0254823 	3.93491e-21
2.375 	2.15223e-18 	1.38775e-18 	-0.222237 	-0.271291 	-1.68466e-21
2.925 	2.15223e-18 	2.78958e-18 	-0.315085 	-0.318289 	6.43251e-23
3.475 	2.15223e-18 	4.53849e-18 	0.00884433 	-0.0140026 	-1.53282e-21
4.025 	2.15223e-18 	6.28755e-18 	0.0958668 	0.320447 	-1.69357e-22
4.575 	2.15223e-18 	6.30203e-18 	0.0409294 	0.487016 	1.9267e-21
5.125 	2.15223e-18 	6.31666e-18 	0.0427022 	0.379377 	-1.54099e-21
5.675 	2.15223e-18 	6.33144e-18 	0.372499 	0.0492005 	-3.59973e-22
6.225 	2.15223e-18 	4.61166e-18 	0.497113 	-0.210183 	-7.23741e-22
