1.22 	3.45254e-18 	-6.98323e-18 	-0.133679 	0.00478499 	-4.43358e-22
1.66 	3.45254e-18 	-6.96118e-18 	-0.259585 	0.00197373 	-2.14796e-23
2.1 	3.45254e-18 	-6.93894e-18 	-0.291317 	-0.0017557 	-1.27162e-21
2.54 	3.45254e-18 	-8.30431e-18 	-0.435406 	-0.00563077 	-3.62874e-24
2.98 	3.45254e-18 	-8.28171e-18 	-0.457987 	-0.00581852 	1.46433e-21
3.42 	3.45254e-18 	-6.87115e-18 	-0.451326 	-0.00054739 	1.40485e-21
3.86 	3.45254e-18 	-6.84819e-18 	-0.307073 	0.00489036 	2.40568e-22
4.3 	3.45254e-18 	-6.82504e-18 	-0.238001 	0.00672703 	7.34751e-22
4.74 	3.45254e-18 	-5.41391e-18 	-0.101298 	0.00500584 	-3.13388e-22
5.18 	3.45254e-18 	-2.61482e-18 	-0.011843 	0.00156456 	-8.49674e-23
5.62 	3.45254e-18 	-1.2033e-18 	0.0996674 	-0.0026027 	1.62249e-23
6.06 	3.45254e-18 	-1.17937e-18 	0.182062 	-0.00558447 	-2.7805e-23
6.5 	3.45254e-18 	-1.15524e-18 	0.266636 	-0.00750386 	4.69882e-23
