1.22 	3.45254e-18 	-6.98323e-18 	0.11638 	0.136201 	-1.52426e-21
1.66 	3.45254e-18 	-6.96118e-18 	0.0945865 	0.651564 	-1.25784e-22
2.1 	3.45254e-18 	-6.93894e-18 	0.0292914 	0.6011 	-2.01982e-21
2.54 	3.45254e-18 	-8.30431e-18 	0.619933 	-0.0168851 	2.41786e-23
2.98 	3.45254e-18 	-8.28171e-18 	0.85725 	-0.462105 	2.00006e-21
3.42 	3.45254e-18 	-6.87115e-18 	0.832932 	-0.627321 	1.3155e-21
3.86 	3.45254e-18 	-6.84819e-18 	0.767517 	-0.644568 	2.29381e-22
4.3 	3.45254e-18 	-6.82504e-18 	0.872469 	-0.318449 	1.04417e-21
4.74 	3.45254e-18 	-5.41391e-18 	0.979322 	0.113371 	-1.13099e-21
5.18 	3.45254e-18 	-2.61482e-18 	1.04599 	0.329642 	-6.57664e-22
5.62 	3.45254e-18 	-1.2033e-18 	0.973276 	0.554349 	2.79228e-22
6.06 	3.45254e-18 	-1.17937e-18 	0.946391 	0.556556 	5.57554e-22
6.5 	3.45254e-18 	-1.15524e-18 	0.982827 	0.326287 	-4.10787e-22
