1.22 	3.45254e-18 	-6.98323e-18 	-0.244208 	0.0087493 	-5.27106e-22
1.66 	3.45254e-18 	-6.96118e-18 	-0.514872 	0.00518279 	-3.16644e-23
2.1 	3.45254e-18 	-6.93894e-18 	-0.513214 	-0.00118038 	-1.7152e-21
2.54 	3.45254e-18 	-8.30431e-18 	-0.485159 	-0.00653875 	-3.29586e-23
2.98 	3.45254e-18 	-8.28171e-18 	-0.21786 	-0.00792256 	6.22371e-22
3.42 	3.45254e-18 	-6.87115e-18 	-0.0875396 	-0.00635029 	2.49843e-22
3.86 	3.45254e-18 	-6.84819e-18 	0.127582 	-0.00601346 	-6.84858e-24
4.3 	3.45254e-18 	-6.82504e-18 	0.274362 	-0.0046218 	-2.7025e-22
4.74 	3.45254e-18 	-5.41391e-18 	0.417889 	-0.00371358 	2.06418e-22
5.18 	3.45254e-18 	-2.61482e-18 	0.519946 	-0.00279311 	1.34253e-22
5.62 	3.45254e-18 	-1.2033e-18 	0.603139 	-0.00222757 	-6.07205e-23
6.06 	3.45254e-18 	-1.17937e-18 	0.666922 	-0.00184896 	-1.71182e-22
6.5 	3.45254e-18 	-1.15524e-18 	0.71977 	-0.00160053 	8.5888e-23
