1.275 	2.15223e-18 	-2.76991e-20 	-0.0818975 	0.100365 	-3.50169e-22
1.825 	2.15223e-18 	-1.39322e-20 	-0.258103 	0.431118 	4.65493e-21
2.375 	2.15223e-18 	1.38775e-18 	0.166663 	0.217264 	-1.87305e-21
2.925 	2.15223e-18 	2.78958e-18 	0.510099 	-0.258535 	4.07483e-22
3.475 	2.15223e-18 	4.53849e-18 	0.556668 	-0.585549 	-8.16717e-22
4.025 	2.15223e-18 	6.28755e-18 	0.333564 	-0.564493 	1.0334e-22
4.575 	2.15223e-18 	6.30203e-18 	0.714447 	-0.0821643 	1.58182e-21
5.125 	2.15223e-18 	6.31666e-18 	0.870079 	0.365419 	-1.98306e-21
5.675 	2.15223e-18 	6.33144e-18 	0.730601 	0.629415 	-2.8606e-22
6.225 	2.15223e-18 	4.61166e-18 	0.723376 	0.490789 	-3.87039e-22
