1.22 	3.45254e-18 	-6.98323e-18 	0.804879 	-0.00538054 	7.10076e-23
1.66 	3.45254e-18 	-6.96118e-18 	0.894366 	-0.00227291 	2.9142e-24
2.1 	3.45254e-18 	-6.93894e-18 	0.932857 	-0.00119051 	3.45125e-23
2.54 	3.45254e-18 	-8.30431e-18 	0.956054 	-0.000659791 	-2.07636e-24
2.98 	3.45254e-18 	-8.28171e-18 	0.96922 	-0.000402633 	1.56138e-23
3.42 	3.45254e-18 	-6.87115e-18 	0.977606 	-0.000256898 	2.06798e-23
3.86 	3.45254e-18 	-6.84819e-18 	0.98322 	-0.000177256 	4.93574e-24
4.3 	3.45254e-18 	-6.82504e-18 	0.987126 	-0.000122857 	2.18446e-23
4.74 	3.45254e-18 	-5.41391e-18 	0.989954 	-9.01205e-05 	-1.42678e-23
5.18 	3.45254e-18 	-2.61482e-18 	0.992045 	-6.87765e-05 	-8.02462e-24
5.62 	3.45254e-18 	-1.2033e-18 	0.993625 	-4.58111e-05 	3.69009e-24
6.06 	3.45254e-18 	-1.17937e-18 	0.994845 	-4.50119e-05 	1.07279e-23
6.5 	3.45254e-18 	-1.15524e-18 	0.9958 	-2.49633e-05 	-5.67055e-24
