1.22 	3.45254e-18 	-6.98323e-18 	-0.124068 	0.00194782 	-4.23391e-22
1.66 	3.45254e-18 	-6.96118e-18 	-0.247545 	-0.00474564 	-2.1609e-23
2.1 	3.45254e-18 	-6.93894e-18 	-0.266424 	-0.0121189 	-1.19766e-21
2.54 	3.45254e-18 	-8.30431e-18 	-0.356809 	-0.00861015 	1.04036e-23
2.98 	3.45254e-18 	-8.28171e-18 	-0.410381 	0.00927486 	1.36232e-21
3.42 	3.45254e-18 	-6.87115e-18 	-0.445971 	0.0280298 	1.44738e-21
3.86 	3.45254e-18 	-6.84819e-18 	-0.352452 	0.0311743 	2.76403e-22
4.3 	3.45254e-18 	-6.82504e-18 	-0.297545 	0.0186817 	9.57867e-22
4.74 	3.45254e-18 	-5.41391e-18 	-0.177109 	0.000772999 	-4.66865e-22
5.18 	3.45254e-18 	-2.61482e-18 	-0.0988285 	-0.0157336 	-1.76792e-22
5.62 	3.45254e-18 	-1.2033e-18 	0.00467493 	-0.0257823 	5.4533e-23
6.06 	3.45254e-18 	-1.17937e-18 	0.080763 	-0.0281137 	6.9525e-23
6.5 	3.45254e-18 	-1.15524e-18 	0.16488 	-0.0255242 	7.1132e-24
