1.22 	3.45254e-18 	-6.98323e-18 	0.119037 	0.0969466 	-8.48089e-22
1.66 	3.45254e-18 	-6.96118e-18 	0.17901 	0.629173 	-6.9867e-23
2.1 	3.45254e-18 	-6.93894e-18 	-0.029722 	0.650576 	-1.12528e-21
2.54 	3.45254e-18 	-8.30431e-18 	0.590835 	0.046107 	2.69383e-23
2.98 	3.45254e-18 	-8.28171e-18 	0.858818 	-0.423235 	1.10925e-21
3.42 	3.45254e-18 	-6.87115e-18 	0.863227 	-0.623688 	8.09023e-22
3.86 	3.45254e-18 	-6.84819e-18 	0.776333 	-0.685918 	1.35677e-22
4.3 	3.45254e-18 	-6.82504e-18 	0.869183 	-0.334313 	5.86456e-22
4.74 	3.45254e-18 	-5.41391e-18 	0.988582 	0.068627 	-6.25774e-22
5.18 	3.45254e-18 	-2.61482e-18 	1.06734 	0.330937 	-4.00341e-22
5.62 	3.45254e-18 	-1.2033e-18 	0.984717 	0.581276 	1.63976e-22
6.06 	3.45254e-18 	-1.17937e-18 	0.95275 	0.546738 	3.32567e-22
6.5 	3.45254e-18 	-1.15524e-18 	1.00229 	0.373044 	-2.48006e-22
