1.275 	2.15223e-18 	-2.76991e-20 	-0.409573 	0.00688967 	-3.77896e-22
1.825 	2.15223e-18 	-1.39322e-20 	-0.435929 	-0.00565046 	3.94139e-21
2.375 	2.15223e-18 	1.38775e-18 	-0.0980284 	-0.00947431 	-1.11197e-21
2.925 	2.15223e-18 	2.78958e-18 	0.0908983 	-0.00785199 	-1.03455e-22
3.475 	2.15223e-18 	4.53849e-18 	0.336249 	-0.00748719 	2.9778e-22
4.025 	2.15223e-18 	6.28755e-18 	0.511404 	-0.00571412 	7.40568e-23
4.575 	2.15223e-18 	6.30203e-18 	0.651813 	-0.00421045 	-5.39924e-22
5.125 	2.15223e-18 	6.31666e-18 	0.748872 	-0.00304003 	4.66595e-22
5.675 	2.15223e-18 	6.33144e-18 	0.822977 	-0.00226366 	7.77874e-23
6.225 	2.15223e-18 	4.61166e-18 	0.878999 	-0.0016512 	1.50223e-22
