1.22 	3.45254e-18 	-6.98323e-18 	-0.0861691 	-0.539121 	-1.34e-21
1.66 	3.45254e-18 	-6.96118e-18 	0.168923 	-0.224643 	-5.05116e-23
2.1 	3.45254e-18 	-6.93894e-18 	0.664603 	0.385822 	-3.41614e-21
2.54 	3.45254e-18 	-8.30431e-18 	0.712668 	0.632505 	8.37418e-24
2.98 	3.45254e-18 	-8.28171e-18 	0.56572 	0.69788 	1.03988e-21
3.42 	3.45254e-18 	-6.87115e-18 	0.69129 	0.301811 	1.00901e-21
3.86 	3.45254e-18 	-6.84819e-18 	0.922777 	-0.151488 	3.6905e-22
4.3 	3.45254e-18 	-6.82504e-18 	1.00835 	-0.461781 	1.74982e-21
4.74 	3.45254e-18 	-5.41391e-18 	0.918542 	-0.594354 	-8.18228e-22
5.18 	3.45254e-18 	-2.61482e-18 	0.898131 	-0.542221 	-4.04288e-22
5.62 	3.45254e-18 	-1.2033e-18 	0.972631 	-0.310804 	2.37182e-22
6.06 	3.45254e-18 	-1.17937e-18 	1.03847 	0.0700793 	1.04115e-21
6.5 	3.45254e-18 	-1.15524e-18 	1.04263 	0.263272 	-5.80231e-22
