1.22 	3.45254e-18 	-6.98323e-18 	-0.165523 	0.00563983 	-4.79296e-22
1.66 	3.45254e-18 	-6.96118e-18 	-0.304933 	0.00442009 	-1.73707e-23
2.1 	3.45254e-18 	-6.93894e-18 	-0.420403 	0.00272557 	-1.53549e-21
2.54 	3.45254e-18 	-8.30431e-18 	-0.538001 	-0.00291858 	-3.6387e-23
2.98 	3.45254e-18 	-8.28171e-18 	-0.429289 	-0.00541787 	1.29434e-21
3.42 	3.45254e-18 	-6.87115e-18 	-0.366435 	-0.00420479 	1.07803e-21
3.86 	3.45254e-18 	-6.84819e-18 	-0.188405 	-0.00307351 	1.55535e-22
4.3 	3.45254e-18 	-6.82504e-18 	-0.0847444 	-0.00177499 	3.23186e-22
4.74 	3.45254e-18 	-5.41391e-18 	0.0629283 	-0.00193514 	-7.01143e-23
5.18 	3.45254e-18 	-2.61482e-18 	0.170972 	-0.00211603 	3.66674e-23
5.62 	3.45254e-18 	-1.2033e-18 	0.281101 	-0.00259413 	-3.07719e-23
6.06 	3.45254e-18 	-1.17937e-18 	0.366118 	-0.00288413 	-1.30885e-22
6.5 	3.45254e-18 	-1.15524e-18 	0.443472 	-0.00305251 	8.60293e-23
