1.22 	3.45254e-18 	-6.98323e-18 	0.123986 	-0.2685 	-1.52711e-21
1.66 	3.45254e-18 	-6.96118e-18 	-0.113875 	-0.687103 	-1.21831e-22
2.1 	3.45254e-18 	-6.93894e-18 	0.270715 	-0.433583 	-1.92039e-21
2.54 	3.45254e-18 	-8.30431e-18 	0.687549 	0.221399 	-2.40666e-23
2.98 	3.45254e-18 	-8.28171e-18 	0.839037 	0.556683 	1.84671e-21
3.42 	3.45254e-18 	-6.87115e-18 	0.749419 	0.669454 	1.10892e-21
3.86 	3.45254e-18 	-6.84819e-18 	0.761954 	0.542445 	2.04014e-22
4.3 	3.45254e-18 	-6.82504e-18 	0.911864 	0.112707 	1.29493e-21
4.74 	3.45254e-18 	-5.41391e-18 	1.01204 	-0.258221 	-1.15078e-21
5.18 	3.45254e-18 	-2.61482e-18 	1.03313 	-0.431174 	-5.93509e-22
5.62 	3.45254e-18 	-1.2033e-18 	0.938477 	-0.604731 	2.47423e-22
6.06 	3.45254e-18 	-1.17937e-18 	0.959658 	-0.480081 	5.50033e-22
6.5 	3.45254e-18 	-1.15524e-18 	1.0047 	-0.200917 	-5.1147e-22
