1.22 	3.45254e-18 	-6.98323e-18 	-0.0599571 	0.344764 	-1.14116e-21
1.66 	3.45254e-18 	-6.96118e-18 	-0.0296224 	0.238859 	-5.21768e-23
2.1 	3.45254e-18 	-6.93894e-18 	0.388508 	-0.290068 	-3.50159e-21
2.54 	3.45254e-18 	-8.30431e-18 	0.29251 	-0.625095 	4.68715e-24
2.98 	3.45254e-18 	-8.28171e-18 	0.166731 	-0.612939 	1.3747e-21
3.42 	3.45254e-18 	-6.87115e-18 	0.536612 	-0.0962726 	1.43099e-21
3.86 	3.45254e-18 	-6.84819e-18 	0.75955 	0.34122 	4.42547e-22
4.3 	3.45254e-18 	-6.82504e-18 	0.724109 	0.591887 	1.46459e-21
4.74 	3.45254e-18 	-5.41391e-18 	0.639019 	0.626723 	-6.78984e-22
5.18 	3.45254e-18 	-2.61482e-18 	0.726072 	0.303212 	-4.23768e-22
5.62 	3.45254e-18 	-1.2033e-18 	0.856775 	-0.0642942 	2.92637e-22
6.06 	3.45254e-18 	-1.17937e-18 	0.910013 	-0.347271 	9.93934e-22
6.5 	3.45254e-18 	-1.15524e-18 	0.835663 	-0.518138 	-4.3085e-22
