1.275 	2.15223e-18 	-2.76991e-20 	-0.0661484 	-0.359965 	-4.19741e-22
1.825 	2.15223e-18 	-1.39322e-20 	-0.439964 	-0.460082 	4.75968e-21
2.375 	2.15223e-18 	1.38775e-18 	0.517515 	-0.0110388 	-1.7386e-21
2.925 	2.15223e-18 	2.78958e-18 	0.810338 	0.425922 	2.17403e-22
3.475 	2.15223e-18 	4.53849e-18 	0.734638 	0.638521 	-3.61019e-22
4.025 	2.15223e-18 	6.28755e-18 	0.669481 	0.447352 	9.28016e-23
4.575 	2.15223e-18 	6.30203e-18 	0.915137 	0.0657842 	1.3388e-21
5.125 	2.15223e-18 	6.31666e-18 	1.02247 	-0.335602 	-1.73608e-21
5.675 	2.15223e-18 	6.33144e-18 	0.964798 	-0.567907 	-2.47211e-22
6.225 	2.15223e-18 	4.61166e-18 	0.915057 	-0.44708 	-3.6623e-22
