1.22 	3.45254e-18 	-6.98323e-18 	-0.121662 	0.0184181 	-4.20544e-22
1.66 	3.45254e-18 	-6.96118e-18 	-0.234029 	0.0513115 	-2.01497e-23
2.1 	3.45254e-18 	-6.93894e-18 	-0.252755 	0.0859627 	-1.20671e-21
2.54 	3.45254e-18 	-8.30431e-18 	-0.319432 	0.0402664 	-4.36369e-24
2.98 	3.45254e-18 	-8.28171e-18 	-0.309208 	-0.0917954 	1.27415e-21
3.42 	3.45254e-18 	-6.87115e-18 	-0.359587 	-0.217757 	1.352e-21
3.86 	3.45254e-18 	-6.84819e-18 	-0.327846 	-0.232819 	2.83264e-22
4.3 	3.45254e-18 	-6.82504e-18 	-0.256527 	-0.115402 	1.125e-21
4.74 	3.45254e-18 	-5.41391e-18 	-0.118599 	0.0345409 	-6.534e-22
5.18 	3.45254e-18 	-2.61482e-18 	-0.0540929 	0.146221 	-3.02932e-22
5.62 	3.45254e-18 	-1.2033e-18 	-0.00294179 	0.207023 	1.135e-22
6.06 	3.45254e-18 	-1.17937e-18 	0.0185347 	0.214024 	2.35292e-22
6.5 	3.45254e-18 	-1.15524e-18 	0.0859155 	0.162481 	-9.63885e-23
