1.22 	3.45254e-18 	-6.98323e-18 	0.0265507 	0.526724 	-1.2453e-21
1.66 	3.45254e-18 	-6.96118e-18 	-0.176819 	0.501318 	-6.85867e-23
2.1 	3.45254e-18 	-6.93894e-18 	0.564602 	-0.12779 	-3.01102e-21
2.54 	3.45254e-18 	-8.30431e-18 	0.784553 	-0.49941 	-3.3431e-23
2.98 	3.45254e-18 	-8.28171e-18 	0.741935 	-0.687626 	1.36735e-21
3.42 	3.45254e-18 	-6.87115e-18 	0.677198 	-0.592471 	8.7878e-22
3.86 	3.45254e-18 	-6.84819e-18 	0.825415 	-0.192533 	2.71172e-22
4.3 	3.45254e-18 	-6.82504e-18 	0.990651 	0.235336 	1.82982e-21
4.74 	3.45254e-18 	-5.41391e-18 	0.997316 	0.476387 	-1.07238e-21
5.18 	3.45254e-18 	-2.61482e-18 	0.927794 	0.574692 	-4.69969e-22
5.62 	3.45254e-18 	-1.2033e-18 	0.92982 	0.540302 	2.07582e-22
6.06 	3.45254e-18 	-1.17937e-18 	1.00771 	0.193748 	7.49142e-22
6.5 	3.45254e-18 	-1.15524e-18 	1.03884 	-0.0666579 	-5.79589e-22
