1.22 	3.45254e-18 	-6.98323e-18 	-0.313064 	0.00885438 	-1.09038e-21
1.66 	3.45254e-18 	-6.96118e-18 	-0.582799 	0.00128197 	-8.41878e-23
2.1 	3.45254e-18 	-6.93894e-18 	-0.457536 	-0.00477997 	-2.82234e-21
2.54 	3.45254e-18 	-8.30431e-18 	-0.377469 	-0.00627502 	-2.75082e-23
2.98 	3.45254e-18 	-8.28171e-18 	-0.0952874 	-0.00665971 	5.9845e-22
3.42 	3.45254e-18 	-6.87115e-18 	0.0679613 	-0.005363 	-1.08682e-22
3.86 	3.45254e-18 	-6.84819e-18 	0.276374 	-0.00509669 	-9.40363e-23
4.3 	3.45254e-18 	-6.82504e-18 	0.419498 	-0.0040963 	-6.44494e-22
4.74 	3.45254e-18 	-5.41391e-18 	0.540031 	-0.00336778 	4.03709e-22
5.18 	3.45254e-18 	-2.61482e-18 	0.624389 	-0.00274708 	2.28159e-22
5.62 	3.45254e-18 	-1.2033e-18 	0.69195 	-0.00236118 	-9.83929e-23
6.06 	3.45254e-18 	-1.17937e-18 	0.745912 	-0.00204115 	-2.6219e-22
6.5 	3.45254e-18 	-1.15524e-18 	0.791339 	-0.00174585 	1.26569e-22
