1.275 	2.15223e-18 	-2.76991e-20 	-0.108908 	0.438263 	-4.03789e-22
1.825 	2.15223e-18 	-1.39322e-20 	-0.0746104 	0.274086 	4.97561e-21
2.375 	2.15223e-18 	1.38775e-18 	0.656084 	-0.239898 	-2.42549e-21
2.925 	2.15223e-18 	2.78958e-18 	0.811634 	-0.532364 	7.87592e-23
3.475 	2.15223e-18 	4.53849e-18 	0.628969 	-0.626703 	-1.7454e-22
4.025 	2.15223e-18 	6.28755e-18 	0.713498 	-0.276583 	8.48352e-24
4.575 	2.15223e-18 	6.30203e-18 	0.97655 	0.129655 	1.65968e-21
5.125 	2.15223e-18 	6.31666e-18 	0.975298 	0.500293 	-1.63456e-21
5.675 	2.15223e-18 	6.33144e-18 	0.91513 	0.576691 	-1.45013e-22
6.225 	2.15223e-18 	4.61166e-18 	0.937169 	0.342707 	-3.70121e-22
