1.275 	2.15223e-18 	-2.76991e-20 	-0.00217569 	0.329616 	-4.20401e-22
1.825 	2.15223e-18 	-1.39322e-20 	-0.451663 	0.521923 	4.79078e-21
2.375 	2.15223e-18 	1.38775e-18 	0.481127 	0.0964386 	-1.71246e-21
2.925 	2.15223e-18 	2.78958e-18 	0.833474 	-0.369356 	1.88863e-22
3.475 	2.15223e-18 	4.53849e-18 	0.842794 	-0.6317 	-5.37372e-22
4.025 	2.15223e-18 	6.28755e-18 	0.717632 	-0.526859 	1.01311e-22
4.575 	2.15223e-18 	6.30203e-18 	0.884043 	-0.171935 	1.28177e-21
5.125 	2.15223e-18 	6.31666e-18 	1.01416 	0.232785 	-1.81166e-21
5.675 	2.15223e-18 	6.33144e-18 	0.977056 	0.550048 	-3.27016e-22
6.225 	2.15223e-18 	4.61166e-18 	0.908054 	0.488458 	-4.01869e-22
