1.275 	2.15223e-18 	-2.76991e-20 	0.0198273 	0.2527 	-4.55815e-22
1.825 	2.15223e-18 	-1.39322e-20 	0.370859 	-0.23809 	6.49852e-21
2.375 	2.15223e-18 	1.38775e-18 	0.580978 	-0.598533 	-2.324e-21
2.925 	2.15223e-18 	2.78958e-18 	0.179827 	-0.595891 	-2.66853e-22
3.475 	2.15223e-18 	4.53849e-18 	0.751127 	-0.0184822 	-6.6841e-22
4.025 	2.15223e-18 	6.28755e-18 	0.89454 	0.415371 	-1.63782e-22
4.575 	2.15223e-18 	6.30203e-18 	0.878304 	0.571058 	1.05525e-21
5.125 	2.15223e-18 	6.31666e-18 	0.876558 	0.553696 	-8.81045e-22
5.675 	2.15223e-18 	6.33144e-18 	1.00493 	0.117989 	-2.8733e-22
6.225 	2.15223e-18 	4.61166e-18 	1.04963 	-0.191713 	-7.80858e-22
