1.22 	3.45254e-18 	-6.98323e-18 	-0.127757 	0.00690622 	-7.9784e-22
1.66 	3.45254e-18 	-6.96118e-18 	-0.253279 	0.0123349 	-4.0129e-23
2.1 	3.45254e-18 	-6.93894e-18 	-0.273519 	0.0215321 	-2.26614e-21
2.54 	3.45254e-18 	-8.30431e-18 	-0.394912 	0.0176772 	6.83088e-24
2.98 	3.45254e-18 	-8.28171e-18 	-0.438704 	-0.0093998 	2.66541e-21
3.42 	3.45254e-18 	-6.87115e-18 	-0.451133 	-0.0387958 	2.66534e-21
3.86 	3.45254e-18 	-6.84819e-18 	-0.330458 	-0.0436736 	4.75559e-22
4.3 	3.45254e-18 	-6.82504e-18 	-0.26972 	-0.0285499 	1.53932e-21
4.74 	3.45254e-18 	-5.41391e-18 	-0.140124 	-0.00920256 	-6.98992e-22
5.18 	3.45254e-18 	-2.61482e-18 	-0.0558098 	0.00975081 	-2.28566e-22
5.62 	3.45254e-18 	-1.2033e-18 	0.052916 	0.0215784 	6.01475e-23
6.06 	3.45254e-18 	-1.17937e-18 	0.1329 	0.0250765 	2.38792e-23
6.5 	3.45254e-18 	-1.15524e-18 	0.218694 	0.0232192 	5.50898e-23
