1.275 	2.15223e-18 	-2.76991e-20 	0.0348916 	0.108994 	-4.55291e-22
1.825 	2.15223e-18 	-1.39322e-20 	-0.138619 	0.56791 	5.11025e-21
2.375 	2.15223e-18 	1.38775e-18 	0.197867 	0.43015 	-1.42118e-21
2.925 	2.15223e-18 	2.78958e-18 	0.744216 	-0.177858 	1.21729e-22
3.475 	2.15223e-18 	4.53849e-18 	0.926289 	-0.53259 	-8.2268e-22
4.025 	2.15223e-18 	6.28755e-18 	0.779738 	-0.612159 	7.01203e-23
4.575 	2.15223e-18 	6.30203e-18 	0.87695 	-0.411854 	1.09212e-21
5.125 	2.15223e-18 	6.31666e-18 	0.989757 	0.0872908 	-1.87267e-21
5.675 	2.15223e-18 	6.33144e-18 	1.01536 	0.425155 	-3.79827e-22
6.225 	2.15223e-18 	4.61166e-18 	0.926387 	0.532931 	-5.76718e-22
