1.22 	3.45254e-18 	-6.98323e-18 	-0.201553 	0.0069265 	-4.96193e-22
1.66 	3.45254e-18 	-6.96118e-18 	-0.425263 	0.00659045 	-2.08365e-23
2.1 	3.45254e-18 	-6.93894e-18 	-0.519882 	0.00367882 	-1.75123e-21
2.54 	3.45254e-18 	-8.30431e-18 	-0.541106 	-0.00329282 	-4.38429e-23
2.98 	3.45254e-18 	-8.28171e-18 	-0.317063 	-0.00677351 	8.99764e-22
3.42 	3.45254e-18 	-6.87115e-18 	-0.213827 	-0.00673774 	5.89954e-22
3.86 	3.45254e-18 	-6.84819e-18 	-0.00858862 	-0.00725113 	5.17658e-23
4.3 	3.45254e-18 	-6.82504e-18 	0.127985 	-0.005923 	-9.21728e-23
4.74 	3.45254e-18 	-5.41391e-18 	0.280951 	-0.00489757 	1.38829e-22
5.18 	3.45254e-18 	-2.61482e-18 	0.392771 	-0.00357949 	1.18482e-22
5.62 	3.45254e-18 	-1.2033e-18 	0.490582 	-0.00264541 	-5.79515e-23
6.06 	3.45254e-18 	-1.17937e-18 	0.565857 	-0.00194437 	-1.77209e-22
6.5 	3.45254e-18 	-1.15524e-18 	0.630037 	-0.00151576 	9.6853e-23
