1.22 	3.45254e-18 	-6.98323e-18 	0.0922138 	0.179953 	-1.49239e-21
1.66 	3.45254e-18 	-6.96118e-18 	-0.00285121 	0.674429 	-1.23697e-22
2.1 	3.45254e-18 	-6.93894e-18 	0.146915 	0.531286 	-1.99605e-21
2.54 	3.45254e-18 	-8.30431e-18 	0.661162 	-0.128597 	-2.22936e-23
2.98 	3.45254e-18 	-8.28171e-18 	0.854819 	-0.503458 	1.89883e-21
3.42 	3.45254e-18 	-6.87115e-18 	0.800803 	-0.646299 	1.23519e-21
3.86 	3.45254e-18 	-6.84819e-18 	0.760976 	-0.615704 	2.1951e-22
4.3 	3.45254e-18 	-6.82504e-18 	0.886105 	-0.2272 	1.16318e-21
4.74 	3.45254e-18 	-5.41391e-18 	0.991018 	0.178062 	-1.1536e-21
5.18 	3.45254e-18 	-2.61482e-18 	1.03915 	0.375029 	-6.37634e-22
5.62 	3.45254e-18 	-1.2033e-18 	0.952485 	0.584898 	2.64409e-22
6.06 	3.45254e-18 	-1.17937e-18 	0.948533 	0.524451 	5.22125e-22
6.5 	3.45254e-18 	-1.15524e-18 	0.991045 	0.271919 	-4.38354e-22
