1.22 	3.45254e-18 	-6.98323e-18 	-0.300168 	0.00923173 	-5.78779e-22
1.66 	3.45254e-18 	-6.96118e-18 	-0.574289 	0.00257903 	-4.34116e-23
2.1 	3.45254e-18 	-6.93894e-18 	-0.468493 	-0.0038984 	-1.57133e-21
2.54 	3.45254e-18 	-8.30431e-18 	-0.397787 	-0.00657604 	-1.79646e-23
2.98 	3.45254e-18 	-8.28171e-18 	-0.115836 	-0.00743424 	3.72999e-22
3.42 	3.45254e-18 	-6.87115e-18 	0.0425533 	-0.00608256 	-1.68845e-23
3.86 	3.45254e-18 	-6.84819e-18 	0.253649 	-0.00567816 	-4.59452e-23
4.3 	3.45254e-18 	-6.82504e-18 	0.39878 	-0.00441202 	-3.4718e-22
4.74 	3.45254e-18 	-5.41391e-18 	0.523571 	-0.00347621 	2.21973e-22
5.18 	3.45254e-18 	-2.61482e-18 	0.61061 	-0.00268738 	1.27389e-22
5.62 	3.45254e-18 	-1.2033e-18 	0.680128 	-0.00221355 	-5.52005e-23
6.06 	3.45254e-18 	-1.17937e-18 	0.735208 	-0.00187273 	-1.48e-22
6.5 	3.45254e-18 	-1.15524e-18 	0.781422 	-0.00160267 	7.1609e-23
