1.22 	3.45254e-18 	-6.98323e-18 	0.0771646 	-0.141333 	-1.51954e-21
1.66 	3.45254e-18 	-6.96118e-18 	0.381263 	0.37383 	-1.3199e-22
2.1 	3.45254e-18 	-6.93894e-18 	0.376777 	0.72612 	-2.51685e-21
2.54 	3.45254e-18 	-8.30431e-18 	0.319042 	0.570232 	1.40533e-22
2.98 	3.45254e-18 	-8.28171e-18 	0.74083 	-0.0765248 	1.71169e-21
3.42 	3.45254e-18 	-6.87115e-18 	0.917837 	-0.424595 	1.78478e-21
3.86 	3.45254e-18 	-6.84819e-18 	0.879193 	-0.63009 	3.23301e-22
4.3 	3.45254e-18 	-6.82504e-18 	0.821852 	-0.63458 	9.2418e-22
4.74 	3.45254e-18 	-5.41391e-18 	0.888641 	-0.285881 	-7.43499e-22
5.18 	3.45254e-18 	-2.61482e-18 	1.01061 	0.0243103 	-6.35838e-22
5.62 	3.45254e-18 	-1.2033e-18 	1.04465 	0.32278 	3.32661e-22
6.06 	3.45254e-18 	-1.17937e-18 	0.998086 	0.511011 	8.31723e-22
6.5 	3.45254e-18 	-1.15524e-18 	0.948519 	0.510075 	-3.57422e-22
