1.22 	3.45254e-18 	-6.98323e-18 	-0.0384566 	0.306203 	-6.43488e-22
1.66 	3.45254e-18 	-6.96118e-18 	-0.302214 	0.561705 	-4.37555e-23
2.1 	3.45254e-18 	-6.93894e-18 	0.407053 	0.0908833 	-1.49255e-21
2.54 	3.45254e-18 	-8.30431e-18 	0.624341 	-0.39588 	-5.77646e-23
2.98 	3.45254e-18 	-8.28171e-18 	0.655168 	-0.662908 	9.83976e-22
3.42 	3.45254e-18 	-6.87115e-18 	0.486223 	-0.637329 	6.0346e-22
3.86 	3.45254e-18 	-6.84819e-18 	0.713929 	-0.170915 	1.62624e-22
4.3 	3.45254e-18 	-6.82504e-18 	0.884848 	0.282895 	1.07014e-21
4.74 	3.45254e-18 	-5.41391e-18 	0.853631 	0.558937 	-6.00311e-22
5.18 	3.45254e-18 	-2.61482e-18 	0.77549 	0.619076 	-2.43509e-22
5.62 	3.45254e-18 	-1.2033e-18 	0.848777 	0.406926 	1.22334e-22
6.06 	3.45254e-18 	-1.17937e-18 	0.943595 	0.0280657 	5.07385e-22
6.5 	3.45254e-18 	-1.15524e-18 	0.967269 	-0.252185 	-3.63759e-22
