1.22 	3.45254e-18 	-6.98323e-18 	-0.122844 	0.0137157 	-7.78136e-22
1.66 	3.45254e-18 	-6.96118e-18 	-0.244321 	0.0141417 	-3.95937e-23
2.1 	3.45254e-18 	-6.93894e-18 	-0.264209 	-0.0138069 	-2.21032e-21
2.54 	3.45254e-18 	-8.30431e-18 	-0.342217 	-0.0624055 	1.61825e-23
2.98 	3.45254e-18 	-8.28171e-18 	-0.389374 	-0.0896315 	2.43314e-21
3.42 	3.45254e-18 	-6.87115e-18 	-0.428768 	-0.0524019 	2.63502e-21
3.86 	3.45254e-18 	-6.84819e-18 	-0.342065 	0.0208714 	5.18633e-22
4.3 	3.45254e-18 	-6.82504e-18 	-0.292765 	0.0793311 	1.82887e-21
4.74 	3.45254e-18 	-5.41391e-18 	-0.189253 	0.104484 	-9.16274e-22
5.18 	3.45254e-18 	-2.61482e-18 	-0.118843 	0.0894407 	-3.71274e-22
5.62 	3.45254e-18 	-1.2033e-18 	-0.0108851 	0.0518596 	1.2651e-22
6.06 	3.45254e-18 	-1.17937e-18 	0.075474 	0.0103203 	2.23384e-22
6.5 	3.45254e-18 	-1.15524e-18 	0.168225 	-0.0281271 	-4.04477e-23
