1.22 	3.45254e-18 	-6.98323e-18 	-0.15928 	0.00573752 	-4.74209e-22
1.66 	3.45254e-18 	-6.96118e-18 	-0.292021 	0.00548863 	-1.80554e-23
2.1 	3.45254e-18 	-6.93894e-18 	-0.393982 	0.00520462 	-1.48151e-21
2.54 	3.45254e-18 	-8.30431e-18 	-0.526234 	-0.001229 	-3.23154e-23
2.98 	3.45254e-18 	-8.28171e-18 	-0.441586 	-0.00669229 	1.34949e-21
3.42 	3.45254e-18 	-6.87115e-18 	-0.38726 	-0.00727183 	1.15057e-21
3.86 	3.45254e-18 	-6.84819e-18 	-0.21308 	-0.00593601 	1.72341e-22
4.3 	3.45254e-18 	-6.82504e-18 	-0.116494 	-0.00331598 	3.98143e-22
4.74 	3.45254e-18 	-5.41391e-18 	0.0292091 	-0.00198836 	-1.13254e-22
5.18 	3.45254e-18 	-2.61482e-18 	0.134083 	-0.00106434 	1.69417e-23
5.62 	3.45254e-18 	-1.2033e-18 	0.244902 	-0.000978445 	-2.34081e-23
6.06 	3.45254e-18 	-1.17937e-18 	0.32987 	-0.00118869 	-1.15597e-22
6.5 	3.45254e-18 	-1.15524e-18 	0.409315 	-0.00158312 	8.06453e-23
