1.22 	3.45254e-18 	-6.98323e-18 	-0.0766997 	0.153595 	-5.77736e-22
1.66 	3.45254e-18 	-6.96118e-18 	-0.157914 	0.00965302 	-3.57169e-23
2.1 	3.45254e-18 	-6.93894e-18 	-0.00458124 	-0.44502 	-1.50502e-21
2.54 	3.45254e-18 	-8.30431e-18 	-0.244661 	-0.533304 	1.42282e-23
2.98 	3.45254e-18 	-8.28171e-18 	0.317715 	-0.102132 	1.09337e-21
3.42 	3.45254e-18 	-6.87115e-18 	0.484999 	0.320499 	1.29837e-21
3.86 	3.45254e-18 	-6.84819e-18 	0.497619 	0.582835 	2.35901e-22
4.3 	3.45254e-18 	-6.82504e-18 	0.337793 	0.640176 	7.83717e-22
4.74 	3.45254e-18 	-5.41391e-18 	0.496616 	0.307787 	-5.57285e-22
5.18 	3.45254e-18 	-2.61482e-18 	0.661781 	-0.126837 	-4.27364e-22
5.62 	3.45254e-18 	-1.2033e-18 	0.774146 	-0.379787 	1.97886e-22
6.06 	3.45254e-18 	-1.17937e-18 	0.709075 	-0.566547 	5.0534e-22
6.5 	3.45254e-18 	-1.15524e-18 	0.596088 	-0.604807 	-2.25587e-22
