1.275 	2.15223e-18 	-2.76991e-20 	-0.0505483 	-0.348504 	-4.34504e-22
1.825 	2.15223e-18 	-1.39322e-20 	0.320105 	0.130111 	5.97326e-21
2.375 	2.15223e-18 	1.38775e-18 	0.66912 	0.524847 	-2.46694e-21
2.925 	2.15223e-18 	2.78958e-18 	0.204662 	0.65291 	-1.60029e-22
3.475 	2.15223e-18 	4.53849e-18 	0.672027 	0.222824 	-4.4347e-22
4.025 	2.15223e-18 	6.28755e-18 	0.900846 	-0.310544 	-2.34569e-22
4.575 	2.15223e-18 	6.30203e-18 	0.938747 	-0.522288 	1.24503e-21
5.125 	2.15223e-18 	6.31666e-18 	0.862573 	-0.622162 	-1.04419e-21
5.675 	2.15223e-18 	6.33144e-18 	0.976476 	-0.279072 	-2.22982e-22
6.225 	2.15223e-18 	4.61166e-18 	1.03659 	0.0812337 	-7.94512e-22
