1.22 	3.45254e-18 	-6.98323e-18 	-0.188458 	0.004891 	-9.03712e-22
1.66 	3.45254e-18 	-6.96118e-18 	-0.379433 	0.00484574 	-3.2828e-23
2.1 	3.45254e-18 	-6.93894e-18 	-0.501606 	0.00589109 	-3.14895e-21
2.54 	3.45254e-18 	-8.30431e-18 	-0.552647 	0.00190983 	-8.20107e-23
2.98 	3.45254e-18 	-8.28171e-18 	-0.360903 	-0.00221467 	1.91261e-21
3.42 	3.45254e-18 	-6.87115e-18 	-0.269267 	-0.00499842 	1.40105e-21
3.86 	3.45254e-18 	-6.84819e-18 	-0.0729853 	-0.00777326 	1.57124e-22
4.3 	3.45254e-18 	-6.82504e-18 	0.0548046 	-0.00788287 	5.89234e-23
4.74 	3.45254e-18 	-5.41391e-18 	0.207913 	-0.0073893 	1.51888e-22
5.18 	3.45254e-18 	-2.61482e-18 	0.321047 	-0.00577347 	1.82384e-22
5.62 	3.45254e-18 	-1.2033e-18 	0.424198 	-0.0042303 	-9.59439e-23
6.06 	3.45254e-18 	-1.17937e-18 	0.503672 	-0.0027937 	-3.11577e-22
6.5 	3.45254e-18 	-1.15524e-18 	0.572185 	-0.00170105 	1.77534e-22
