1.22 	3.45254e-18 	-6.98323e-18 	-0.125788 	0.00241814 	-4.28213e-22
1.66 	3.45254e-18 	-6.96118e-18 	-0.251023 	0.00185014 	-2.1798e-23
2.1 	3.45254e-18 	-6.93894e-18 	-0.269381 	0.0088271 	-1.21231e-21
2.54 	3.45254e-18 	-8.30431e-18 	-0.377407 	0.0189337 	7.95691e-24
2.98 	3.45254e-18 	-8.28171e-18 	-0.428945 	0.0186949 	1.41707e-21
3.42 	3.45254e-18 	-6.87115e-18 	-0.450152 	0.00175437 	1.45964e-21
3.86 	3.45254e-18 	-6.84819e-18 	-0.339007 	-0.0153136 	2.68454e-22
4.3 	3.45254e-18 	-6.82504e-18 	-0.281699 	-0.0233059 	8.94781e-22
4.74 	3.45254e-18 	-5.41391e-18 	-0.157996 	-0.0249142 	-4.17239e-22
5.18 	3.45254e-18 	-2.61482e-18 	-0.0778369 	-0.0186102 	-1.45266e-22
5.62 	3.45254e-18 	-1.2033e-18 	0.0292861 	-0.00962449 	4.12155e-23
6.06 	3.45254e-18 	-1.17937e-18 	0.108743 	-0.00107091 	3.41621e-23
6.5 	3.45254e-18 	-1.15524e-18 	0.19514 	0.00580029 	2.18693e-23
