1.22 	3.45254e-18 	-6.98323e-18 	0.0779287 	-0.150683 	-8.19359e-22
1.66 	3.45254e-18 	-6.96118e-18 	0.379669 	0.379146 	-7.05401e-23
2.1 	3.45254e-18 	-6.93894e-18 	0.331714 	0.733032 	-1.36989e-21
2.54 	3.45254e-18 	-8.30431e-18 	0.330539 	0.551311 	8.03274e-23
2.98 	3.45254e-18 	-8.28171e-18 	0.759047 	-0.102322 	1.02629e-21
3.42 	3.45254e-18 	-6.87115e-18 	0.916473 	-0.463381 	1.05939e-21
3.86 	3.45254e-18 	-6.84819e-18 	0.84687 	-0.675671 	1.79558e-22
4.3 	3.45254e-18 	-6.82504e-18 	0.827787 	-0.610797 	5.21142e-22
4.74 	3.45254e-18 	-5.41391e-18 	0.934696 	-0.223479 	-5.00089e-22
5.18 	3.45254e-18 	-2.61482e-18 	1.0383 	0.124749 	-4.22649e-22
5.62 	3.45254e-18 	-1.2033e-18 	1.02833 	0.441203 	1.96803e-22
6.06 	3.45254e-18 	-1.17937e-18 	0.964262 	0.578701 	4.42348e-22
6.5 	3.45254e-18 	-1.15524e-18 	0.970772 	0.518495 	-2.26998e-22
