1.22 	3.45254e-18 	-6.98323e-18 	-0.121835 	-0.0178318 	-4.29494e-22
1.66 	3.45254e-18 	-6.96118e-18 	-0.236334 	-0.0181459 	-2.1476e-23
2.1 	3.45254e-18 	-6.93894e-18 	-0.251574 	0.0652186 	-1.1872e-21
2.54 	3.45254e-18 	-8.30431e-18 	-0.317829 	0.196174 	9.02109e-24
2.98 	3.45254e-18 	-8.28171e-18 	-0.290165 	0.228896 	1.30347e-21
3.42 	3.45254e-18 	-6.87115e-18 	-0.258361 	0.0715438 	1.53169e-21
3.86 	3.45254e-18 	-6.84819e-18 	-0.154677 	-0.151227 	3.28912e-22
4.3 	3.45254e-18 	-6.82504e-18 	-0.160263 	-0.299053 	1.17132e-21
4.74 	3.45254e-18 	-5.41391e-18 	-0.1581 	-0.337265 	-6.13437e-22
5.18 	3.45254e-18 	-2.61482e-18 	-0.106867 	-0.24513 	-3.04342e-22
5.62 	3.45254e-18 	-1.2033e-18 	0.047403 	-0.0849953 	1.39826e-22
6.06 	3.45254e-18 	-1.17937e-18 	0.171295 	0.0685882 	3.70625e-22
6.5 	3.45254e-18 	-1.15524e-18 	0.250907 	0.17818 	-1.53869e-22
