1.22 	3.45254e-18 	-6.98323e-18 	-0.090393 	0.112701 	-1.00587e-21
1.66 	3.45254e-18 	-6.96118e-18 	-0.194441 	0.126964 	-5.56972e-23
2.1 	3.45254e-18 	-6.93894e-18 	-0.0577658 	-0.195494 	-2.87085e-21
2.54 	3.45254e-18 	-8.30431e-18 	-0.142777 	-0.552226 	-2.35812e-23
2.98 	3.45254e-18 	-8.28171e-18 	0.0108445 	-0.414701 	1.93294e-21
3.42 	3.45254e-18 	-6.87115e-18 	0.329708 	0.0745839 	2.43802e-21
3.86 	3.45254e-18 	-6.84819e-18 	0.460192 	0.39788 	5.27465e-22
4.3 	3.45254e-18 	-6.82504e-18 	0.382914 	0.605903 	1.77833e-21
4.74 	3.45254e-18 	-5.41391e-18 	0.287964 	0.605461 	-1.14251e-21
5.18 	3.45254e-18 	-2.61482e-18 	0.427646 	0.254241 	-8.17271e-22
5.62 	3.45254e-18 	-1.2033e-18 	0.567389 	-0.14163 	4.43568e-22
6.06 	3.45254e-18 	-1.17937e-18 	0.674894 	-0.383836 	1.262e-21
6.5 	3.45254e-18 	-1.15524e-18 	0.649542 	-0.521312 	-5.41641e-22
