1.22 	3.45254e-18 	-6.98323e-18 	-0.122271 	0.0144124 	-7.75073e-22
1.66 	3.45254e-18 	-6.96118e-18 	-0.241122 	0.0344334 	-3.84962e-23
2.1 	3.45254e-18 	-6.93894e-18 	-0.261823 	0.0511849 	-2.21514e-21
2.54 	3.45254e-18 	-8.30431e-18 	-0.332204 	0.0212292 	8.42869e-24
2.98 	3.45254e-18 	-8.28171e-18 	-0.366079 	-0.059043 	2.44187e-21
3.42 	3.45254e-18 	-6.87115e-18 	-0.415455 	-0.133482 	2.61963e-21
3.86 	3.45254e-18 	-6.84819e-18 	-0.352493 	-0.134235 	5.17135e-22
4.3 	3.45254e-18 	-6.82504e-18 	-0.291887 	-0.0636535 	1.87709e-21
4.74 	3.45254e-18 	-5.41391e-18 	-0.168154 	0.0209134 	-9.81009e-22
5.18 	3.45254e-18 	-2.61482e-18 	-0.0969428 	0.0849993 	-4.09863e-22
5.62 	3.45254e-18 	-1.2033e-18 	-0.0137249 	0.113982 	1.40522e-22
6.06 	3.45254e-18 	-1.17937e-18 	0.0468972 	0.111964 	2.43467e-22
6.5 	3.45254e-18 	-1.15524e-18 	0.127217 	0.0861133 	-5.61301e-23
