1.275 	2.15223e-18 	-2.76991e-20 	-0.0161519 	0.283306 	-4.45883e-22
1.825 	2.15223e-18 	-1.39322e-20 	0.351608 	-0.169423 	6.38774e-21
2.375 	2.15223e-18 	1.38775e-18 	0.694943 	-0.561431 	-2.48575e-21
2.925 	2.15223e-18 	2.78958e-18 	0.222066 	-0.628537 	-2.59118e-22
3.475 	2.15223e-18 	4.53849e-18 	0.706392 	-0.132432 	-4.87842e-22
4.025 	2.15223e-18 	6.28755e-18 	0.930673 	0.320264 	-2.0671e-22
4.575 	2.15223e-18 	6.30203e-18 	0.916562 	0.588465 	1.36331e-21
5.125 	2.15223e-18 	6.31666e-18 	0.879347 	0.589494 	-9.12998e-22
5.675 	2.15223e-18 	6.33144e-18 	0.991301 	0.169089 	-2.69906e-22
6.225 	2.15223e-18 	4.61166e-18 	1.0693 	-0.0852335 	-7.82256e-22
