1.275 	2.15223e-18 	-2.76991e-20 	-0.0578346 	0.232224 	-3.51692e-22
1.825 	2.15223e-18 	-1.39322e-20 	-0.103875 	0.0809026 	5.19625e-21
2.375 	2.15223e-18 	1.38775e-18 	0.155147 	-0.376479 	-2.4439e-21
2.925 	2.15223e-18 	2.78958e-18 	-0.211981 	-0.566169 	-3.83922e-23
3.475 	2.15223e-18 	4.53849e-18 	0.410924 	-0.23394 	-7.86353e-22
4.025 	2.15223e-18 	6.28755e-18 	0.680334 	0.276118 	-2.88695e-22
4.575 	2.15223e-18 	6.30203e-18 	0.652625 	0.578643 	1.79364e-21
5.125 	2.15223e-18 	6.31666e-18 	0.537211 	0.599403 	-1.18111e-21
5.675 	2.15223e-18 	6.33144e-18 	0.721112 	0.167073 	-2.8389e-22
6.225 	2.15223e-18 	4.61166e-18 	0.837413 	-0.249037 	-9.14114e-22
