1.22 	3.45254e-18 	-6.98323e-18 	-0.0952615 	0.478913 	-1.38414e-21
1.66 	3.45254e-18 	-6.96118e-18 	0.302973 	0.0505085 	-6.68279e-23
2.1 	3.45254e-18 	-6.93894e-18 	0.717172 	-0.475475 	-3.41716e-21
2.54 	3.45254e-18 	-8.30431e-18 	0.661315 	-0.67167 	3.13948e-23
2.98 	3.45254e-18 	-8.28171e-18 	0.542093 	-0.638631 	9.2896e-22
3.42 	3.45254e-18 	-6.87115e-18 	0.74833 	-0.171725 	1.20852e-21
3.86 	3.45254e-18 	-6.84819e-18 	0.950153 	0.273522 	4.12348e-22
4.3 	3.45254e-18 	-6.82504e-18 	0.968232 	0.540373 	1.61633e-21
4.74 	3.45254e-18 	-5.41391e-18 	0.875927 	0.605828 	-7.37167e-22
5.18 	3.45254e-18 	-2.61482e-18 	0.918507 	0.497628 	-4.08022e-22
5.62 	3.45254e-18 	-1.2033e-18 	1.00019 	0.148507 	2.69507e-22
6.06 	3.45254e-18 	-1.17937e-18 	1.05186 	-0.173841 	1.03146e-21
6.5 	3.45254e-18 	-1.15524e-18 	1.04471 	-0.350569 	-5.49337e-22
