1.22 	3.45254e-18 	-6.98323e-18 	-0.103861 	-0.0589546 	-9.14575e-22
1.66 	3.45254e-18 	-6.96118e-18 	-0.217416 	-0.181163 	-4.16204e-23
2.1 	3.45254e-18 	-6.93894e-18 	-0.194673 	-0.133997 	-2.70471e-21
2.54 	3.45254e-18 	-8.30431e-18 	-0.0969391 	0.210913 	-1.13653e-23
2.98 	3.45254e-18 	-8.28171e-18 	-0.0859103 	0.530291 	2.22047e-21
3.42 	3.45254e-18 	-6.87115e-18 	-0.131717 	0.478247 	2.37839e-21
3.86 	3.45254e-18 	-6.84819e-18 	0.213272 	0.102318 	5.99902e-22
4.3 	3.45254e-18 	-6.82504e-18 	0.343535 	-0.24558 	2.65264e-21
4.74 	3.45254e-18 	-5.41391e-18 	0.400096 	-0.450955 	-1.47031e-21
5.18 	3.45254e-18 	-2.61482e-18 	0.280713 	-0.565828 	-6.6102e-22
5.62 	3.45254e-18 	-1.2033e-18 	0.201739 	-0.506006 	3.18054e-22
6.06 	3.45254e-18 	-1.17937e-18 	0.33813 	-0.219793 	1.07889e-21
6.5 	3.45254e-18 	-1.15524e-18 	0.476501 	0.0982702 	-7.54701e-22
