1.22 	3.45254e-18 	-6.98323e-18 	0.0507684 	-0.224979 	-1.48785e-21
1.66 	3.45254e-18 	-6.96118e-18 	0.397096 	0.297838 	-1.22699e-22
2.1 	3.45254e-18 	-6.93894e-18 	0.548216 	0.684205 	-2.72645e-21
2.54 	3.45254e-18 	-8.30431e-18 	0.274176 	0.669086 	9.68888e-23
2.98 	3.45254e-18 	-8.28171e-18 	0.667208 	0.106166 	1.33472e-21
3.42 	3.45254e-18 	-6.87115e-18 	0.906623 	-0.331803 	1.83134e-21
3.86 	3.45254e-18 	-6.84819e-18 	0.928342 	-0.577716 	3.57456e-22
4.3 	3.45254e-18 	-6.82504e-18 	0.837358 	-0.659257 	1.01249e-21
4.74 	3.45254e-18 	-5.41391e-18 	0.869319 	-0.411203 	-6.52737e-22
5.18 	3.45254e-18 	-2.61482e-18 	0.991387 	-0.0982169 	-5.85771e-22
5.62 	3.45254e-18 	-1.2033e-18 	1.0455 	0.240215 	3.37755e-22
6.06 	3.45254e-18 	-1.17937e-18 	1.02634 	0.444603 	9.13321e-22
6.5 	3.45254e-18 	-1.15524e-18 	0.958373 	0.527789 	-4.05931e-22
