1.22 	3.45254e-18 	-6.98323e-18 	0.13582 	-0.233072 	-1.55956e-21
1.66 	3.45254e-18 	-6.96118e-18 	-0.0308277 	-0.68612 	-1.25005e-22
2.1 	3.45254e-18 	-6.93894e-18 	0.197574 	-0.49303 	-1.92666e-21
2.54 	3.45254e-18 	-8.30431e-18 	0.667839 	0.165845 	-8.94783e-25
2.98 	3.45254e-18 	-8.28171e-18 	0.843747 	0.531739 	1.90056e-21
3.42 	3.45254e-18 	-6.87115e-18 	0.766879 	0.662551 	1.16196e-21
3.86 	3.45254e-18 	-6.84819e-18 	0.760432 	0.576949 	2.06837e-22
4.3 	3.45254e-18 	-6.82504e-18 	0.899903 	0.166777 	1.20955e-21
4.74 	3.45254e-18 	-5.41391e-18 	1.00524 	-0.222584 	-1.14361e-21
5.18 	3.45254e-18 	-2.61482e-18 	1.04145 	-0.404965 	-6.08941e-22
5.62 	3.45254e-18 	-1.2033e-18 	0.948572 	-0.594913 	2.54666e-22
6.06 	3.45254e-18 	-1.17937e-18 	0.954753 	-0.506174 	5.48709e-22
6.5 	3.45254e-18 	-1.15524e-18 	0.999403 	-0.237533 	-4.90492e-22
