1.275 	2.15223e-18 	-2.76991e-20 	-0.115974 	0.0486314 	-2.82127e-22
1.825 	2.15223e-18 	-1.39322e-20 	-0.253759 	-0.0389054 	3.91066e-21
2.375 	2.15223e-18 	1.38775e-18 	-0.22653 	-0.27728 	-1.67637e-21
2.925 	2.15223e-18 	2.78958e-18 	-0.305787 	-0.294905 	6.24299e-23
3.475 	2.15223e-18 	4.53849e-18 	0.00867372 	0.0205848 	-1.54073e-21
4.025 	2.15223e-18 	6.28755e-18 	0.0702224 	0.342406 	-1.53262e-22
4.575 	2.15223e-18 	6.30203e-18 	0.00150926 	0.487703 	1.90038e-21
5.125 	2.15223e-18 	6.31666e-18 	0.0676902 	0.34513 	-1.55723e-21
5.675 	2.15223e-18 	6.33144e-18 	0.386532 	0.00870503 	-3.71991e-22
6.225 	2.15223e-18 	4.61166e-18 	0.496 	-0.230645 	-7.11468e-22
