1.22 	3.45254e-18 	-6.98323e-18 	-0.122604 	-0.0169359 	-7.80081e-22
1.66 	3.45254e-18 	-6.96118e-18 	-0.240021 	-0.0314889 	-3.88669e-23
2.1 	3.45254e-18 	-6.93894e-18 	-0.261 	0.00806207 	-2.18815e-21
2.54 	3.45254e-18 	-8.30431e-18 	-0.325163 	0.107544 	1.9854e-23
2.98 	3.45254e-18 	-8.28171e-18 	-0.343136 	0.186792 	2.34087e-21
3.42 	3.45254e-18 	-6.87115e-18 	-0.370462 	0.14315 	2.72092e-21
3.86 	3.45254e-18 	-6.84819e-18 	-0.260045 	0.000508057 	5.8211e-22
4.3 	3.45254e-18 	-6.82504e-18 	-0.203011 	-0.136098 	2.14754e-21
4.74 	3.45254e-18 	-5.41391e-18 	-0.139508 	-0.210745 	-1.07991e-21
5.18 	3.45254e-18 	-2.61482e-18 	-0.119529 	-0.208152 	-4.43684e-22
5.62 	3.45254e-18 	-1.2033e-18 	-0.0336148 	-0.149185 	1.6584e-22
6.06 	3.45254e-18 	-1.17937e-18 	0.0624631 	-0.0621371 	3.52083e-22
6.5 	3.45254e-18 	-1.15524e-18 	0.173635 	0.0275071 	-1.31617e-22
