1.22 	3.45254e-18 	-6.98323e-18 	0.152339 	0.0270492 	-8.72485e-22
1.66 	3.45254e-18 	-6.96118e-18 	0.375848 	-0.485611 	-7.63799e-23
2.1 	3.45254e-18 	-6.93894e-18 	0.157748 	-0.739454 	-1.22946e-21
2.54 	3.45254e-18 	-8.30431e-18 	0.43159 	-0.39445 	9.6167e-23
2.98 	3.45254e-18 	-8.28171e-18 	0.80543 	0.245598 	1.10205e-21
3.42 	3.45254e-18 	-6.87115e-18 	0.898866 	0.537788 	9.66051e-22
3.86 	3.45254e-18 	-6.84819e-18 	0.800215 	0.704101 	1.57776e-22
4.3 	3.45254e-18 	-6.82504e-18 	0.840693 	0.51244 	4.78489e-22
4.74 	3.45254e-18 	-5.41391e-18 	0.95532 	0.0976419 	-5.34048e-22
5.18 	3.45254e-18 	-2.61482e-18 	1.06302 	-0.210395 	-3.99946e-22
5.62 	3.45254e-18 	-1.2033e-18 	1.03179 	-0.495935 	1.80289e-22
6.06 	3.45254e-18 	-1.17937e-18 	0.968878 	-0.573681 	3.92884e-22
6.5 	3.45254e-18 	-1.15524e-18 	0.98482 	-0.482143 	-2.47948e-22
