1.22 	3.45254e-18 	-6.98323e-18 	0.105628 	-0.295179 	-8.26942e-22
1.66 	3.45254e-18 	-6.96118e-18 	-0.17767 	-0.686363 	-6.59178e-23
2.1 	3.45254e-18 	-6.93894e-18 	0.343344 	-0.381122 	-1.03958e-21
2.54 	3.45254e-18 	-8.30431e-18 	0.705838 	0.282619 	-2.89602e-23
2.98 	3.45254e-18 	-8.28171e-18 	0.842052 	0.56847 	9.61137e-22
3.42 	3.45254e-18 	-6.87115e-18 	0.737333 	0.689001 	6.39006e-22
3.86 	3.45254e-18 	-6.84819e-18 	0.781094 	0.519817 	1.15458e-22
4.3 	3.45254e-18 	-6.82504e-18 	0.929565 	0.02841 	8.24588e-22
4.74 	3.45254e-18 	-5.41391e-18 	1.03578 	-0.278067 	-6.3937e-22
5.18 	3.45254e-18 	-2.61482e-18 	1.036 	-0.486606 	-3.46431e-22
5.62 	3.45254e-18 	-1.2033e-18 	0.933237 	-0.633747 	1.36878e-22
6.06 	3.45254e-18 	-1.17937e-18 	0.973229 	-0.421048 	3.44196e-22
6.5 	3.45254e-18 	-1.15524e-18 	1.03316 	-0.180865 	-3.05222e-22
