1.22 	3.45254e-18 	-6.98323e-18 	0.077843 	-0.428983 	-1.36241e-21
1.66 	3.45254e-18 	-6.96118e-18 	-0.362453 	-0.623319 	-9.55101e-23
2.1 	3.45254e-18 	-6.93894e-18 	0.458964 	-0.134209 	-2.2097e-21
2.54 	3.45254e-18 	-8.30431e-18 	0.743417 	0.397901 	-5.7949e-23
2.98 	3.45254e-18 	-8.28171e-18 	0.788937 	0.643074 	1.58285e-21
3.42 	3.45254e-18 	-6.87115e-18 	0.692518 	0.656047 	9.34261e-22
3.86 	3.45254e-18 	-6.84819e-18 	0.785525 	0.354578 	2.21699e-22
4.3 	3.45254e-18 	-6.82504e-18 	0.963857 	-0.100869 	1.62615e-21
4.74 	3.45254e-18 	-5.41391e-18 	1.02345 	-0.389112 	-1.12564e-21
5.18 	3.45254e-18 	-2.61482e-18 	0.981097 	-0.526489 	-5.21054e-22
5.62 	3.45254e-18 	-1.2033e-18 	0.919221 	-0.60134 	2.23023e-22
6.06 	3.45254e-18 	-1.17937e-18 	0.987294 	-0.333288 	6.46978e-22
6.5 	3.45254e-18 	-1.15524e-18 	1.02521 	-0.0476 	-5.83127e-22
