1.275 	2.15223e-18 	-2.76991e-20 	-0.079414 	-0.449276 	-4.04148e-22
1.825 	2.15223e-18 	-1.39322e-20 	0.0924457 	-0.198849 	4.83446e-21
2.375 	2.15223e-18 	1.38775e-18 	0.675587 	0.317261 	-2.68789e-21
2.925 	2.15223e-18 	2.78958e-18 	0.579619 	0.616442 	-1.23684e-23
3.475 	2.15223e-18 	4.53849e-18 	0.471244 	0.58194 	-3.05653e-22
4.025 	2.15223e-18 	6.28755e-18 	0.773945 	0.0285169 	-1.55755e-22
4.575 	2.15223e-18 	6.30203e-18 	0.956607 	-0.384622 	1.89955e-21
5.125 	2.15223e-18 	6.31666e-18 	0.872825 	-0.644791 	-1.38178e-21
5.675 	2.15223e-18 	6.33144e-18 	0.889895 	-0.489808 	-1.546e-22
6.225 	2.15223e-18 	4.61166e-18 	0.978365 	-0.139954 	-7.33159e-22
