1.22 	3.45254e-18 	-6.98323e-18 	-0.113409 	-0.0479113 	-8.90784e-22
1.66 	3.45254e-18 	-6.96118e-18 	-0.229229 	-0.0558456 	-4.58738e-23
2.1 	3.45254e-18 	-6.93894e-18 	-0.220953 	0.13321 	-2.40377e-21
2.54 	3.45254e-18 	-8.30431e-18 	-0.270527 	0.395037 	1.7202e-23
2.98 	3.45254e-18 	-8.28171e-18 	-0.157566 	0.351769 	2.50974e-21
3.42 	3.45254e-18 	-6.87115e-18 	0.081639 	-0.00925071 	2.9859e-21
3.86 	3.45254e-18 	-6.84819e-18 	0.19427 	-0.319546 	6.2179e-22
4.3 	3.45254e-18 	-6.82504e-18 	0.14718 	-0.500617 	2.08959e-21
4.74 	3.45254e-18 	-5.41391e-18 	0.0257352 	-0.543752 	-1.19376e-21
5.18 	3.45254e-18 	-2.61482e-18 	0.140783 	-0.327578 	-7.36751e-22
5.62 	3.45254e-18 	-1.2033e-18 	0.318657 	-0.00332783 	4.05791e-22
6.06 	3.45254e-18 	-1.17937e-18 	0.434411 	0.229908 	1.20674e-21
6.5 	3.45254e-18 	-1.15524e-18 	0.486175 	0.35977 	-5.26281e-22
