1.22 	3.45254e-18 	-6.98323e-18 	-0.0564924 	0.435586 	-1.42518e-21
1.66 	3.45254e-18 	-6.96118e-18 	0.349922 	-0.0549683 	-7.93981e-23
2.1 	3.45254e-18 	-6.93894e-18 	0.726114 	-0.513793 	-3.33718e-21
2.54 	3.45254e-18 	-8.30431e-18 	0.587816 	-0.702451 	3.28509e-23
2.98 	3.45254e-18 	-8.28171e-18 	0.533706 	-0.585106 	8.66657e-22
3.42 	3.45254e-18 	-6.87115e-18 	0.779327 	-0.0340832 	1.42264e-21
3.86 	3.45254e-18 	-6.84819e-18 	0.959797 	0.336169 	4.04417e-22
4.3 	3.45254e-18 	-6.82504e-18 	0.942822 	0.589398 	1.55641e-21
4.74 	3.45254e-18 	-5.41391e-18 	0.85685 	0.610357 	-6.61814e-22
5.18 	3.45254e-18 	-2.61482e-18 	0.917955 	0.400847 	-4.18694e-22
5.62 	3.45254e-18 	-1.2033e-18 	1.00808 	0.0934006 	2.73904e-22
6.06 	3.45254e-18 	-1.17937e-18 	1.05362 	-0.241388 	1.06031e-21
6.5 	3.45254e-18 	-1.15524e-18 	1.02748 	-0.389826 	-5.00987e-22
