1.275 	2.15223e-18 	-2.76991e-20 	0.0471957 	0.0931524 	-4.62422e-22
1.825 	2.15223e-18 	-1.39322e-20 	-0.0998963 	0.57219 	5.27041e-21
2.375 	2.15223e-18 	1.38775e-18 	0.115596 	0.460646 	-1.4891e-21
2.925 	2.15223e-18 	2.78958e-18 	0.710352 	-0.115076 	3.63344e-23
3.475 	2.15223e-18 	4.53849e-18 	0.915572 	-0.524746 	-9.07892e-22
4.025 	2.15223e-18 	6.28755e-18 	0.794433 	-0.599468 	9.9603e-23
4.575 	2.15223e-18 	6.30203e-18 	0.846449 	-0.427019 	8.95568e-22
5.125 	2.15223e-18 	6.31666e-18 	0.982541 	-0.0487844 	-1.50929e-21
5.675 	2.15223e-18 	6.33144e-18 	1.03926 	0.373184 	-4.36859e-22
6.225 	2.15223e-18 	4.61166e-18 	0.955246 	0.481614 	-5.67498e-22
