1.22 	3.45254e-18 	-6.98323e-18 	-0.0563003 	-0.417916 	-7.56571e-22
1.66 	3.45254e-18 	-6.96118e-18 	0.337789 	0.0705784 	-4.14084e-23
2.1 	3.45254e-18 	-6.93894e-18 	0.693588 	0.537359 	-1.7935e-21
2.54 	3.45254e-18 	-8.30431e-18 	0.430118 	0.72554 	1.90449e-23
2.98 	3.45254e-18 	-8.28171e-18 	0.537857 	0.500042 	4.65477e-22
3.42 	3.45254e-18 	-6.87115e-18 	0.833584 	-0.0760117 	9.34882e-22
3.86 	3.45254e-18 	-6.84819e-18 	0.973758 	-0.437796 	2.34726e-22
4.3 	3.45254e-18 	-6.82504e-18 	0.903049 	-0.650773 	7.72288e-22
4.74 	3.45254e-18 	-5.41391e-18 	0.865866 	-0.591342 	-3.76044e-22
5.18 	3.45254e-18 	-2.61482e-18 	0.975564 	-0.301981 	-3.00703e-22
5.62 	3.45254e-18 	-1.2033e-18 	1.04235 	0.0877043 	1.97883e-22
6.06 	3.45254e-18 	-1.17937e-18 	1.04793 	0.368429 	6.22981e-22
6.5 	3.45254e-18 	-1.15524e-18 	0.987632 	0.538716 	-2.81414e-22
