/*--------------------------------*- C++ -*----------------------------------*\
  =========                 |
  \\      /  F ield         | OpenFOAM: The Open Source CFD Toolbox
   \\    /   O peration     | Website:  https://openfoam.org
    \\  /    A nd           | Version:  6.0
     \\/     M anipulation  |
\*---------------------------------------------------------------------------*/
FoamFile
{
    version     2.0;
    format      ascii;
    class       volScalarField;
    location    "112";
    object      p;
}
// * * * * * * * * * * * * * * * * * * * * * * * * * * * * * * * * * * * * * //

dimensions      [0 2 -2 0 0 0 0];

internalField   nonuniform List<scalar> 
8000
(
-0.417834
-0.418773
-0.41905
-0.418958
-0.418779
-0.418657
-0.41868
-0.418896
-0.419322
-0.419956
-0.420795
-0.421834
-0.423067
-0.424487
-0.426083
-0.427845
-0.429754
-0.431727
-0.433667
-0.436121
-0.416399
-0.418053
-0.418733
-0.418909
-0.418946
-0.418989
-0.419121
-0.419381
-0.419777
-0.420304
-0.420954
-0.421721
-0.422603
-0.423595
-0.424697
-0.425907
-0.427215
-0.428528
-0.429758
-0.431626
-0.415286
-0.417643
-0.418725
-0.41917
-0.419426
-0.419633
-0.419867
-0.420156
-0.420499
-0.420882
-0.421293
-0.421725
-0.422179
-0.422658
-0.423169
-0.423726
-0.424329
-0.424879
-0.425302
-0.426514
-0.41471
-0.417729
-0.419196
-0.419909
-0.420387
-0.420763
-0.421098
-0.421408
-0.421679
-0.421888
-0.422014
-0.42205
-0.421998
-0.421868
-0.42168
-0.421468
-0.421247
-0.420911
-0.42041
-0.420877
-0.414883
-0.418488
-0.420311
-0.421288
-0.421993
-0.422545
-0.422987
-0.423319
-0.423511
-0.423524
-0.423328
-0.422911
-0.422273
-0.421435
-0.420431
-0.419318
-0.418129
-0.416759
-0.415192
-0.414806
-0.415992
-0.420076
-0.422216
-0.42345
-0.424387
-0.425127
-0.42569
-0.426055
-0.426171
-0.425981
-0.425438
-0.424519
-0.423224
-0.421577
-0.419631
-0.417469
-0.41515
-0.412569
-0.409761
-0.40839
-0.418182
-0.422612
-0.425017
-0.426497
-0.427671
-0.428614
-0.429319
-0.42974
-0.429799
-0.429414
-0.428516
-0.427066
-0.425055
-0.422508
-0.419493
-0.416125
-0.412492
-0.408496
-0.404235
-0.401718
-0.421539
-0.42616
-0.428767
-0.430475
-0.43189
-0.433052
-0.433926
-0.434435
-0.434469
-0.433916
-0.432679
-0.430692
-0.427929
-0.424411
-0.420215
-0.415486
-0.410344
-0.404705
-0.398742
-0.394891
-0.426072
-0.430716
-0.433455
-0.435368
-0.43702
-0.438415
-0.439485
-0.440117
-0.44017
-0.439493
-0.437955
-0.435454
-0.431938
-0.42741
-0.42195
-0.415724
-0.408887
-0.401369
-0.393433
-0.388026
-0.431715
-0.436212
-0.439003
-0.441086
-0.442961
-0.444594
-0.445879
-0.446669
-0.446784
-0.446037
-0.444253
-0.44129
-0.437057
-0.431528
-0.424769
-0.416956
-0.408273
-0.398659
-0.388475
-0.381268
-0.438327
-0.442513
-0.445269
-0.447476
-0.449545
-0.451402
-0.452905
-0.453872
-0.454085
-0.453317
-0.45135
-0.447996
-0.443117
-0.436643
-0.428611
-0.419191
-0.408579
-0.39672
-0.384052
-0.374787
-0.445704
-0.449432
-0.452067
-0.454333
-0.456546
-0.458592
-0.460292
-0.461429
-0.461751
-0.460994
-0.458895
-0.455221
-0.449784
-0.442464
-0.43325
-0.422285
-0.409763
-0.395618
-0.380324
-0.368758
-0.453603
-0.456755
-0.459177
-0.461427
-0.463712
-0.465882
-0.467726
-0.468994
-0.469403
-0.468652
-0.466445
-0.462503
-0.456591
-0.448539
-0.438281
-0.425914
-0.411611
-0.395285
-0.377374
-0.363318
-0.461766
-0.464256
-0.466381
-0.468524
-0.47079
-0.472995
-0.474898
-0.476222
-0.476655
-0.475869
-0.473533
-0.469337
-0.463005
-0.454323
-0.443172
-0.429596
-0.413734
-0.395476
-0.375141
-0.358504
-0.469949
-0.47173
-0.473479
-0.47542
-0.477557
-0.479686
-0.481539
-0.482814
-0.483176
-0.482272
-0.47975
-0.47527
-0.468531
-0.459283
-0.447371
-0.432786
-0.415635
-0.395796
-0.373404
-0.354231
-0.477944
-0.479005
-0.480315
-0.481955
-0.48385
-0.485779
-0.487457
-0.488559
-0.488732
-0.487606
-0.484808
-0.479983
-0.47281
-0.463024
-0.450445
-0.435028
-0.416857
-0.395828
-0.371869
-0.350354
-0.485602
-0.485964
-0.486785
-0.488033
-0.489574
-0.491179
-0.492552
-0.493354
-0.493216
-0.491754
-0.488582
-0.483335
-0.475683
-0.465358
-0.452174
-0.436067
-0.417117
-0.395272
-0.370289
-0.346751
-0.492841
-0.492548
-0.492846
-0.493623
-0.494708
-0.495874
-0.496824
-0.497206
-0.496642
-0.494738
-0.491101
-0.48536
-0.477189
-0.466323
-0.452581
-0.435898
-0.41635
-0.393956
-0.368363
-0.343141
-0.499646
-0.498757
-0.498513
-0.498758
-0.499302
-0.499933
-0.500355
-0.500215
-0.499127
-0.496692
-0.492517
-0.486237
-0.477536
-0.466168
-0.451971
-0.43488
-0.414947
-0.392162
-0.366023
-0.339304
-0.50607
-0.504644
-0.503851
-0.503519
-0.50346
-0.50348
-0.503293
-0.502548
-0.500856
-0.49782
-0.493055
-0.486213
-0.477012
-0.465251
-0.450826
-0.433732
-0.414042
-0.391666
-0.365928
-0.339168
-0.512219
-0.510305
-0.508964
-0.508029
-0.507323
-0.506679
-0.505824
-0.504409
-0.502049
-0.498353
-0.492952
-0.485531
-0.475856
-0.463801
-0.449366
-0.432686
-0.414034
-0.393759
-0.372694
-0.355101
-0.518234
-0.515864
-0.51398
-0.512429
-0.511053
-0.509713
-0.508145
-0.506009
-0.502925
-0.498512
-0.492426
-0.484389
-0.474227
-0.461886
-0.447452
-0.431154
-0.413357
-0.394568
-0.375661
-0.359187
-0.52428
-0.521463
-0.519038
-0.516868
-0.514815
-0.512757
-0.510446
-0.507544
-0.50368
-0.498489
-0.491655
-0.482948
-0.472252
-0.45958
-0.445085
-0.429045
-0.411846
-0.393966
-0.375992
-0.359245
-0.53052
-0.527242
-0.524274
-0.52149
-0.518757
-0.515969
-0.512885
-0.509172
-0.504467
-0.498425
-0.490769
-0.481317
-0.470014
-0.456934
-0.442272
-0.426327
-0.409465
-0.392085
-0.37459
-0.35777
-0.537107
-0.533328
-0.529812
-0.526418
-0.523004
-0.519473
-0.515583
-0.511005
-0.505386
-0.498411
-0.489844
-0.479564
-0.467573
-0.454001
-0.439077
-0.423105
-0.406423
-0.389365
-0.372235
-0.355535
-0.544163
-0.53983
-0.535751
-0.531747
-0.527649
-0.523353
-0.518614
-0.513102
-0.506484
-0.498481
-0.488911
-0.477715
-0.464962
-0.450827
-0.435569
-0.419491
-0.402907
-0.386105
-0.369336
-0.352961
-0.55178
-0.546828
-0.542167
-0.537548
-0.532749
-0.527654
-0.522005
-0.515477
-0.507761
-0.498627
-0.48796
-0.475771
-0.462192
-0.447445
-0.431809
-0.415583
-0.399054
-0.382476
-0.366062
-0.350078
-0.560011
-0.554371
-0.549103
-0.543855
-0.538329
-0.532382
-0.525744
-0.518098
-0.509173
-0.498804
-0.486951
-0.473704
-0.459256
-0.443869
-0.427833
-0.411436
-0.39494
-0.378563
-0.362483
-0.346901
-0.568869
-0.562478
-0.556577
-0.550677
-0.54438
-0.537508
-0.529779
-0.520896
-0.510644
-0.498936
-0.485822
-0.47147
-0.45613
-0.440092
-0.42365
-0.407074
-0.390592
-0.374386
-0.358603
-0.343378
-0.578332
-0.571136
-0.564576
-0.557991
-0.55086
-0.542966
-0.534023
-0.523771
-0.512069
-0.498928
-0.484493
-0.469009
-0.452773
-0.436092
-0.41925
-0.40249
-0.386005
-0.369937
-0.354399
-0.339472
-0.588345
-0.580302
-0.573058
-0.565743
-0.557694
-0.548657
-0.538356
-0.526592
-0.513322
-0.498668
-0.482873
-0.466251
-0.449133
-0.431828
-0.4146
-0.397657
-0.38115
-0.365186
-0.349842
-0.33515
-0.598813
-0.5899
-0.581949
-0.573846
-0.564773
-0.554447
-0.542628
-0.529207
-0.514262
-0.498035
-0.480865
-0.46312
-0.44515
-0.427251
-0.409655
-0.39253
-0.375987
-0.360096
-0.344897
-0.330384
-0.609612
-0.599822
-0.59114
-0.582176
-0.571949
-0.560168
-0.546663
-0.531445
-0.514736
-0.496903
-0.478367
-0.459534
-0.440754
-0.422297
-0.404356
-0.387055
-0.370465
-0.354621
-0.339526
-0.325152
-0.620577
-0.609921
-0.600484
-0.590568
-0.579037
-0.565619
-0.550259
-0.533122
-0.514588
-0.495143
-0.475274
-0.455406
-0.435869
-0.416897
-0.398637
-0.38117
-0.364528
-0.348712
-0.333691
-0.319428
-0.63151
-0.620016
-0.609794
-0.598817
-0.585812
-0.570572
-0.5532
-0.534049
-0.513661
-0.492628
-0.471482
-0.450645
-0.430414
-0.410974
-0.392427
-0.374807
-0.358113
-0.342316
-0.327349
-0.313185
-0.642174
-0.629885
-0.618844
-0.606681
-0.592019
-0.574777
-0.555259
-0.534033
-0.511798
-0.489231
-0.466886
-0.445159
-0.424302
-0.404448
-0.385647
-0.367895
-0.351157
-0.335377
-0.320456
-0.306389
-0.652298
-0.639269
-0.627367
-0.613879
-0.597379
-0.577969
-0.556209
-0.532887
-0.508849
-0.484831
-0.461382
-0.438855
-0.417446
-0.397233
-0.378219
-0.360361
-0.343595
-0.32784
-0.312965
-0.299007
-0.661581
-0.647879
-0.635066
-0.620104
-0.601591
-0.57988
-0.555823
-0.530431
-0.504671
-0.479309
-0.454865
-0.431636
-0.409756
-0.389246
-0.370064
-0.352131
-0.335361
-0.319647
-0.30483
-0.291
-0.669695
-0.655394
-0.641614
-0.62503
-0.60435
-0.580247
-0.553888
-0.526495
-0.499127
-0.472551
-0.447235
-0.42341
-0.401143
-0.380403
-0.361103
-0.343136
-0.326392
-0.310743
-0.296005
-0.282331
-0.676294
-0.661473
-0.646666
-0.628323
-0.605354
-0.578817
-0.550202
-0.520922
-0.492091
-0.464448
-0.438393
-0.414084
-0.391522
-0.370623
-0.351263
-0.333309
-0.316631
-0.301078
-0.286446
-0.272965
-0.681022
-0.665764
-0.649872
-0.629647
-0.604313
-0.575354
-0.544584
-0.51357
-0.483447
-0.454899
-0.428249
-0.403573
-0.38081
-0.359831
-0.340476
-0.322588
-0.306021
-0.290604
-0.276114
-0.262868
-0.68352
-0.667909
-0.650879
-0.628682
-0.600956
-0.569648
-0.536872
-0.504312
-0.47309
-0.443813
-0.416715
-0.391796
-0.368936
-0.347959
-0.328679
-0.310918
-0.294516
-0.27928
-0.264975
-0.252011
-0.683439
-0.667561
-0.649351
-0.625129
-0.595042
-0.561513
-0.526928
-0.49304
-0.460928
-0.431107
-0.403717
-0.378684
-0.355832
-0.334948
-0.31582
-0.298254
-0.282076
-0.267072
-0.253002
-0.240372
-0.680448
-0.66439
-0.644977
-0.618721
-0.586362
-0.550796
-0.514635
-0.479663
-0.446883
-0.416709
-0.389188
-0.364174
-0.341442
-0.320748
-0.301856
-0.284558
-0.268669
-0.253956
-0.240176
-0.227937
-0.674247
-0.658093
-0.637477
-0.609228
-0.574745
-0.537375
-0.499905
-0.464108
-0.430893
-0.400563
-0.373074
-0.348218
-0.325724
-0.30532
-0.286752
-0.269802
-0.254275
-0.239916
-0.226488
-0.214699
-0.66457
-0.648406
-0.626615
-0.596466
-0.560061
-0.521161
-0.482674
-0.446326
-0.412912
-0.382625
-0.355337
-0.330778
-0.308644
-0.288636
-0.270487
-0.253971
-0.23888
-0.224945
-0.211935
-0.20066
-0.651195
-0.63511
-0.612202
-0.580298
-0.542222
-0.502098
-0.462905
-0.426285
-0.392912
-0.362869
-0.335949
-0.311833
-0.290182
-0.270681
-0.25305
-0.237056
-0.222484
-0.209045
-0.196525
-0.18583
-0.633952
-0.618035
-0.594102
-0.560635
-0.521182
-0.480167
-0.440587
-0.403978
-0.370884
-0.341285
-0.314902
-0.291372
-0.270332
-0.251451
-0.234441
-0.219063
-0.205094
-0.192231
-0.180276
-0.170226
-0.612727
-0.59707
-0.572237
-0.537443
-0.496937
-0.45538
-0.415737
-0.379419
-0.346839
-0.317879
-0.292199
-0.269401
-0.2491
-0.230955
-0.214671
-0.200005
-0.186728
-0.174524
-0.163216
-0.153876
-0.587462
-0.572164
-0.546583
-0.510736
-0.469526
-0.427784
-0.3884
-0.352646
-0.320805
-0.292675
-0.267862
-0.245938
-0.226504
-0.20921
-0.193759
-0.179907
-0.167415
-0.155959
-0.145382
-0.136822
-0.558164
-0.543323
-0.517179
-0.48058
-0.439029
-0.397458
-0.358647
-0.323717
-0.292834
-0.265716
-0.241925
-0.221014
-0.202572
-0.186245
-0.171735
-0.158797
-0.147189
-0.136575
-0.126823
-0.11912
-0.524898
-0.510619
-0.484117
-0.447089
-0.405566
-0.364514
-0.326576
-0.292718
-0.262996
-0.237059
-0.21444
-0.194672
-0.177342
-0.162095
-0.148632
-0.136711
-0.126084
-0.116415
-0.107592
-0.10083
-0.487793
-0.474181
-0.447545
-0.410422
-0.369293
-0.329096
-0.292311
-0.259755
-0.23138
-0.206783
-0.185469
-0.166967
-0.150861
-0.136798
-0.124485
-0.11368
-0.104136
-0.0955182
-0.0877364
-0.0819929
-0.447034
-0.434196
-0.407664
-0.370784
-0.330404
-0.291378
-0.256007
-0.22496
-0.198101
-0.174982
-0.155093
-0.137963
-0.123179
-0.110396
-0.0993278
-0.0897352
-0.0813742
-0.0739214
-0.0672915
-0.0626094
-0.402863
-0.390905
-0.36472
-0.328419
-0.289127
-0.251565
-0.217841
-0.188488
-0.163291
-0.141769
-0.123407
-0.107735
-0.0943538
-0.0829297
-0.0731862
-0.0648938
-0.0578169
-0.0516459
-0.0462735
-0.0426826
-0.355573
-0.344599
-0.319006
-0.283608
-0.245721
-0.209888
-0.178021
-0.150522
-0.127111
-0.107283
-0.0905229
-0.076374
-0.0644524
-0.0544415
-0.0460828
-0.039161
-0.0334556
-0.0286771
-0.0246921
-0.0223472
-0.305503
-0.295613
-0.270851
-0.236667
-0.200476
-0.16661
-0.136781
-0.111271
-0.0897439
-0.0716826
-0.0565779
-0.04399
-0.0335574
-0.0249892
-0.0180528
-0.0125502
-0.00828137
-0.00501879
-0.00269062
-0.00204482
-0.253033
-0.24432
-0.220621
-0.187937
-0.153706
-0.122015
-0.094379
-0.0709684
-0.0514013
-0.0351526
-0.0217252
-0.0107009
-0.00174707
0.0053894
0.0109039
0.014971
0.0177432
0.019255
0.0193478
0.0176863
-0.198573
-0.191123
-0.168704
-0.137785
-0.105749
-0.0764156
-0.0511024
-0.0298798
-0.0123264
0.00208804
0.01385
0.0233589
0.0309186
0.0367425
0.0409851
0.0437857
0.0451658
0.0447284
0.0419622
0.0379245
-0.142564
-0.136451
-0.115514
-0.0865976
-0.056962
-0.0301402
-0.00726054
0.0116996
0.0271953
0.0397624
0.0498831
0.0579508
0.0642634
0.0690301
0.0724167
0.0745768
0.0753838
0.0739001
0.0694041
0.0649406
-0.0854628
-0.0807525
-0.061476
-0.0347704
-0.0077103
0.0164692
0.0368225
0.0534544
0.0668472
0.0775394
0.0860104
0.0926554
0.097786
0.101652
0.104509
0.106643
0.107995
0.107472
0.104833
0.10904
-0.0277324
-0.0244788
-0.00702148
0.0172951
0.0416351
0.0630676
0.0808198
0.0950682
0.106314
0.115091
0.121871
0.127037
0.130901
0.133723
0.135776
0.13733
0.138348
0.138308
0.138204
0.144676
0.0301522
0.0319082
0.0474142
0.0691976
0.0907057
0.109314
0.124411
0.136235
0.145298
0.152127
0.157178
0.160824
0.163368
0.16507
0.166186
0.166939
0.167291
0.166917
0.166826
0.172086
0.0877185
0.0879503
0.101401
0.120542
0.13914
0.154875
0.167285
0.17666
0.183517
0.188367
0.191648
0.193715
0.194858
0.19532
0.195338
0.19511
0.194613
0.193601
0.192899
0.196505
0.144501
0.143196
0.154516
0.170943
0.186589
0.199433
0.209151
0.216075
0.22072
0.223579
0.225069
0.225523
0.22521
0.224352
0.223159
0.221798
0.220235
0.21826
0.216621
0.218704
0.200044
0.197206
0.206351
0.220028
0.232717
0.242683
0.24973
0.254224
0.256674
0.257552
0.25725
0.256079
0.254285
0.25207
0.249619
0.247068
0.244373
0.241343
0.23869
0.239318
0.253907
0.249554
0.256511
0.267442
0.277202
0.284336
0.288762
0.290874
0.291168
0.290097
0.288026
0.285244
0.281973
0.278395
0.274671
0.270913
0.267066
0.262971
0.259301
0.258561
0.305669
0.299835
0.304621
0.312845
0.319741
0.32412
0.326002
0.325803
0.324006
0.321041
0.317248
0.312892
0.308177
0.303262
0.298288
0.293346
0.288376
0.283248
0.278594
0.276559
0.354927
0.347661
0.350325
0.355917
0.360049
0.361778
0.361221
0.358806
0.355004
0.350221
0.344775
0.338906
0.332799
0.326596
0.320418
0.314338
0.308297
0.302191
0.296599
0.293344
0.401302
0.392669
0.393287
0.396357
0.397855
0.39707
0.394202
0.389689
0.38399
0.377486
0.370472
0.36317
0.355743
0.348319
0.341001
0.333849
0.326804
0.319785
0.313309
0.308908
0.444441
0.43452
0.433198
0.433885
0.43291
0.429772
0.424744
0.418273
0.410802
0.402691
0.394213
0.385572
0.376914
0.36835
0.35997
0.35182
0.343848
0.335987
0.328689
0.323221
0.484018
0.472901
0.469769
0.468245
0.464983
0.459676
0.45266
0.444389
0.435289
0.4257
0.415877
0.406004
0.396214
0.386604
0.37725
0.368187
0.35937
0.350744
0.34269
0.336238
0.519733
0.507527
0.502739
0.4992
0.493863
0.486593
0.477781
0.467882
0.45731
0.446386
0.435348
0.424363
0.413551
0.402997
0.392764
0.382881
0.373306
0.363995
0.355257
0.347912
0.55132
0.538141
0.531874
0.52654
0.519361
0.510353
0.49995
0.488612
0.476739
0.464634
0.45252
0.440552
0.428838
0.41745
0.406441
0.395834
0.385594
0.375681
0.366333
0.358192
0.578541
0.564519
0.556966
0.550078
0.54131
0.530803
0.519031
0.506454
0.49346
0.480339
0.4673
0.454485
0.441993
0.429887
0.418211
0.406982
0.396171
0.385742
0.375867
0.367033
0.601193
0.586466
0.577837
0.569655
0.559564
0.547812
0.534904
0.521299
0.507374
0.49341
0.479602
0.466084
0.452946
0.440244
0.428013
0.416268
0.404984
0.394126
0.38381
0.374394
0.619106
0.603819
0.59434
0.585135
0.574004
0.561273
0.54747
0.533055
0.518398
0.503769
0.489355
0.475283
0.461635
0.448463
0.435795
0.423641
0.411984
0.400789
0.390121
0.380239
0.632145
0.61645
0.606356
0.596414
0.584533
0.571096
0.556649
0.541651
0.526465
0.511355
0.496503
0.482029
0.468012
0.454498
0.441512
0.429062
0.417133
0.405692
0.394765
0.38454
0.640212
0.624265
0.613798
0.603413
0.59108
0.577219
0.562382
0.547031
0.531524
0.516122
0.501002
0.486283
0.472039
0.458315
0.445132
0.4325
0.420403
0.408809
0.397719
0.387274
0.643243
0.627204
0.616613
0.606083
0.593602
0.579599
0.564633
0.549161
0.533545
0.518041
0.502827
0.48802
0.473694
0.459892
0.446637
0.433935
0.421774
0.410122
0.398968
0.388431
0.641213
0.625243
0.614777
0.604402
0.592079
0.578222
0.563386
0.548029
0.532514
0.5171
0.501965
0.487229
0.472967
0.459221
0.446017
0.433361
0.421241
0.409624
0.398504
0.388003
0.634133
0.618391
0.6083
0.598381
0.586519
0.573093
0.558647
0.543639
0.528437
0.513304
0.498423
0.483916
0.469862
0.456306
0.443276
0.43078
0.418805
0.407319
0.396331
0.385995
0.62205
0.606694
0.597223
0.588056
0.576957
0.564244
0.550445
0.536019
0.521338
0.506676
0.49222
0.4781
0.464397
0.451164
0.43843
0.426208
0.414482
0.403221
0.392462
0.382417
0.605049
0.590233
0.581622
0.573494
0.563453
0.551731
0.538831
0.525214
0.511261
0.497255
0.483394
0.469814
0.456605
0.443824
0.431508
0.419672
0.408297
0.397352
0.386917
0.377287
0.583251
0.569124
0.5616
0.554792
0.546094
0.535631
0.523876
0.511291
0.498267
0.485099
0.471998
0.459109
0.446531
0.43433
0.42255
0.411209
0.400286
0.389748
0.379728
0.370631
0.556813
0.543516
0.537296
0.532071
0.52499
0.516046
0.505674
0.494334
0.482433
0.470279
0.458097
0.446045
0.434232
0.422735
0.411604
0.400865
0.390493
0.380451
0.370934
0.362483
0.525927
0.513591
0.508877
0.505483
0.500278
0.4931
0.484336
0.474448
0.463854
0.452882
0.441772
0.430697
0.419778
0.409102
0.398732
0.388699
0.378972
0.369513
0.360581
0.352884
0.490816
0.479565
0.476539
0.475206
0.472118
0.466937
0.459994
0.451751
0.44264
0.433009
0.423116
0.413151
0.403248
0.393507
0.384002
0.374774
0.365785
0.356992
0.348724
0.34188
0.45174
0.441683
0.440508
0.441443
0.440692
0.437722
0.432799
0.42638
0.418916
0.410774
0.402234
0.393502
0.384729
0.376029
0.36749
0.35916
0.350998
0.342951
0.335421
0.329522
0.408987
0.400222
0.401038
0.404421
0.406205
0.405639
0.402917
0.398488
0.392819
0.386302
0.379238
0.371854
0.364316
0.356755
0.349273
0.34193
0.334681
0.327456
0.320732
0.315864
0.362877
0.355489
0.358408
0.364392
0.368883
0.370892
0.37053
0.368238
0.364499
0.359729
0.354252
0.348317
0.342109
0.335774
0.329433
0.323159
0.3169
0.310573
0.304717
0.300959
0.313756
0.307814
0.312925
0.32163
0.328971
0.3337
0.335838
0.33581
0.334117
0.331198
0.327404
0.323005
0.318208
0.313176
0.308049
0.302914
0.29772
0.29236
0.287429
0.284854
0.262
0.257558
0.264918
0.276432
0.286733
0.294301
0.299052
0.301394
0.301842
0.300861
0.298828
0.296037
0.292716
0.289049
0.285193
0.281258
0.277192
0.272861
0.268908
0.267586
0.208008
0.205105
0.214739
0.229113
0.242452
0.252947
0.260399
0.265193
0.267856
0.268878
0.268663
0.267531
0.265732
0.263471
0.260928
0.258234
0.255344
0.252094
0.249163
0.249165
0.152199
0.150858
0.162764
0.180012
0.196429
0.209907
0.220121
0.227422
0.23235
0.235418
0.237057
0.237613
0.237358
0.236521
0.235306
0.233872
0.232183
0.230045
0.228166
0.229562
0.0950176
0.0952452
0.109385
0.129482
0.148983
0.165467
0.178472
0.188311
0.195528
0.200661
0.204165
0.206409
0.207693
0.208264
0.208355
0.208154
0.207641
0.206599
0.205773
0.208651
0.0369214
0.0387094
0.0550133
0.0778962
0.100446
0.119927
0.135723
0.148103
0.157611
0.164802
0.170155
0.174064
0.176848
0.17878
0.18012
0.181087
0.181678
0.181645
0.181795
0.186222
-0.0216162
-0.0182915
7.63585e-05
0.0256414
0.0511693
0.0736026
0.0921633
0.107061
0.118836
0.128058
0.135225
0.14075
0.144968
0.148168
0.150631
0.152606
0.154069
0.154696
0.15548
0.161587
-0.0801122
-0.0752889
-0.0549877
-0.026882
0.00151517
0.026825
0.0480946
0.065466
0.079465
0.0906691
0.0995914
0.106657
0.11221
0.11654
0.119947
0.122727
0.124862
0.125828
0.126619
0.134006
-0.138078
-0.131808
-0.109733
-0.0792643
-0.0481423
-0.0200625
0.00383686
0.0236184
0.0397861
0.0529202
0.0635443
0.0720931
0.078913
0.084284
0.0884899
0.0918491
0.0943282
0.0948238
0.0930491
0.0981272
-0.195024
-0.187373
-0.163708
-0.13109
-0.0974221
-0.0667074
-0.0402794
-0.0181662
0.000105535
0.0151118
0.0273786
0.0373394
0.0453265
0.0515784
0.0562873
0.059638
0.0615321
0.0610012
0.0572071
0.053325
-0.250476
-0.241516
-0.216468
-0.181945
-0.145942
-0.112754
-0.0839184
-0.0595632
-0.0392541
-0.0224229
-0.00854053
0.00283094
0.0120286
0.0192917
0.0247956
0.0287033
0.0310611
0.0314481
0.0292369
0.0255123
-0.303963
-0.293779
-0.267575
-0.23142
-0.193324
-0.157852
-0.126748
-0.10025
-0.0779693
-0.0593457
-0.0438411
-0.0309998
-0.0204573
-0.0119351
-0.00521888
-0.000113946
0.00355626
0.00582795
0.00647241
0.00507449
-0.355039
-0.343724
-0.316606
-0.279119
-0.239203
-0.201663
-0.16845
-0.139924
-0.115748
-0.0953715
-0.0782478
-0.0638997
-0.0519337
-0.0420329
-0.0339439
-0.0274502
-0.0223291
-0.0183365
-0.0154218
-0.0144018
-0.403284
-0.390937
-0.363161
-0.324666
-0.283233
-0.243868
-0.208732
-0.178314
-0.15234
-0.130277
-0.111572
-0.0957318
-0.0823418
-0.0710581
-0.0616003
-0.0537337
-0.0472179
-0.0417439
-0.0371752
-0.0343779
-0.448318
-0.435044
-0.406869
-0.36771
-0.325089
-0.284175
-0.247329
-0.215183
-0.187533
-0.163876
-0.14366
-0.126382
-0.111611
-0.0989864
-0.0882093
-0.0790301
-0.0711942
-0.0643747
-0.0584573
-0.0544248
-0.489802
-0.475707
-0.447396
-0.407932
-0.364479
-0.322318
-0.284005
-0.250319
-0.221143
-0.19601
-0.174379
-0.155743
-0.139663
-0.125765
-0.113741
-0.103332
-0.0942745
-0.0862301
-0.079107
-0.0740352
-0.527447
-0.512639
-0.484452
-0.445046
-0.401138
-0.358061
-0.31855
-0.283539
-0.253008
-0.226541
-0.203615
-0.183726
-0.166432
-0.151353
-0.138174
-0.126634
-0.116467
-0.107323
-0.0991024
-0.0930212
-0.561022
-0.545607
-0.51779
-0.478809
-0.434837
-0.391198
-0.350784
-0.314686
-0.282995
-0.255357
-0.231275
-0.210259
-0.191865
-0.175715
-0.161488
-0.148924
-0.137759
-0.127638
-0.118437
-0.111386
-0.590354
-0.574436
-0.547218
-0.509019
-0.465384
-0.421554
-0.380553
-0.343629
-0.310994
-0.282364
-0.257285
-0.235281
-0.215917
-0.198815
-0.183658
-0.170183
-0.158131
-0.147152
-0.137095
-0.12916
-0.615335
-0.599014
-0.572602
-0.535523
-0.492622
-0.448987
-0.407734
-0.370263
-0.336915
-0.30749
-0.281583
-0.258742
-0.238546
-0.220623
-0.204657
-0.190387
-0.177562
-0.165839
-0.155046
-0.146329
-0.635925
-0.619295
-0.593866
-0.558218
-0.516441
-0.473389
-0.432231
-0.394508
-0.360691
-0.33068
-0.304124
-0.280606
-0.259722
-0.241111
-0.22446
-0.209513
-0.196027
-0.183672
-0.172251
-0.162846
-0.652148
-0.635301
-0.610997
-0.577055
-0.536769
-0.494686
-0.453978
-0.416306
-0.382278
-0.351896
-0.324878
-0.300847
-0.279423
-0.260258
-0.243049
-0.227542
-0.213504
-0.200619
-0.188671
-0.178664
-0.664099
-0.647121
-0.624049
-0.592041
-0.553582
-0.512841
-0.472936
-0.435625
-0.401649
-0.371118
-0.343829
-0.319453
-0.297639
-0.278055
-0.260411
-0.244458
-0.229974
-0.216659
-0.20428
-0.19375
-0.671933
-0.654909
-0.633136
-0.603238
-0.5669
-0.527851
-0.489096
-0.452458
-0.418799
-0.388346
-0.360979
-0.336426
-0.314369
-0.294501
-0.276543
-0.260257
-0.245429
-0.231779
-0.21906
-0.208089
-0.67587
-0.658882
-0.638438
-0.610767
-0.576792
-0.539752
-0.502478
-0.466818
-0.433743
-0.403595
-0.376344
-0.351779
-0.329628
-0.309607
-0.291455
-0.274944
-0.259871
-0.245978
-0.233008
-0.221677
-0.676181
-0.659311
-0.640193
-0.614805
-0.583374
-0.548617
-0.51313
-0.478744
-0.446516
-0.416897
-0.389952
-0.365543
-0.343441
-0.323395
-0.305164
-0.288534
-0.273313
-0.259264
-0.246128
-0.234519
-0.673188
-0.656519
-0.638691
-0.615582
-0.586812
-0.554557
-0.521129
-0.488294
-0.457167
-0.428298
-0.40185
-0.377757
-0.355845
-0.335898
-0.317701
-0.301052
-0.285776
-0.271655
-0.258434
-0.246625
-0.667249
-0.650867
-0.634271
-0.613379
-0.587313
-0.557721
-0.526583
-0.495551
-0.465765
-0.43786
-0.412092
-0.388474
-0.366888
-0.347161
-0.329103
-0.312534
-0.29729
-0.283176
-0.269947
-0.258015
-0.658753
-0.642745
-0.627306
-0.60852
-0.585132
-0.558292
-0.529623
-0.500614
-0.472392
-0.445656
-0.420747
-0.397755
-0.376627
-0.357234
-0.339419
-0.323021
-0.307893
-0.293862
-0.280697
-0.268717
-0.648103
-0.632558
-0.618194
-0.601362
-0.58056
-0.556492
-0.530412
-0.503606
-0.477147
-0.45177
-0.427888
-0.405671
-0.385128
-0.366179
-0.348703
-0.332563
-0.31763
-0.303754
-0.29072
-0.278765
-0.635715
-0.620721
-0.607345
-0.592287
-0.57392
-0.552573
-0.529138
-0.504666
-0.480137
-0.456292
-0.433599
-0.412297
-0.392459
-0.37406
-0.357015
-0.341216
-0.326553
-0.312899
-0.300061
-0.288199
-0.621994
-0.607638
-0.595171
-0.581692
-0.56556
-0.546815
-0.526012
-0.503953
-0.481485
-0.459321
-0.437964
-0.41771
-0.398695
-0.380945
-0.364419
-0.349038
-0.334716
-0.321347
-0.308764
-0.297061
-0.607329
-0.593694
-0.582066
-0.569969
-0.555842
-0.539521
-0.521271
-0.501642
-0.481322
-0.460963
-0.441072
-0.421991
-0.403908
-0.386904
-0.370979
-0.356091
-0.342175
-0.32915
-0.316877
-0.305396
-0.592087
-0.579248
-0.568403
-0.557498
-0.545128
-0.531006
-0.515168
-0.497925
-0.479791
-0.461324
-0.443011
-0.425214
-0.408169
-0.392002
-0.376759
-0.362432
-0.348985
-0.33636
-0.324447
-0.313246
-0.5766
-0.56462
-0.554515
-0.544635
-0.533771
-0.521593
-0.507971
-0.493011
-0.477046
-0.460519
-0.443867
-0.427453
-0.411542
-0.396299
-0.381815
-0.368117
-0.355197
-0.343024
-0.331517
-0.320649
-0.56116
-0.550091
-0.540695
-0.531695
-0.522101
-0.511597
-0.499954
-0.487116
-0.47325
-0.458666
-0.443729
-0.428776
-0.414084
-0.39985
-0.386198
-0.373193
-0.360857
-0.349184
-0.338124
-0.327637
-0.546015
-0.535893
-0.527189
-0.518952
-0.510414
-0.501317
-0.491391
-0.48047
-0.468575
-0.455889
-0.442681
-0.429245
-0.415846
-0.402696
-0.389948
-0.377698
-0.366
-0.354873
-0.344297
-0.334233
-0.531369
-0.522214
-0.514192
-0.506627
-0.498964
-0.491023
-0.482544
-0.473299
-0.463202
-0.452317
-0.440813
-0.428918
-0.416865
-0.404867
-0.393091
-0.381659
-0.370651
-0.360113
-0.350056
-0.340446
-0.517379
-0.509196
-0.50185
-0.494892
-0.487955
-0.480947
-0.473651
-0.465824
-0.457315
-0.448087
-0.438216
-0.42785
-0.417176
-0.406383
-0.395641
-0.385087
-0.374822
-0.364917
-0.355409
-0.346277
-0.504158
-0.496938
-0.490264
-0.483867
-0.477539
-0.471275
-0.464919
-0.458253
-0.451094
-0.443342
-0.434988
-0.426101
-0.416806
-0.407255
-0.397601
-0.387982
-0.378513
-0.369283
-0.360353
-0.351715
-0.49178
-0.485502
-0.479491
-0.473623
-0.467818
-0.462144
-0.456516
-0.450764
-0.444712
-0.438225
-0.431233
-0.423733
-0.415784
-0.407487
-0.39896
-0.39033
-0.381711
-0.373202
-0.364882
-0.356746
-0.480285
-0.474918
-0.469559
-0.464194
-0.458845
-0.45364
-0.448563
-0.443505
-0.438322
-0.432876
-0.427061
-0.42082
-0.414148
-0.407086
-0.399709
-0.392112
-0.384396
-0.376657
-0.368988
-0.361365
-0.469691
-0.465194
-0.460465
-0.455578
-0.450634
-0.445804
-0.441136
-0.436584
-0.432054
-0.427427
-0.422589
-0.417448
-0.411947
-0.40607
-0.399839
-0.393306
-0.386542
-0.379628
-0.372661
-0.365578
-0.46
-0.456324
-0.452194
-0.447754
-0.44317
-0.438642
-0.434271
-0.430073
-0.426008
-0.421995
-0.417932
-0.413713
-0.409248
-0.404472
-0.399354
-0.393895
-0.388127
-0.382098
-0.375906
-0.369437
-0.451214
-0.4483
-0.444724
-0.440693
-0.436423
-0.432137
-0.427976
-0.424011
-0.420257
-0.416679
-0.413201
-0.409724
-0.406141
-0.402352
-0.39828
-0.393876
-0.389127
-0.384042
-0.378708
-0.372979
-0.443341
-0.441117
-0.438039
-0.43437
-0.430367
-0.426268
-0.422247
-0.418423
-0.414859
-0.411567
-0.408507
-0.405599
-0.402735
-0.399797
-0.396672
-0.393269
-0.38953
-0.38543
-0.381045
-0.376329
-0.436399
-0.43478
-0.432134
-0.428773
-0.424987
-0.421025
-0.417088
-0.413333
-0.409867
-0.406743
-0.403961
-0.401467
-0.399165
-0.396929
-0.394624
-0.392123
-0.38933
-0.386191
-0.382776
-0.37935
-0.430416
-0.429301
-0.427014
-0.423905
-0.420289
-0.416421
-0.412523
-0.408783
-0.405346
-0.402302
-0.399686
-0.397475
-0.39559
-0.393909
-0.392279
-0.390542
-0.388558
-0.386237
-0.383651
-0.381945
-0.425422
-0.424695
-0.422692
-0.419782
-0.416295
-0.412487
-0.408597
-0.404838
-0.401383
-0.398356
-0.395823
-0.393789
-0.392199
-0.390936
-0.389839
-0.38871
-0.387346
-0.385544
-0.383208
-0.382797
-0.421434
-0.42097
-0.419177
-0.416422
-0.413033
-0.409267
-0.405372
-0.401579
-0.398084
-0.395036
-0.392529
-0.390596
-0.389203
-0.388248
-0.387561
-0.3869
-0.38595
-0.384244
-0.380813
-0.375961
-0.418448
-0.418116
-0.416463
-0.413828
-0.410522
-0.406796
-0.402902
-0.399084
-0.395551
-0.392474
-0.389968
-0.388091
-0.386835
-0.386124
-0.385808
-0.385657
-0.38537
-0.384534
-0.382356
-0.379276
-0.416423
-0.416097
-0.414522
-0.411981
-0.408754
-0.405082
-0.401216
-0.397402
-0.393862
-0.390776
-0.388278
-0.386446
-0.385299
-0.384796
-0.384828
-0.385223
-0.38575
-0.386086
-0.385587
-0.385077
-0.415285
-0.414851
-0.413297
-0.410832
-0.40769
-0.404098
-0.400299
-0.39654
-0.393043
-0.389997
-0.387543
-0.385776
-0.384738
-0.384419
-0.384754
-0.38563
-0.386892
-0.388285
-0.389321
-0.391146
-0.414922
-0.414286
-0.412709
-0.410307
-0.407261
-0.403779
-0.400096
-0.396452
-0.393066
-0.390126
-0.387779
-0.386127
-0.385227
-0.385095
-0.385703
-0.38699
-0.38887
-0.391172
-0.393612
-0.397432
-0.415201
-0.414295
-0.412658
-0.410311
-0.407373
-0.404034
-0.400517
-0.397051
-0.39385
-0.391095
-0.388931
-0.387464
-0.386759
-0.386848
-0.387732
-0.389392
-0.391794
-0.394848
-0.398463
-0.403767
-0.415972
-0.414756
-0.413039
-0.410742
-0.407924
-0.404758
-0.401454
-0.398227
-0.39528
-0.392787
-0.390887
-0.389681
-0.389239
-0.3896
-0.390785
-0.392799
-0.395641
-0.39928
-0.403754
-0.409962
-0.417084
-0.41555
-0.413745
-0.411498
-0.408812
-0.405845
-0.402793
-0.399856
-0.397224
-0.39506
-0.393491
-0.392614
-0.392496
-0.393179
-0.394688
-0.397042
-0.400254
-0.40432
-0.409335
-0.415941
-0.418392
-0.416559
-0.414672
-0.412481
-0.40994
-0.407194
-0.404424
-0.401816
-0.399544
-0.397755
-0.396568
-0.396067
-0.396313
-0.397345
-0.399188
-0.40186
-0.405373
-0.409728
-0.415025
-0.421672
-0.419765
-0.417674
-0.415725
-0.413601
-0.411218
-0.408709
-0.406242
-0.403987
-0.4021
-0.400714
-0.399931
-0.399825
-0.400447
-0.40183
-0.403992
-0.406945
-0.41069
-0.415224
-0.420621
-0.427103
-0.421082
-0.418797
-0.416818
-0.414778
-0.412564
-0.410303
-0.408149
-0.406254
-0.404759
-0.403778
-0.403397
-0.403678
-0.404661
-0.406369
-0.408813
-0.411994
-0.415904
-0.420526
-0.425907
-0.432132
-0.422238
-0.419839
-0.417871
-0.415936
-0.413904
-0.411894
-0.410051
-0.408511
-0.407395
-0.4068
-0.406796
-0.407432
-0.408736
-0.410722
-0.413393
-0.416742
-0.420748
-0.425387
-0.430677
-0.436614
-0.423146
-0.420724
-0.418815
-0.417008
-0.415166
-0.413407
-0.411865
-0.41066
-0.409894
-0.409649
-0.409978
-0.410918
-0.412488
-0.414692
-0.417525
-0.420974
-0.42501
-0.429602
-0.434747
-0.440386
-0.423732
-0.421388
-0.41959
-0.417933
-0.416289
-0.414775
-0.413515
-0.412615
-0.412161
-0.412217
-0.412824
-0.414007
-0.415775
-0.418128
-0.421055
-0.424534
-0.428534
-0.43302
-0.437971
-0.443303
-0.423943
-0.421783
-0.420148
-0.418664
-0.417224
-0.415944
-0.414942
-0.414311
-0.414122
-0.414424
-0.415247
-0.416606
-0.418504
-0.420934
-0.423882
-0.427323
-0.431224
-0.435544
-0.440247
-0.445259
-0.423748
-0.421879
-0.420461
-0.419171
-0.417937
-0.416879
-0.416109
-0.415708
-0.415734
-0.416225
-0.417199
-0.418665
-0.420622
-0.423058
-0.425957
-0.429292
-0.433029
-0.437124
-0.441523
-0.446191
-0.423146
-0.421673
-0.42052
-0.419442
-0.418416
-0.417568
-0.417002
-0.416792
-0.416984
-0.417605
-0.418669
-0.420176
-0.422121
-0.424494
-0.427274
-0.430436
-0.433944
-0.437752
-0.441788
-0.446086
-0.422167
-0.421187
-0.420343
-0.419494
-0.418678
-0.418025
-0.417638
-0.417581
-0.417893
-0.418591
-0.419683
-0.421166
-0.423034
-0.425274
-0.427866
-0.430787
-0.434002
-0.437457
-0.441069
-0.444965
-0.420878
-0.420477
-0.41998
-0.419374
-0.418769
-0.418301
-0.418069
-0.418132
-0.418519
-0.419243
-0.420304
-0.421701
-0.423424
-0.425463
-0.427798
-0.430408
-0.433262
-0.436298
-0.439421
-0.44288
-0.419386
-0.419632
-0.419512
-0.419159
-0.418767
-0.418474
-0.418378
-0.41853
-0.418954
-0.419655
-0.420632
-0.42188
-0.423393
-0.425159
-0.427164
-0.429389
-0.43181
-0.434354
-0.436922
-0.439903
-0.481068
-0.491438
-0.305795
-0.117544
-0.147391
-0.137796
-0.0869677
-0.0733944
-0.120551
-0.128784
-0.102455
-0.0821881
-0.0709631
-0.0877542
-0.0954711
-0.075834
-0.0354705
-0.0502249
-0.0496157
-0.0275066
-0.472745
-0.48072
-0.304564
-0.116779
-0.155778
-0.136664
-0.0869637
-0.076557
-0.123873
-0.131227
-0.104163
-0.0813267
-0.0690423
-0.0853284
-0.0925867
-0.074648
-0.0356452
-0.0512049
-0.0513854
-0.0285162
-0.463043
-0.467461
-0.30233
-0.115981
-0.163298
-0.135533
-0.0867288
-0.0795774
-0.126925
-0.133592
-0.105766
-0.0803424
-0.0670072
-0.0828635
-0.0896607
-0.0734165
-0.0357766
-0.0521107
-0.0530926
-0.0295149
-0.452005
-0.45148
-0.298961
-0.115358
-0.169964
-0.134385
-0.0862571
-0.0824106
-0.129664
-0.135859
-0.10725
-0.0792504
-0.0648718
-0.0803744
-0.0867073
-0.0721454
-0.0358644
-0.0529346
-0.0547265
-0.0304978
-0.439698
-0.432658
-0.294362
-0.115137
-0.175814
-0.1332
-0.0855469
-0.0850133
-0.132056
-0.138004
-0.108606
-0.0780678
-0.0626518
-0.0778754
-0.0837402
-0.0708404
-0.0359084
-0.0536691
-0.0562759
-0.0314596
-0.426214
-0.410993
-0.288476
-0.115527
-0.180887
-0.13196
-0.0846011
-0.0873454
-0.134072
-0.140001
-0.109823
-0.0768122
-0.0603632
-0.0753791
-0.0807718
-0.0695069
-0.0359087
-0.0543069
-0.0577308
-0.0323954
-0.411675
-0.386637
-0.281282
-0.116697
-0.185212
-0.130649
-0.0834265
-0.0893717
-0.135694
-0.141825
-0.11089
-0.0755018
-0.058024
-0.0728974
-0.0778132
-0.06815
-0.035866
-0.0548414
-0.0590816
-0.0332999
-0.396232
-0.359934
-0.272802
-0.11874
-0.188815
-0.129253
-0.0820332
-0.0910621
-0.13691
-0.143449
-0.111801
-0.0741549
-0.0556526
-0.0704408
-0.074875
-0.0667743
-0.035781
-0.0552665
-0.0603198
-0.034168
-0.380079
-0.331417
-0.263099
-0.12165
-0.191722
-0.127761
-0.0804338
-0.0923931
-0.137719
-0.144844
-0.112546
-0.072789
-0.0532677
-0.0680187
-0.0719663
-0.0653839
-0.0356549
-0.0555769
-0.0614376
-0.0349948
-0.363458
-0.301785
-0.25228
-0.125312
-0.193963
-0.126167
-0.0786425
-0.0933496
-0.138127
-0.145985
-0.113121
-0.071421
-0.0508882
-0.0656392
-0.0690954
-0.0639829
-0.0354893
-0.055768
-0.0624285
-0.0357753
-0.346679
-0.271856
-0.240509
-0.129519
-0.195567
-0.124464
-0.0766763
-0.0939255
-0.138147
-0.146845
-0.113521
-0.0700659
-0.0485324
-0.0633097
-0.0662695
-0.0625755
-0.0352858
-0.0558363
-0.0632869
-0.0365051
-0.33012
-0.242495
-0.228014
-0.134011
-0.196558
-0.122661
-0.0745568
-0.0941174
-0.137794
-0.147401
-0.113744
-0.0687375
-0.0462184
-0.0610363
-0.063495
-0.0611657
-0.0350466
-0.0557793
-0.0640085
-0.0371796
-0.314225
-0.214546
-0.215097
-0.138522
-0.196961
-0.120778
-0.0723077
-0.0939083
-0.137087
-0.147631
-0.113788
-0.0674473
-0.0439631
-0.0588245
-0.0607772
-0.0597544
-0.0347738
-0.0555949
-0.0645902
-0.037795
-0.299464
-0.188759
-0.202121
-0.142827
-0.196799
-0.118822
-0.0699348
-0.0932724
-0.136041
-0.147519
-0.113652
-0.0662045
-0.0417822
-0.0566788
-0.0581207
-0.0583354
-0.0344699
-0.0552813
-0.0650299
-0.0383476
-0.286212
-0.165721
-0.189484
-0.146774
-0.196085
-0.116718
-0.0674125
-0.0922528
-0.134674
-0.147052
-0.113338
-0.0650163
-0.0396903
-0.0546031
-0.0555296
-0.0569056
-0.0341373
-0.0548399
-0.0653261
-0.0388342
-0.274594
-0.145812
-0.177569
-0.150289
-0.194813
-0.114341
-0.0647513
-0.0910771
-0.133027
-0.146223
-0.112847
-0.0638873
-0.0377006
-0.0526019
-0.0530079
-0.0555028
-0.0337766
-0.0542807
-0.0654786
-0.0392522
-0.264714
-0.129207
-0.16669
-0.153345
-0.19302
-0.11189
-0.0621713
-0.0899833
-0.131185
-0.145038
-0.112182
-0.0628198
-0.0358237
-0.0506766
-0.0505583
-0.05423
-0.0333866
-0.0536157
-0.0654918
-0.0395996
-0.257535
-0.115967
-0.157042
-0.155877
-0.190957
-0.110307
-0.0600155
-0.0883929
-0.129144
-0.143541
-0.111351
-0.0618141
-0.0340594
-0.0488132
-0.0481781
-0.0530972
-0.0329787
-0.0528188
-0.0653751
-0.0398751
-0.25412
-0.106016
-0.148755
-0.157959
-0.189019
-0.110042
-0.0577986
-0.0843749
-0.12655
-0.141758
-0.110389
-0.0608697
-0.0324057
-0.0469994
-0.0458535
-0.0515784
-0.0326063
-0.051787
-0.0651143
-0.0400793
-0.249149
-0.0983001
-0.142329
-0.160627
-0.186659
-0.107261
-0.0533603
-0.0775821
-0.12309
-0.139343
-0.109137
-0.0600292
-0.0310128
-0.0453891
-0.0435767
-0.0486097
-0.0323239
-0.0504905
-0.064621
-0.0402217
-0.205095
-0.0633207
-0.109912
-0.179085
-0.170708
-0.0740249
-0.0196777
-0.0411603
-0.100544
-0.11911
-0.094945
-0.0525727
-0.0266046
-0.0384755
-0.0307991
-0.0269096
-0.0302338
-0.0426209
-0.0605055
-0.0408446
-0.144755
-0.0905639
-0.126256
-0.153446
-0.120141
-0.0414309
0.00660112
0.00433611
-0.0316125
-0.0593912
-0.0550219
-0.0301339
-0.0228432
-0.0322172
-0.0182903
-0.00628615
-0.0113599
-0.023824
-0.0463263
-0.0339748
-0.120621
-0.103514
-0.102796
-0.0937879
-0.0753906
-0.0372101
-0.00387483
0.0122887
0.0204742
0.0046722
-0.00900772
-0.00883384
-0.0180894
-0.0189851
-0.00743307
0.00618645
0.00561626
-0.00447424
-0.0239025
-0.0194388
-0.0970239
-0.081545
-0.0659105
-0.0729862
-0.0663409
-0.0193995
0.0201976
0.0242407
0.0274402
0.0240513
0.0114508
0.000701398
-0.00988208
-0.00634181
0.00176132
0.0188082
0.0210865
0.0150706
0.00206959
-0.00262705
-0.0690845
-0.0606087
-0.057673
-0.0570839
-0.0409718
-0.0077501
0.0208732
0.0268028
0.0287402
0.0287813
0.0194607
0.00980634
0.00429626
0.00645079
0.00595805
0.0189016
0.0256278
0.027338
0.0206626
0.00903893
-0.0498804
-0.0496963
-0.0459724
-0.0380266
-0.0266887
-0.00489058
0.0178927
0.0248376
0.0266174
0.0306626
0.0243212
0.0128855
0.00842514
0.0122266
0.0134633
0.0222802
0.0263166
0.0280887
0.0226366
0.00972668
-0.0364961
-0.037767
-0.0330507
-0.0266006
-0.0198912
-0.00476773
0.0154538
0.0245919
0.0249022
0.0264906
0.0222004
0.0146011
0.0135887
0.0170139
0.0161742
0.0207172
0.0241614
0.0248188
0.0193811
0.0081973
-0.0255388
-0.0267685
-0.0242736
-0.020853
-0.0146318
-0.00144732
0.0148505
0.0214417
0.019814
0.0218162
0.0224059
0.0173333
0.0148873
0.016948
0.0167312
0.0189475
0.0213544
0.0207177
0.0156589
0.00674175
-0.0169071
-0.0188599
-0.0183711
-0.0150144
-0.00816483
0.000969282
0.0113907
0.0170483
0.01762
0.0205062
0.0215956
0.0168276
0.01426
0.0166012
0.0169581
0.0172324
0.0184972
0.0170352
0.0122771
0.00531218
-0.0105421
-0.0128421
-0.0124004
-0.00920331
-0.00439548
0.00109766
0.00908744
0.0156538
0.0170559
0.0180857
0.0188013
0.0160852
0.014421
0.0163181
0.0164124
0.0153241
0.0155282
0.0139569
0.0098433
0.00426244
-0.00552648
-0.00750036
-0.00719761
-0.00548375
-0.00228745
0.00233188
0.00903013
0.0143967
0.0150296
0.015414
0.0171242
0.016226
0.014415
0.0151228
0.0150688
0.0135922
0.013282
0.011937
0.00817888
0.00331062
-0.00136884
-0.00314256
-0.00343813
-0.00261114
0.000246025
0.00413574
0.00856192
0.0123038
0.0134633
0.0144617
0.0162415
0.0155828
0.0134965
0.0137557
0.0140522
0.0125688
0.0116919
0.0102073
0.00672661
0.00258312
0.00201842
0.000246205
-0.000320854
0.000281783
0.00247445
0.00501307
0.00787139
0.0112243
0.0130747
0.0137775
0.0146974
0.0143723
0.0129335
0.0130777
0.0132471
0.0115572
0.0101558
0.00869332
0.00575894
0.00217841
0.00483142
0.00310607
0.00246844
0.00265016
0.00387453
0.0056601
0.00803192
0.0108931
0.0124006
0.0126539
0.0134046
0.0137652
0.0127577
0.0123286
0.0121455
0.010558
0.00905137
0.00771594
0.00512684
0.00184038
0.00731756
0.00558923
0.00471344
0.0043969
0.00508164
0.00659249
0.00839828
0.0103239
0.0115361
0.0120392
0.0128419
0.0132348
0.0122046
0.0114426
0.0112593
0.00998403
0.00838619
0.00690151
0.00451316
0.00158609
0.00957008
0.0076688
0.00647239
0.00588937
0.00626867
0.00732133
0.00848511
0.00989302
0.0111756
0.0118141
0.0122358
0.0124256
0.01169
0.0109784
0.010696
0.00949219
0.00775061
0.00617826
0.00408298
0.00146786
0.0116591
0.00940789
0.00792266
0.00714972
0.00716577
0.00776838
0.00865509
0.00985088
0.0109715
0.011444
0.0116058
0.0118619
0.0114917
0.0106925
0.010117
0.00895577
0.00726376
0.0057477
0.00383763
0.00136701
0.0135569
0.0108382
0.00905062
0.0080545
0.00779574
0.0081986
0.00895699
0.00982526
0.0106444
0.0111376
0.0113438
0.0115741
0.0112375
0.0103183
0.0096508
0.00866807
0.00703473
0.00543125
0.00359301
0.00128448
0.0151543
0.0118842
0.00980568
0.00866169
0.00828388
0.00855436
0.0091418
0.00976222
0.0104611
0.011041
0.011214
0.0113015
0.0109904
0.0100998
0.00941578
0.0085186
0.006868
0.00517719
0.00342415
0.00125319
0.0161754
0.0124443
0.0101906
0.00900869
0.0085778
0.00870853
0.00918895
0.00978471
0.0104794
0.0109995
0.011037
0.0111091
0.0109593
0.0100979
0.00928931
0.00834721
0.00673124
0.00510334
0.00339772
0.00123425
-0.188205
-0.194774
-0.200874
-0.206522
-0.211738
-0.216542
-0.22096
-0.225019
-0.228744
-0.232165
-0.235301
-0.238179
-0.240784
-0.243138
-0.245103
-0.246786
-0.247717
-0.248829
-0.249048
-0.254478
-0.117839
-0.120889
-0.123715
-0.126321
-0.128709
-0.130878
-0.132829
-0.134559
-0.136063
-0.13734
-0.138382
-0.139193
-0.139766
-0.140129
-0.140273
-0.140317
-0.140203
-0.140374
-0.140653
-0.143076
-0.0697972
-0.0724974
-0.0751397
-0.0777257
-0.0802569
-0.0827343
-0.0851583
-0.0875291
-0.0898455
-0.092106
-0.0943067
-0.0964434
-0.0985064
-0.100488
-0.102366
-0.104136
-0.105752
-0.107264
-0.108658
-0.110396
-0.0482379
-0.0500785
-0.0518691
-0.0536129
-0.0553132
-0.0569737
-0.0585981
-0.0601904
-0.0617544
-0.0632944
-0.0648145
-0.0663192
-0.0678133
-0.0693022
-0.0707918
-0.072291
-0.0738134
-0.0753881
-0.0770956
-0.0791436
-0.0303959
-0.0317481
-0.0330863
-0.0344117
-0.0357258
-0.0370299
-0.0383253
-0.0396128
-0.0408935
-0.0421681
-0.0434373
-0.0447018
-0.045962
-0.0472183
-0.0484718
-0.0497225
-0.0509772
-0.0522418
-0.0535758
-0.0550837
-0.0199802
-0.0210192
-0.0220476
-0.0230659
-0.0240747
-0.0250748
-0.0260671
-0.0270522
-0.0280309
-0.0290042
-0.029973
-0.030938
-0.0319004
-0.0328609
-0.0338213
-0.0347814
-0.0357483
-0.0367201
-0.037745
-0.0388524
-0.0118576
-0.0126617
-0.0134619
-0.0142587
-0.0150526
-0.0158445
-0.0166349
-0.0174243
-0.0182135
-0.0190029
-0.0197932
-0.0205847
-0.0213782
-0.0221738
-0.0229728
-0.0237741
-0.0245836
-0.0253955
-0.02625
-0.0271409
-0.00605802
-0.00669779
-0.00733437
-0.00796788
-0.00859868
-0.00922721
-0.00985385
-0.0104789
-0.0111028
-0.0117259
-0.0123486
-0.0129714
-0.0135948
-0.0142191
-0.0148453
-0.0154729
-0.0161066
-0.0167414
-0.0174092
-0.0180971
-0.00156224
-0.00207362
-0.00258248
-0.00308884
-0.00359299
-0.00409526
-0.00459588
-0.00509502
-0.00559289
-0.00608969
-0.00658561
-0.00708084
-0.00757562
-0.00806998
-0.00856455
-0.00905856
-0.0095554
-0.0100504
-0.0105679
-0.0110923
0.0018324
0.00141752
0.00100448
0.000593212
0.000183513
-0.000224871
-0.000632108
-0.00103833
-0.00144369
-0.00184831
-0.00225234
-0.00265588
-0.00305908
-0.00346193
-0.00386483
-0.00426716
-0.00467127
-0.00507337
-0.00549125
-0.00590995
0.00451128
0.00417795
0.00384574
0.00351455
0.0031842
0.00285444
0.00252515
0.00219619
0.00186746
0.00153883
0.00121018
0.000881431
0.00055246
0.000223265
-0.000106448
-0.000436252
-0.000767819
-0.00109845
-0.00144101
-0.00178444
0.00666401
0.0064001
0.00613651
0.00587311
0.00560977
0.00534634
0.00508278
0.00481901
0.00455498
0.00429064
0.00402594
0.00376088
0.00349541
0.00322958
0.00296325
0.00269676
0.00242899
0.00216187
0.00188606
0.00160921
0.00850105
0.00829708
0.00809219
0.0078863
0.00767932
0.00747119
0.0072619
0.00705145
0.00683983
0.00662705
0.00641315
0.00619817
0.00598217
0.00576525
0.00554738
0.0053289
0.00510908
0.0048894
0.00466301
0.00443545
0.0101431
0.00998983
0.00983397
0.00967552
0.00951448
0.00935088
0.00918479
0.0090163
0.00884548
0.00867244
0.00849729
0.00832018
0.00814124
0.00796066
0.00777852
0.00759516
0.00741016
0.00722467
0.00703364
0.00684087
0.0118606
0.0117507
0.0116359
0.0115159
0.0113912
0.0112617
0.0111279
0.0109898
0.0108478
0.010702
0.0105527
0.0104002
0.0102448
0.0100866
0.00992605
0.00976339
0.00959849
0.00943229
0.00926105
0.00908729
0.0136981
0.0136185
0.0135305
0.0134345
0.013331
0.0132205
0.0131035
0.0129805
0.012852
0.0127184
0.0125803
0.012438
0.0122921
0.012143
0.0119911
0.0118368
0.0116802
0.0115223
0.0113601
0.0111955
0.016317
0.0162291
0.016129
0.0160177
0.0158963
0.0157658
0.0156271
0.0154811
0.0153286
0.0151704
0.0150073
0.0148399
0.014669
0.014495
0.0143186
0.0141403
0.0139604
0.0137796
0.013596
0.0134107
0.0196251
0.0194633
0.0192896
0.0191054
0.0189122
0.0187113
0.0185039
0.0182911
0.0180738
0.0178529
0.0176293
0.0174037
0.0171768
0.0169491
0.0167212
0.0164935
0.0162664
0.0160406
0.0158145
0.0155892
0.024583
0.0241563
0.0237357
0.0233218
0.0229148
0.0225149
0.0221223
0.0217372
0.0213597
0.0209898
0.0206276
0.0202731
0.0199264
0.0195873
0.0192559
0.018932
0.0186156
0.0183067
0.018004
0.0177083
0.0299757
0.0291929
0.0284442
0.0277276
0.0270413
0.0263838
0.0257532
0.0251483
0.0245674
0.0240094
0.0234729
0.0229569
0.0224602
0.0219818
0.0215208
0.0210762
0.0206472
0.0202332
0.0198323
0.0194455
0.0485744
0.0188302
-0.00191237
-0.0117134
-0.0208361
-0.0331785
-0.0468836
-0.0599992
-0.0722532
-0.0840652
-0.0956595
-0.106983
-0.117919
-0.128401
-0.138411
-0.147943
-0.156991
-0.165545
-0.173599
-0.181151
0.00104659
-0.0125848
-0.0229806
-0.0294706
-0.034897
-0.0412649
-0.0484399
-0.0555074
-0.0620129
-0.0680415
-0.0737941
-0.0793474
-0.0846748
-0.0897366
-0.0945199
-0.0990324
-0.103286
-0.107288
-0.111044
-0.114559
-0.00150069
-0.00668089
-0.00991519
-0.0132505
-0.0169887
-0.020869
-0.0247349
-0.0285199
-0.0321835
-0.035724
-0.0391696
-0.0425456
-0.0458575
-0.0490991
-0.0522655
-0.055357
-0.058377
-0.0613288
-0.0642149
-0.0670371
-2.17152e-05
-0.00294836
-0.00476419
-0.0071793
-0.0101811
-0.0132269
-0.0160758
-0.0187745
-0.0214077
-0.0239977
-0.0265314
-0.0289974
-0.0313941
-0.0337232
-0.0359861
-0.0381834
-0.040316
-0.0423856
-0.0443941
-0.046344
0.0017743
-0.000459088
-0.00169138
-0.00317694
-0.00508906
-0.00709065
-0.00896199
-0.0107037
-0.0123863
-0.0140466
-0.0156833
-0.0172864
-0.0188526
-0.0203847
-0.0218867
-0.0233615
-0.0248112
-0.0262376
-0.0276425
-0.029028
0.00337531
0.00165098
0.00078104
-0.0001676
-0.00142036
-0.0027873
-0.00410129
-0.00533708
-0.00653429
-0.00772231
-0.00890526
-0.0100768
-0.0112327
-0.0123725
-0.0134977
-0.0146096
-0.0157084
-0.0167946
-0.0178684
-0.0189301
0.00534052
0.00407231
0.00345255
0.00279889
0.00192818
0.000959387
1.11466e-05
-0.000890066
-0.0017661
-0.00263693
-0.00350706
-0.00437311
-0.00523185
-0.00608255
-0.00692582
-0.0077624
-0.00859272
-0.00941705
-0.0102357
-0.011049
0.00732818
0.00641269
0.00592489
0.0054058
0.00474023
0.00400648
0.00328149
0.00258404
0.00190179
0.00122244
0.000542813
-0.00013521
-0.000809528
-0.00147941
-0.002145
-0.00280658
-0.00346431
-0.00411823
-0.0047684
-0.00541495
0.00908465
0.0084528
0.00805015
0.00759888
0.00705461
0.00647435
0.00590244
0.00534724
0.0048009
0.00425669
0.00371316
0.00317146
0.00263274
0.00209742
0.00156544
0.00103664
0.000510944
-1.17068e-05
-0.000531386
-0.00104821
0.0104291
0.0100153
0.00968175
0.00927894
0.008818
0.00834616
0.00788592
0.00743677
0.00699236
0.00654941
0.00610782
0.00566848
0.00523192
0.0047982
0.00436721
0.0039388
0.0035129
0.00308943
0.00266826
0.00224928
0.0113675
0.0111102
0.0108426
0.0104946
0.0101092
0.00972768
0.00936028
0.00900117
0.00864451
0.00828875
0.00793457
0.00758275
0.00723345
0.00688654
0.00654179
0.00619905
0.00585822
0.00551917
0.00518176
0.00484583
0.0119899
0.0118432
0.0116405
0.0113559
0.0110452
0.0107451
0.0104594
0.0101803
0.00990232
0.0096246
0.00934814
0.0090736
0.00880099
0.00853003
0.00826048
0.00799216
0.00772492
0.00745864
0.00719316
0.00692832
0.0124261
0.0123691
0.0122335
0.0120161
0.0117784
0.0115538
0.0113433
0.0111381
0.0109331
0.0107277
0.0105229
0.0103192
0.0101166
0.0099147
0.00971316
0.00951176
0.00931034
0.00910873
0.00890674
0.00870423
0.0127595
0.0127918
0.0127269
0.0125759
0.012407
0.0122532
0.0121137
0.0119788
0.0118432
0.0117062
0.0115689
0.0114316
0.0112941
0.0111558
0.0110165
0.0108757
0.0107332
0.0105889
0.0104426
0.010294
0.0130418
0.0131923
0.0132214
0.0131505
0.0130598
0.0129867
0.0129292
0.0128755
0.012819
0.0127589
0.012696
0.0126306
0.0125623
0.0124905
0.0124146
0.0123344
0.0122495
0.0121598
0.0120651
0.0119654
0.0131737
0.0134356
0.0136009
0.0136713
0.0137125
0.0137604
0.0138162
0.0138699
0.013915
0.0139499
0.0139753
0.0139914
0.0139982
0.0139953
0.0139823
0.0139593
0.0139263
0.0138834
0.0138309
0.0137691
0.013688
0.0140365
0.0144418
0.0148112
0.0151207
0.0153833
0.0156138
0.0158182
0.0159965
0.0161476
0.0162717
0.0163701
0.0164443
0.0164956
0.0165252
0.0165345
0.0165245
0.0164966
0.0164519
0.0163916
0.0165341
0.0171547
0.0178033
0.0183481
0.0187836
0.0191397
0.0194376
0.0196854
0.0198855
0.02004
0.0201519
0.0202248
0.0202623
0.0202675
0.0202434
0.0201927
0.0201181
0.0200219
0.0199062
0.0197733
0.0280968
0.0318505
0.0332352
0.0327338
0.031813
0.0311497
0.0307297
0.030368
0.0299679
0.0295262
0.0290683
0.0286101
0.0281547
0.0277005
0.0272467
0.026794
0.0263435
0.0258964
0.0254536
0.0250156
0.040008
0.0521334
0.0558764
0.0534177
0.0498078
0.0472442
0.0456199
0.0442988
0.0429543
0.0415691
0.0402163
0.0389381
0.0377362
0.0365979
0.0355135
0.0344787
0.0334915
0.0325501
0.031652
0.0307947
0.115416
0.115865
0.116767
0.118124
0.119932
0.122212
0.124977
0.128249
0.132037
0.136346
0.141153
0.146401
0.15197
0.157613
0.162901
0.166971
0.168245
0.163403
0.14548
0.0982657
0.107853
0.108177
0.108766
0.109646
0.110776
0.112183
0.113796
0.115644
0.117601
0.119685
0.121657
0.123495
0.124735
0.125241
0.124077
0.120786
0.113354
0.100276
0.0764117
0.0353569
0.0989608
0.0991112
0.0993705
0.0997461
0.100206
0.100741
0.101282
0.101796
0.102162
0.102308
0.102028
0.101171
0.0993873
0.0963688
0.0915355
0.0843045
0.0738286
0.0592984
0.0401409
0.0159674
0.0893419
0.0893379
0.0893151
0.0892687
0.0891782
0.0890116
0.0887129
0.0882168
0.0874293
0.0862431
0.0845158
0.0820763
0.0787253
0.0742135
0.0683266
0.0607992
0.0515786
0.0404906
0.0274993
0.0112666
0.0796121
0.0795025
0.0792816
0.0789411
0.0784688
0.0778296
0.0769819
0.0758608
0.0744019
0.0725137
0.0701163
0.0670938
0.0633728
0.0588345
0.0534682
0.0471829
0.0400411
0.0318157
0.0222614
0.0102231
0.0702637
0.0700966
0.0697625
0.0692551
0.0685676
0.0676736
0.0665453
0.0651359
0.0634072
0.0613022
0.0587866
0.0558035
0.0523412
0.0483518
0.0438569
0.038788
0.033143
0.0266919
0.0192032
0.00986909
0.061616
0.0614269
0.0610482
0.0604759
0.0597074
0.0587268
0.0575188
0.0560555
0.0543179
0.0522762
0.049919
0.0472199
0.0441805
0.040772
0.0370033
0.0328178
0.0282066
0.0230302
0.0171698
0.010127
0.0538273
0.0536391
0.0532623
0.052694
0.051934
0.0509742
0.049808
0.0484206
0.046804
0.0449426
0.0428329
0.0404595
0.0378245
0.0349082
0.0317191
0.0282289
0.0244554
0.0203421
0.0158596
0.0107272
0.046935
0.0467606
0.0464115
0.0458853
0.0451824
0.0442991
0.0432335
0.0419783
0.0405311
0.0388832
0.0370346
0.0349758
0.0327112
0.0302312
0.0275508
0.0246628
0.0216013
0.0183569
0.0149714
0.0113777
0.0408992
0.0407441
0.0404341
0.0399661
0.0393407
0.0385558
0.0376124
0.0365073
0.0352415
0.033811
0.0322189
0.0304611
0.0285456
0.0264694
0.0242507
0.0218914
0.0194308
0.0168861
0.0143488
0.0119009
0.0356398
0.0355053
0.0352367
0.0348307
0.0342874
0.0336057
0.032788
0.0318336
0.0307464
0.0295258
0.0281782
0.0267036
0.0251127
0.023406
0.0216021
0.0197051
0.0177552
0.0157821
0.0139012
0.0122681
0.0310622
0.0309472
0.0307179
0.0303709
0.0299063
0.0293235
0.0286261
0.027815
0.0268958
0.0258701
0.0247463
0.023527
0.0222254
0.0208452
0.019406
0.0179133
0.0164047
0.0149114
0.0135505
0.0125005
0.027075
0.0269765
0.0267808
0.0264849
0.026089
0.0255937
0.0250039
0.0243223
0.0235555
0.0227059
0.0217819
0.0207864
0.0197333
0.0186291
0.0174972
0.0163486
0.0152216
0.0141448
0.013225
0.0126384
0.0236016
0.0235147
0.0233431
0.0230841
0.022739
0.0223101
0.0218045
0.0212278
0.0205891
0.0198928
0.0191473
0.0183534
0.017521
0.0166529
0.0157725
0.014898
0.0140807
0.0133622
0.0128474
0.0126894
0.0205892
0.0205072
0.0203464
0.0201045
0.0197837
0.0193878
0.0189268
0.0184101
0.0178529
0.0172655
0.0166634
0.0160506
0.0154354
0.0148088
0.0141779
0.0135445
0.012964
0.0125068
0.0123307
0.012626
0.0180145
0.0179301
0.0177653
0.0175174
0.0171894
0.0167844
0.0163142
0.0157895
0.0152318
0.0146591
0.0141045
0.0135894
0.0131477
0.0127787
0.0124846
0.0122144
0.0119661
0.0117579
0.0118172
0.0124724
0.0158836
0.0157912
0.0156097
0.0153358
0.0149717
0.0145183
0.013985
0.0133781
0.0127178
0.0120215
0.0113323
0.0106927
0.0101855
0.00987846
0.00986352
0.010135
0.0106458
0.0112013
0.0118073
0.0128639
0.0142255
0.0141239
0.0139187
0.013608
0.0131909
0.0126668
0.0120361
0.0112998
0.0104613
0.00952788
0.00851711
0.00746479
0.00644521
0.00559213
0.00512881
0.00535961
0.00659456
0.00892639
0.0119608
0.0148562
0.0130837
0.0129744
0.0127466
0.012401
0.0119323
0.0113399
0.010613
0.00974809
0.00872617
0.00754082
0.00616154
0.00458335
0.00277718
0.000794508
-0.00126057
-0.00297245
-0.00356208
-0.00150266
0.00501363
0.0172433
0.0125025
0.0123863
0.012145
0.0117776
0.0112787
0.0106436
0.00985907
0.00891278
0.00777929
0.00643225
0.0048225
0.0028936
0.000547713
-0.00232992
-0.00590188
-0.0102642
-0.0152313
-0.0194146
-0.017836
0.0052033
0.123784
0.124277
0.125387
0.127023
0.129326
0.132201
0.135881
0.140232
0.145619
0.151848
0.15949
0.168255
0.179059
0.191449
0.206989
0.224899
0.24807
0.275002
0.311315
0.353762
0.123776
0.124269
0.125378
0.127014
0.129316
0.132189
0.135868
0.140217
0.145601
0.151827
0.159463
0.168221
0.179013
0.191387
0.206899
0.22477
0.247871
0.274694
0.310828
0.352954
0.123736
0.124229
0.125338
0.126972
0.129272
0.132142
0.135817
0.140161
0.145538
0.151755
0.159377
0.168118
0.178881
0.191217
0.206661
0.224441
0.247373
0.273947
0.309654
0.351047
0.123665
0.124158
0.125265
0.126898
0.129193
0.13206
0.135728
0.140065
0.14543
0.151633
0.159234
0.167946
0.178663
0.19094
0.206276
0.223912
0.24658
0.272765
0.307797
0.348051
0.123563
0.124056
0.125161
0.12679
0.129082
0.131943
0.135602
0.139928
0.145279
0.151462
0.159033
0.167707
0.178362
0.190556
0.205747
0.223188
0.245495
0.271156
0.305267
0.343979
0.12343
0.123923
0.125025
0.126651
0.128937
0.131791
0.135439
0.139752
0.145084
0.151242
0.158776
0.167401
0.177978
0.190068
0.205077
0.222271
0.244126
0.269129
0.302073
0.338853
0.123266
0.123759
0.124858
0.12648
0.128759
0.131604
0.13524
0.139537
0.144846
0.150973
0.158465
0.16703
0.177514
0.189478
0.20427
0.221168
0.242478
0.266698
0.298228
0.332697
0.123073
0.123565
0.12466
0.126278
0.128549
0.131384
0.135006
0.139283
0.144566
0.150658
0.158099
0.166594
0.176971
0.188788
0.20333
0.219883
0.240562
0.263875
0.293749
0.325543
0.122849
0.123341
0.124433
0.126045
0.128307
0.131131
0.134736
0.138992
0.144245
0.150296
0.157681
0.166095
0.176354
0.188
0.202263
0.218422
0.238388
0.260676
0.288653
0.317426
0.122595
0.123087
0.124175
0.125782
0.128034
0.130845
0.134432
0.138664
0.143884
0.14989
0.157212
0.165536
0.175663
0.187118
0.201075
0.216791
0.235968
0.257119
0.282962
0.308389
0.122313
0.122805
0.123889
0.125489
0.12773
0.130528
0.134095
0.1383
0.143484
0.14944
0.156693
0.164917
0.174903
0.186145
0.199771
0.214999
0.233317
0.253221
0.276698
0.298477
0.122002
0.122494
0.123574
0.125168
0.127397
0.13018
0.133725
0.137902
0.143047
0.148947
0.156128
0.164242
0.174076
0.185086
0.198359
0.213051
0.230449
0.249001
0.269889
0.287741
0.121663
0.122156
0.123231
0.124818
0.127035
0.129802
0.133323
0.13747
0.142573
0.148415
0.155516
0.163512
0.173186
0.183943
0.196846
0.210956
0.227383
0.244475
0.262567
0.276234
0.121296
0.12179
0.122862
0.124442
0.126645
0.129395
0.132892
0.137005
0.142064
0.147843
0.154862
0.162732
0.172236
0.182722
0.19524
0.208722
0.224138
0.239662
0.254766
0.264007
0.120902
0.121398
0.122465
0.124038
0.126228
0.12896
0.132431
0.13651
0.141521
0.147234
0.154164
0.161901
0.171228
0.181425
0.193545
0.206358
0.220732
0.23458
0.246532
0.251102
0.120481
0.12098
0.122044
0.123609
0.125785
0.128498
0.13194
0.135983
0.140944
0.146586
0.153423
0.161018
0.17016
0.180053
0.191761
0.203865
0.21718
0.229242
0.237921
0.237556
0.120035
0.120538
0.121597
0.123155
0.125316
0.12801
0.131423
0.135427
0.140336
0.145905
0.152645
0.160091
0.16904
0.178614
0.189899
0.201258
0.213501
0.223662
0.228997
0.223402
0.119564
0.120072
0.12113
0.122682
0.12483
0.127506
0.130892
0.134862
0.139722
0.145221
0.151869
0.15917
0.167931
0.177182
0.188048
0.198628
0.209794
0.217893
0.219783
0.20849
0.119068
0.119582
0.120641
0.122191
0.124328
0.126992
0.130357
0.134298
0.139117
0.144556
0.151121
0.158288
0.166872
0.175804
0.186257
0.19603
0.20611
0.211961
0.210266
0.191926
0.118543
0.11906
0.120111
0.121649
0.123761
0.126396
0.129711
0.133597
0.138328
0.143667
0.150074
0.157048
0.165339
0.173886
0.183777
0.192722
0.201635
0.205425
0.200665
0.174246
0.117615
0.11813
0.119188
0.120723
0.122837
0.125451
0.128753
0.132591
0.137285
0.142532
0.148855
0.155667
0.163774
0.17205
0.181544
0.190058
0.198118
0.201296
0.194757
0.167387
0.11819
0.118703
0.11977
0.121316
0.123457
0.126101
0.129456
0.133352
0.138138
0.14349
0.149974
0.156986
0.165388
0.174063
0.184116
0.193482
0.202697
0.207953
0.204393
0.184891
0.118736
0.119242
0.120306
0.121854
0.124004
0.126662
0.130039
0.133966
0.138796
0.144216
0.150789
0.15795
0.16654
0.175559
0.186042
0.196249
0.206569
0.214056
0.214036
0.20127
0.119257
0.119756
0.120821
0.122374
0.124536
0.127212
0.130617
0.134581
0.139462
0.144957
0.151626
0.158945
0.167731
0.177092
0.18801
0.199021
0.210442
0.219981
0.223436
0.216237
0.119752
0.120247
0.121315
0.122874
0.125051
0.127747
0.131182
0.135186
0.140121
0.145694
0.152465
0.159941
0.168926
0.178622
0.189976
0.201752
0.214276
0.225716
0.232586
0.230535
0.120221
0.120713
0.121784
0.123351
0.125542
0.128257
0.13172
0.135764
0.14075
0.146399
0.153266
0.160892
0.17007
0.180086
0.191867
0.20437
0.217992
0.231219
0.241444
0.244272
0.120663
0.121154
0.122228
0.123801
0.126006
0.12874
0.13223
0.13631
0.141345
0.147065
0.154024
0.161793
0.171156
0.181474
0.193672
0.206861
0.221568
0.236476
0.249944
0.257425
0.121078
0.121567
0.122645
0.124225
0.126443
0.129194
0.13271
0.136825
0.141907
0.147694
0.154739
0.162643
0.172184
0.182786
0.19539
0.209222
0.224987
0.241472
0.258026
0.269952
0.121465
0.121953
0.123035
0.124622
0.126852
0.12962
0.133159
0.137308
0.142433
0.148284
0.155412
0.163442
0.173153
0.184021
0.197016
0.211446
0.228231
0.246192
0.265645
0.281804
0.121824
0.122312
0.123397
0.124991
0.127232
0.130017
0.133578
0.137758
0.142923
0.148833
0.156039
0.164187
0.174059
0.185172
0.198542
0.213523
0.231279
0.250617
0.272765
0.292924
0.122154
0.122641
0.123731
0.125331
0.127583
0.130382
0.133964
0.138173
0.143376
0.149341
0.156619
0.164875
0.174898
0.186235
0.199961
0.215448
0.234114
0.254729
0.279354
0.303257
0.122454
0.122942
0.124035
0.125642
0.127903
0.130716
0.134317
0.138552
0.14379
0.149805
0.15715
0.165504
0.175669
0.187209
0.201265
0.217212
0.23672
0.25851
0.285384
0.312747
0.122725
0.123213
0.12431
0.125922
0.128193
0.131018
0.134636
0.138895
0.144164
0.150224
0.15763
0.166072
0.176367
0.188088
0.202448
0.218809
0.239083
0.261941
0.29083
0.321345
0.122966
0.123455
0.124554
0.126172
0.12845
0.131287
0.13492
0.1392
0.144497
0.150598
0.158058
0.166577
0.176989
0.188871
0.203504
0.220232
0.24119
0.265004
0.295672
0.329006
0.123176
0.123665
0.124768
0.12639
0.128676
0.131522
0.135168
0.139467
0.144789
0.150924
0.158432
0.167018
0.177534
0.189553
0.204429
0.221476
0.243031
0.267684
0.29989
0.335691
0.123355
0.123845
0.12495
0.126577
0.128868
0.131723
0.13538
0.139695
0.145037
0.151202
0.158752
0.167394
0.177998
0.190134
0.205216
0.222534
0.244597
0.269964
0.303467
0.341366
0.123503
0.123995
0.125102
0.126731
0.129027
0.131889
0.135555
0.139883
0.145242
0.151431
0.159015
0.167702
0.178381
0.190611
0.205863
0.223402
0.245879
0.271833
0.306389
0.346001
0.123621
0.124112
0.125221
0.126854
0.129153
0.13202
0.135693
0.140031
0.145404
0.15161
0.159221
0.167944
0.178679
0.190982
0.206365
0.224075
0.246871
0.273278
0.308643
0.349574
0.123707
0.124199
0.125308
0.126943
0.129245
0.132116
0.135794
0.140139
0.14552
0.15174
0.159369
0.168116
0.178892
0.191246
0.206722
0.224551
0.247569
0.274292
0.31022
0.352067
0.123761
0.124254
0.125364
0.127
0.129303
0.132176
0.135856
0.140206
0.145592
0.151819
0.159459
0.16822
0.179019
0.191402
0.20693
0.224826
0.24797
0.274867
0.311112
0.353465
0.00847711
0.00836187
0.00812277
0.00775849
0.0072636
0.00663339
0.00585516
0.0049167
0.00379297
0.0024581
0.00086332
-0.00104673
-0.00336953
-0.00621765
-0.00975341
-0.0140695
-0.0189823
-0.0231055
-0.0214877
0.00149986
0.00905415
0.00894582
0.00871994
0.00837696
0.00791166
0.00732343
0.00660168
0.00574338
0.00472972
0.00355468
0.00218822
0.00062593
-0.00116066
-0.00311943
-0.00514616
-0.00682591
-0.00738292
-0.00529696
0.0012284
0.0134396
0.0101887
0.0100878
0.00988389
0.009575
0.00916002
0.00863846
0.00801101
0.00727885
0.00644582
0.00551923
0.0045172
0.00347571
0.00246946
0.00163204
0.00118659
0.00143613
0.00268949
0.00503725
0.00808569
0.0109959
0.0118377
0.0117456
0.0115646
0.0112912
0.0109276
0.0104745
0.00994153
0.00933534
0.00867644
0.00798229
0.00729646
0.00666136
0.00616047
0.00586109
0.00585571
0.00613801
0.00666155
0.00723092
0.00785247
0.0089242
0.0139601
0.0138755
0.0137102
0.0134613
0.0131314
0.0127237
0.0122504
0.011722
0.0111606
0.0105844
0.0100267
0.00950899
0.00906595
0.00869657
0.00840396
0.00813666
0.00789355
0.00769148
0.00775831
0.00842093
0.0165298
0.016447
0.0162844
0.0160395
0.0157142
0.0153121
0.0148436
0.014318
0.0137511
0.0131532
0.0125406
0.0119167
0.011291
0.0106541
0.0100146
0.00937314
0.00878676
0.00832381
0.00814344
0.00843547
0.0195443
0.0194558
0.019281
0.0190168
0.0186641
0.0182249
0.0177065
0.0171146
0.0164592
0.0157443
0.0149792
0.0141641
0.0133101
0.0124193
0.011517
0.0106202
0.00978185
0.00904142
0.00850493
0.00832651
0.0230313
0.0229303
0.0227297
0.0224261
0.022019
0.0215087
0.0209002
0.0201963
0.0194045
0.0185267
0.0175724
0.0165434
0.0154553
0.0143133
0.0131431
0.0119538
0.0107854
0.00966373
0.00869692
0.00806431
0.0270483
0.0269298
0.0266938
0.0263363
0.0258567
0.0252535
0.0245309
0.0236896
0.0227363
0.0216716
0.0205051
0.0192379
0.0178852
0.0164487
0.0149506
0.0133937
0.0118174
0.0102487
0.00880615
0.00767435
0.0316772
0.0315382
0.0312609
0.0308413
0.0302789
0.0295713
0.0287216
0.0277286
0.0265976
0.0253263
0.0239228
0.0223842
0.0207237
0.0189388
0.0170509
0.0150603
0.0130087
0.0109211
0.00891276
0.00714921
0.0370151
0.0368545
0.0365337
0.0360489
0.0354
0.0345835
0.0336012
0.0324488
0.0311295
0.0296364
0.0279749
0.0261367
0.0241325
0.0219546
0.0196239
0.0171367
0.0145327
0.0118231
0.00909703
0.00644946
0.0431624
0.0429813
0.0426194
0.0420731
0.0413425
0.0404218
0.0393107
0.0379999
0.0364898
0.0347677
0.0328366
0.0306812
0.0283095
0.0257051
0.0228855
0.0198351
0.0165855
0.0131173
0.00946264
0.00556161
0.0502047
0.0500087
0.0496167
0.0490247
0.048233
0.0472306
0.0460132
0.0445628
0.0428753
0.0409292
0.0387254
0.0362402
0.0334811
0.0304186
0.0270654
0.0233807
0.0193777
0.0149795
0.0101297
0.00451815
0.0581879
0.0579895
0.0575927
0.0569923
0.0561875
0.0551588
0.0538948
0.0523622
0.0505481
0.0484133
0.0459544
0.0431314
0.0399555
0.0363813
0.032426
0.0280129
0.0231289
0.0175966
0.0112403
0.00346042
0.06708
0.0669024
0.0665471
0.0660063
0.0652771
0.0643283
0.0631389
0.0616526
0.0598419
0.0576349
0.0550125
0.0518965
0.0482931
0.0441254
0.0394302
0.0341016
0.0281333
0.0212296
0.0130668
0.00265612
0.0767246
0.0766041
0.0763602
0.0759826
0.0754649
0.0747652
0.0738515
0.0726443
0.0710955
0.069091
0.0665767
0.0634049
0.0595359
0.0548066
0.0492358
0.0426663
0.0351562
0.026368
0.015939
0.00248075
0.0867995
0.0867838
0.0867383
0.086655
0.0865206
0.086294
0.0859299
0.0853443
0.0844619
0.0831468
0.081287
0.0786722
0.0751466
0.0704099
0.0642937
0.0564522
0.0468225
0.0350763
0.021034
0.00318105
0.0968104
0.0969451
0.0971803
0.0975211
0.0979416
0.0984241
0.0989055
0.0993404
0.0996157
0.0996423
0.0992239
0.098187
0.0961951
0.0929153
0.0877852
0.080186
0.0692463
0.0540081
0.0336478
0.00760081
0.106146
0.106447
0.10701
0.107856
0.108946
0.110305
0.111856
0.11364
0.115504
0.117501
0.119328
0.121034
0.122037
0.122323
0.120765
0.117097
0.10905
0.095366
0.0704388
0.0274598
0.114197
0.11463
0.115518
0.116853
0.11863
0.120864
0.123569
0.126771
0.130471
0.134682
0.139357
0.144462
0.149819
0.155232
0.160142
0.163773
0.164271
0.158518
0.139259
0.0917667
0.0361756
0.048233
0.0519378
0.0494852
0.0459
0.043359
0.0417505
0.0404416
0.0391094
0.0377375
0.0363987
0.0351346
0.0339468
0.0328226
0.0317523
0.0307317
0.0297589
0.0288318
0.0279483
0.0271057
0.02427
0.0280089
0.0293856
0.0288889
0.0279787
0.027326
0.0269152
0.0265619
0.0261704
0.0257381
0.0252902
0.0248423
0.0243975
0.0239542
0.0235116
0.0230703
0.0226317
0.0221967
0.0217663
0.021341
0.0126877
0.0133145
0.0139698
0.0145204
0.0149613
0.0153232
0.0156275
0.0158822
0.0160897
0.0162521
0.0163723
0.0164539
0.0165005
0.0165152
0.016501
0.0164607
0.0163967
0.0163115
0.0162072
0.0160861
0.00976265
0.0101195
0.010536
0.0109151
0.0112327
0.0115028
0.0117414
0.0119544
0.0121417
0.0123022
0.0124359
0.0125441
0.0126284
0.0126901
0.0127305
0.0127507
0.0127521
0.0127358
0.0127031
0.0126551
0.00913705
0.00940989
0.00959113
0.00967478
0.00972619
0.00978318
0.00984841
0.00991228
0.00996798
0.0100138
0.0100501
0.0100774
0.0100955
0.0101041
0.010103
0.0100921
0.0100714
0.0100411
0.0100015
0.00995271
0.00886531
0.00902993
0.0090804
0.00902566
0.00894592
0.00888214
0.00883464
0.00879196
0.00874712
0.00869886
0.0086479
0.00859461
0.00853864
0.00847937
0.00841631
0.00834909
0.00827749
0.00820131
0.00812044
0.00803479
0.00840702
0.00845718
0.00842018
0.00828859
0.00813072
0.0079856
0.00785595
0.00773249
0.00760906
0.00748453
0.00735963
0.00723489
0.00711015
0.00698495
0.0068589
0.00673168
0.00660306
0.00647283
0.00634082
0.00620687
0.00785628
0.00782132
0.00772181
0.00752726
0.00729994
0.00708223
0.00688037
0.00668618
0.00649322
0.0063
0.00610728
0.00591578
0.00572554
0.00553627
0.00534763
0.00515938
0.00497133
0.0047833
0.00459514
0.00440669
0.0071575
0.00703762
0.00688097
0.00662251
0.00632
0.0060232
0.00574365
0.00547403
0.00520693
0.00494011
0.00467425
0.00441029
0.00414848
0.00388863
0.00363045
0.00337372
0.00311829
0.00286404
0.00261081
0.00235847
0.00622507
0.00599932
0.00578898
0.0054699
0.00508784
0.00470319
0.00433687
0.00398376
0.00363504
0.00328705
0.00294013
0.00259545
0.00225357
0.00191444
0.00157781
0.00124345
0.000911234
0.000581055
0.000252792
-7.36845e-05
0.00492177
0.00454207
0.00427893
0.00390728
0.00344164
0.00295587
0.00248777
0.00203768
0.00159489
0.00115309
0.000711655
0.000272094
-0.00016451
-0.000597948
-0.00102844
-0.00145621
-0.0018814
-0.00230411
-0.00272442
-0.00314246
0.00313944
0.00253536
0.00222017
0.00180657
0.00124908
0.000640636
4.81368e-05
-0.00051796
-0.00107167
-0.00162426
-0.00217811
-0.00273115
-0.00328136
-0.0038281
-0.00437156
-0.00491208
-0.00544985
-0.00598494
-0.00651744
-0.00704746
0.00083878
-6.98527e-05
-0.000443209
-0.000907374
-0.0015935
-0.00237424
-0.00313695
-0.00385774
-0.00455799
-0.00525742
-0.00596084
-0.00666492
-0.00736611
-0.00806323
-0.00875663
-0.00944686
-0.0101342
-0.0108187
-0.0115005
-0.0121795
-0.00182126
-0.00309257
-0.00354219
-0.00411377
-0.00502117
-0.00606836
-0.0070792
-0.00801964
-0.00892709
-0.00983378
-0.0107465
-0.0116591
-0.0125657
-0.013465
-0.0143578
-0.0152453
-0.0161281
-0.0170063
-0.0178802
-0.01875
-0.00454413
-0.00622983
-0.00683501
-0.00768164
-0.009017
-0.0105192
-0.0119352
-0.0132361
-0.0144901
-0.0157459
-0.0170093
-0.018269
-0.0195166
-0.0207513
-0.0219755
-0.0231914
-0.0243999
-0.0256012
-0.0267956
-0.0279836
-0.00680851
-0.0088927
-0.009744
-0.0111429
-0.0132333
-0.015461
-0.0174912
-0.019337
-0.0211184
-0.0228978
-0.0246724
-0.0264225
-0.0281395
-0.0298263
-0.0314889
-0.0331318
-0.0347574
-0.0363678
-0.0379649
-0.0395512
-0.00888994
-0.0114303
-0.0126967
-0.0150735
-0.0183898
-0.0217643
-0.0248275
-0.0276775
-0.0304745
-0.0332664
-0.0360302
-0.0387402
-0.0413905
-0.0439856
-0.04653
-0.0490258
-0.0514744
-0.0538773
-0.0562368
-0.0585554
-0.0105335
-0.0152108
-0.0178576
-0.0212531
-0.0254052
-0.0296518
-0.033756
-0.037748
-0.0416567
-0.0454827
-0.0492361
-0.0529346
-0.0565868
-0.0601913
-0.0637457
-0.0672519
-0.0707149
-0.0741402
-0.077533
-0.080898
-0.0076394
-0.0203496
-0.030298
-0.0370129
-0.0426627
-0.0491433
-0.0565015
-0.0638694
-0.0707255
-0.0771165
-0.0832603
-0.0892607
-0.0951007
-0.100737
-0.106155
-0.111361
-0.116372
-0.121199
-0.12585
-0.13033
0.0434379
0.0096358
-0.0136591
-0.022799
-0.0305427
-0.0423359
-0.0561174
-0.0693407
-0.0815468
-0.093273
-0.104872
-0.116329
-0.127522
-0.138382
-0.148906
-0.159113
-0.169024
-0.178655
-0.188026
-0.197167
0.0263015
0.0255335
0.0247998
0.0240983
0.0234273
0.0227851
0.0221701
0.0215807
0.0210156
0.0204735
0.0199531
0.0194532
0.0189728
0.0185109
0.0180664
0.0176386
0.0172264
0.0168293
0.0164458
0.0160758
0.0209214
0.0205078
0.0201007
0.0197006
0.0193075
0.0189218
0.0185437
0.0181733
0.0178107
0.0174559
0.0171091
0.0167701
0.0164391
0.016116
0.0158006
0.015493
0.0151931
0.0149007
0.014615
0.0143359
0.0159499
0.0158005
0.0156395
0.0154684
0.0152887
0.0151015
0.0149082
0.0147096
0.0145069
0.0143008
0.0140923
0.013882
0.0136706
0.0134586
0.0132467
0.0130352
0.0128246
0.0126153
0.0124062
0.0121973
0.012593
0.0125179
0.0124309
0.0123332
0.0122256
0.0121092
0.0119848
0.0118534
0.0117158
0.0115727
0.0114249
0.011273
0.0111178
0.0109598
0.0107995
0.0106375
0.0104741
0.0103098
0.0101433
0.00997399
0.00989512
0.00982908
0.00975498
0.00967325
0.00958433
0.00948868
0.00938678
0.0092791
0.00916612
0.00904831
0.00892615
0.00880009
0.00867058
0.00853805
0.0084029
0.00826557
0.00812622
0.0079854
0.00784116
0.00769276
0.00794431
0.00784904
0.00774902
0.00764435
0.00753518
0.00742166
0.00730399
0.00718239
0.00705707
0.0069283
0.00679633
0.00666142
0.00652385
0.0063839
0.00624181
0.00609791
0.00595218
0.00580514
0.00565413
0.00549817
0.00607084
0.00593266
0.00579224
0.00564957
0.00550464
0.00535746
0.0052081
0.00505661
0.00490309
0.00474765
0.00459041
0.00443151
0.0042711
0.00410933
0.00394634
0.00378236
0.0036172
0.00345131
0.00328123
0.00310539
0.00421779
0.00402833
0.00383818
0.00364727
0.0034555
0.00326284
0.00306923
0.00287466
0.00267913
0.00248263
0.00228521
0.00208689
0.00188771
0.00168775
0.00148703
0.0012857
0.0010834
0.000880514
0.000672555
0.000457159
0.00210688
0.00185589
0.0016054
0.00135529
0.00110546
0.00085581
0.000606277
0.000356793
0.000107307
-0.000142219
-0.000391811
-0.000641481
-0.000891238
-0.00114106
-0.00139098
-0.00164089
-0.00189131
-0.0021419
-0.00239847
-0.0026649
-0.000398517
-0.000721846
-0.00104381
-0.00136454
-0.00168418
-0.00200284
-0.00232063
-0.00263768
-0.00295408
-0.00326993
-0.00358531
-0.00390028
-0.00421494
-0.0045293
-0.00484351
-0.0051575
-0.00547204
-0.00578698
-0.00610995
-0.00644814
-0.00355836
-0.00397228
-0.00438438
-0.00479483
-0.00520379
-0.00561144
-0.00601795
-0.00642348
-0.00682822
-0.00723234
-0.007636
-0.0080394
-0.0084427
-0.00884606
-0.00924977
-0.0096539
-0.0100596
-0.0104671
-0.0108867
-0.0113307
-0.0075752
-0.00810085
-0.00862467
-0.00914688
-0.00966775
-0.0101876
-0.0107066
-0.0112252
-0.0117436
-0.0122622
-0.0127812
-0.013301
-0.013822
-0.0143443
-0.0148685
-0.0153947
-0.0159246
-0.0164587
-0.0170114
-0.0176003
-0.012856
-0.0135302
-0.0142024
-0.0148727
-0.0155415
-0.0162089
-0.0168754
-0.0175412
-0.0182065
-0.0188718
-0.0195374
-0.0202034
-0.0208704
-0.0215385
-0.0222084
-0.02288
-0.0235561
-0.0242369
-0.0249448
-0.025704
-0.0196161
-0.0204792
-0.0213396
-0.022198
-0.023055
-0.023911
-0.0247668
-0.025623
-0.0264803
-0.0273392
-0.0282007
-0.0290653
-0.0299338
-0.0308069
-0.031686
-0.0325712
-0.0334678
-0.0343764
-0.0353358
-0.0363844
-0.029166
-0.0303433
-0.0315165
-0.0326863
-0.0338536
-0.0350194
-0.0361847
-0.0373505
-0.0385182
-0.0396889
-0.040864
-0.0420449
-0.0432334
-0.0444306
-0.0456397
-0.0468612
-0.0481056
-0.0493741
-0.050732
-0.0522323
-0.0411291
-0.0427012
-0.0442697
-0.0458371
-0.0474055
-0.0489772
-0.0505545
-0.0521398
-0.0537352
-0.0553431
-0.056966
-0.0586062
-0.0602663
-0.0619478
-0.0636546
-0.0653849
-0.0671523
-0.0689497
-0.0708759
-0.0729885
-0.060836
-0.0630816
-0.0652952
-0.06748
-0.0696388
-0.0717744
-0.0738896
-0.0759869
-0.0780685
-0.0801364
-0.0821926
-0.0842387
-0.0862772
-0.0883108
-0.0903475
-0.0923961
-0.0944933
-0.096679
-0.0991556
-0.102202
-0.0842404
-0.0875664
-0.0908826
-0.0941963
-0.0975154
-0.100848
-0.104205
-0.107595
-0.11103
-0.114523
-0.118087
-0.121735
-0.125478
-0.129325
-0.133272
-0.137312
-0.141415
-0.145555
-0.149799
-0.154413
-0.134647
-0.138806
-0.142814
-0.146675
-0.150391
-0.15396
-0.15738
-0.160648
-0.163758
-0.166706
-0.169484
-0.1721
-0.174554
-0.176902
-0.179179
-0.181611
-0.184344
-0.188125
-0.193507
-0.203062
-0.206115
-0.214919
-0.223636
-0.232327
-0.241062
-0.249916
-0.258969
-0.268314
-0.278046
-0.288267
-0.299069
-0.310553
-0.322742
-0.335694
-0.34916
-0.363102
-0.37651
-0.389641
-0.399946
-0.410985
0.0129737
0.00954329
0.00760108
0.00672831
0.00657462
0.00684067
0.0073223
0.00796334
0.00848667
0.0089135
0.00937737
0.00928014
0.00882057
0.00852669
0.00764873
0.0064285
0.00542958
0.00403731
0.00233348
0.00077718
0.011951
0.00897026
0.00719684
0.00644934
0.0063842
0.00666752
0.00720523
0.00796553
0.00859
0.00902477
0.00938703
0.00928586
0.00898812
0.00872185
0.00771546
0.00644294
0.00545988
0.00410119
0.00240029
0.000791177
0.0103422
0.00792739
0.00644168
0.00588231
0.00598966
0.00644968
0.00712965
0.00791487
0.00861783
0.00926352
0.00965244
0.00942679
0.00915457
0.00891098
0.00788042
0.00667753
0.00564017
0.00413275
0.00242744
0.000837388
0.00840951
0.00648595
0.00537433
0.00509682
0.00539102
0.00612101
0.00712944
0.00797495
0.00865506
0.00949216
0.0100027
0.00977137
0.00953222
0.00916128
0.00802808
0.00698157
0.00594949
0.00426023
0.00248708
0.000873893
0.00627173
0.00467706
0.00395498
0.00414595
0.00473255
0.00566566
0.00700323
0.00813348
0.00899542
0.0098707
0.0102095
0.0100626
0.010185
0.00972299
0.00828861
0.00725757
0.00620741
0.00444938
0.00266715
0.000936736
0.0039691
0.00254769
0.00215479
0.00288671
0.00404574
0.00539306
0.00685808
0.00807444
0.00940527
0.0106312
0.010674
0.0103421
0.0107517
0.0103397
0.0088085
0.00782317
0.0065471
0.0045441
0.00280625
0.00104188
0.00136665
6.3534e-05
7.74273e-05
0.00129106
0.00305294
0.00526795
0.00712578
0.00810554
0.00957964
0.0112721
0.0114225
0.0111291
0.0115234
0.0107867
0.00926602
0.00857697
0.00712228
0.00477344
0.00292584
0.0010823
-0.00167635
-0.00298647
-0.00233913
-0.000329101
0.00193919
0.00486227
0.00741645
0.0086952
0.0102505
0.0116934
0.0117057
0.0120688
0.012904
0.011644
0.00980801
0.00920762
0.00756022
0.00510818
0.00322253
0.00112445
-0.00529676
-0.00673124
-0.00549819
-0.00216014
0.00137532
0.00479913
0.00716637
0.00894741
0.0115926
0.0128441
0.0119763
0.0126443
0.0141182
0.0128331
0.0109774
0.0101788
0.00790605
0.00521135
0.00342688
0.00120999
-0.00976533
-0.0111178
-0.00931135
-0.00483465
0.000853117
0.00594859
0.00760955
0.00861598
0.0121741
0.0140852
0.0131168
0.0139714
0.0151916
0.0135774
0.012253
0.0115456
0.00860726
0.00543462
0.00340739
0.00110494
-0.0156331
-0.0166597
-0.013325
-0.0075177
-0.000232754
0.00689872
0.00909081
0.00964534
0.0126166
0.0139352
0.0136532
0.0161579
0.0173279
0.0147659
0.0134517
0.0125409
0.00913324
0.00585574
0.00345908
0.000861818
-0.0232915
-0.0243185
-0.0186084
-0.0091439
0.000467276
0.00742167
0.00894208
0.0110704
0.0147309
0.0141793
0.0132009
0.0174364
0.0193762
0.0169996
0.0157775
0.0136574
0.00913508
0.00574283
0.00317676
0.000628824
-0.0331075
-0.0339431
-0.0264704
-0.0118122
0.0040861
0.011275
0.00811284
0.00988449
0.0155819
0.0151994
0.0140459
0.0190571
0.0204716
0.0185622
0.01831
0.0153225
0.00951302
0.00539413
0.00198937
7.86189e-05
-0.0468494
-0.0455218
-0.0346251
-0.0160468
0.00650561
0.0175044
0.0106675
0.00860608
0.013024
0.0134908
0.0144697
0.0216919
0.022698
0.020642
0.019915
0.0153426
0.0088739
0.00523051
0.000615869
-0.000675632
-0.0672761
-0.0637068
-0.0430546
-0.0150855
0.0105642
0.0187399
0.0120044
0.0107245
0.00961805
0.00785325
0.01196
0.0224873
0.0244321
0.0233963
0.0220532
0.0147024
0.00606009
0.00264287
-0.00172036
-0.000206554
-0.0943714
-0.09057
-0.0609593
-0.0133814
0.026247
0.0247214
0.00333758
0.00614391
0.00845247
0.00269503
0.00459108
0.0184702
0.0235588
0.0215309
0.0190486
0.011143
0.00321413
0.00101939
-0.00492188
-5.15707e-05
-0.132824
-0.122812
-0.0839518
-0.021389
0.0359655
0.0362562
0.00436288
-0.00956279
-0.0127979
-0.00749108
0.00366006
0.0150342
0.0131033
0.00453094
0.000219385
7.14449e-06
-0.00121006
-0.00249496
-0.00664457
0.000956092
-0.194495
-0.169314
-0.112912
-0.0305215
0.0377748
0.0263985
-0.00441825
-0.016566
-0.0315844
-0.0327535
-0.0176077
0.0013265
-0.000553018
-0.0205004
-0.0347661
-0.0208647
-0.00473413
-0.00329443
-0.00508603
-0.00179492
-0.285889
-0.251748
-0.155692
-0.0475843
0.0220358
0.00600257
-0.0262406
-0.0338664
-0.0588197
-0.0619829
-0.0266627
0.000872047
-0.0235352
-0.0594358
-0.0791466
-0.0516006
-0.0131946
-0.00844941
-0.00490788
-0.00323401
-0.392448
-0.357351
-0.256531
-0.110476
-0.00389691
-0.0203531
-0.0495783
-0.0435701
-0.0631574
-0.0727353
-0.0428383
-0.029711
-0.063121
-0.0951382
-0.109416
-0.0751997
-0.0244903
-0.0176321
-0.0100753
-0.00603438
-0.459678
-0.445006
-0.297549
-0.108798
-0.0358834
-0.0931264
-0.0682781
-0.0327701
-0.0592369
-0.0841017
-0.060847
-0.0642523
-0.0752678
-0.103984
-0.119814
-0.0815622
-0.0264833
-0.0250271
-0.0166705
-0.0106338
-0.470301
-0.453939
-0.29596
-0.103881
-0.0400533
-0.10196
-0.0696477
-0.0326081
-0.060253
-0.0860588
-0.0632984
-0.0694311
-0.0770964
-0.10532
-0.120932
-0.0823165
-0.026965
-0.0262729
-0.0177761
-0.0113047
-0.476935
-0.455748
-0.289535
-0.0993554
-0.0417455
-0.109331
-0.070845
-0.032892
-0.0621586
-0.0877246
-0.0650814
-0.0719606
-0.0784134
-0.106387
-0.121637
-0.0829561
-0.0274782
-0.0275258
-0.018916
-0.0118619
-0.4809
-0.45994
-0.288388
-0.0998328
-0.0432991
-0.116229
-0.0718919
-0.0333672
-0.0640944
-0.089386
-0.0669341
-0.0732786
-0.0793595
-0.107169
-0.122118
-0.0834836
-0.0280023
-0.0287948
-0.0201485
-0.0124491
-0.483852
-0.466286
-0.289895
-0.102002
-0.0452854
-0.122506
-0.0728406
-0.0340564
-0.0661334
-0.0911794
-0.0689621
-0.0746152
-0.0801684
-0.107725
-0.122357
-0.0838921
-0.0285345
-0.0300785
-0.0214712
-0.0130947
-0.486296
-0.472746
-0.291189
-0.103745
-0.0473751
-0.128022
-0.0737415
-0.0349771
-0.0683849
-0.0930863
-0.0710641
-0.0761326
-0.0808751
-0.108054
-0.122334
-0.0841801
-0.0290724
-0.0313751
-0.0228752
-0.0137851
-0.488464
-0.478829
-0.292041
-0.105084
-0.0494757
-0.132735
-0.0746364
-0.0361396
-0.0708625
-0.0950749
-0.0731893
-0.0776308
-0.0814357
-0.108143
-0.122045
-0.084348
-0.0296128
-0.0326829
-0.0243557
-0.014512
-0.490597
-0.484747
-0.292951
-0.10645
-0.0517587
-0.136635
-0.0755565
-0.0375492
-0.0735579
-0.0971389
-0.0753357
-0.0789884
-0.0818224
-0.107987
-0.121492
-0.0843971
-0.0301521
-0.034
-0.0259088
-0.0152739
-0.492839
-0.490538
-0.294072
-0.107942
-0.0544314
-0.139737
-0.0765216
-0.039207
-0.0764658
-0.0992807
-0.0775057
-0.0801893
-0.0820296
-0.107588
-0.120681
-0.0843291
-0.0306868
-0.0353238
-0.0275297
-0.0160703
-0.495183
-0.496043
-0.295305
-0.109473
-0.057682
-0.142068
-0.0775401
-0.0411103
-0.0795796
-0.101499
-0.0796938
-0.0812437
-0.0820575
-0.106951
-0.119619
-0.0841466
-0.0312133
-0.0366515
-0.0292132
-0.0169001
-0.49751
-0.501078
-0.296562
-0.110964
-0.0616992
-0.14367
-0.0786097
-0.0432524
-0.0828877
-0.103789
-0.081891
-0.0821519
-0.0819056
-0.106083
-0.118316
-0.083853
-0.0317278
-0.03798
-0.0309531
-0.0177613
-0.499637
-0.505489
-0.297817
-0.112389
-0.0666667
-0.144602
-0.0797183
-0.0456229
-0.0863734
-0.106144
-0.0840887
-0.0829059
-0.0815734
-0.104995
-0.116786
-0.0834519
-0.0322267
-0.0393055
-0.0327424
-0.0186519
-0.501365
-0.509136
-0.299076
-0.113739
-0.0727307
-0.144941
-0.0808451
-0.0482069
-0.0900148
-0.108558
-0.0862784
-0.0834976
-0.081062
-0.103699
-0.115043
-0.0829477
-0.0327063
-0.0406235
-0.0345736
-0.0195693
-0.502497
-0.511868
-0.300344
-0.114996
-0.0799627
-0.144779
-0.0819635
-0.0509854
-0.0937848
-0.111022
-0.0884519
-0.0839217
-0.0803737
-0.102208
-0.113102
-0.0823451
-0.0331632
-0.0419295
-0.0364385
-0.020511
-0.502852
-0.513527
-0.301624
-0.11613
-0.0883267
-0.144224
-0.0830427
-0.0539348
-0.0976516
-0.113527
-0.0906006
-0.0841754
-0.0795116
-0.100539
-0.110981
-0.0816491
-0.033594
-0.043218
-0.0383281
-0.0214741
-0.502264
-0.513947
-0.302895
-0.117094
-0.0976608
-0.143385
-0.0840501
-0.0570275
-0.101578
-0.116065
-0.0927156
-0.0842576
-0.0784797
-0.0987077
-0.108698
-0.0808653
-0.0339954
-0.0444832
-0.040233
-0.0224555
-0.500588
-0.512959
-0.304104
-0.117826
-0.107684
-0.142365
-0.0849534
-0.0602314
-0.105524
-0.118622
-0.094788
-0.0841689
-0.0772825
-0.0967328
-0.106269
-0.0799992
-0.0343646
-0.0457188
-0.042143
-0.0234517
-0.497707
-0.510392
-0.305155
-0.118266
-0.118032
-0.141249
-0.0857226
-0.0635102
-0.109442
-0.121188
-0.0968083
-0.0839119
-0.0759254
-0.0946319
-0.103715
-0.0790572
-0.0346987
-0.0469178
-0.0440473
-0.024459
-0.493529
-0.506074
-0.305907
-0.118364
-0.128315
-0.140095
-0.0863299
-0.0668255
-0.113287
-0.123747
-0.0987666
-0.0834911
-0.0744145
-0.0924231
-0.101052
-0.0780449
-0.0349958
-0.0480735
-0.0459352
-0.0254734
-0.487994
-0.499821
-0.306183
-0.118108
-0.138188
-0.138939
-0.0867514
-0.0701353
-0.117006
-0.126285
-0.100653
-0.0829134
-0.0727575
-0.0901248
-0.0982982
-0.0769683
-0.0352537
-0.0491785
-0.0477951
-0.0264907
)
;

boundaryField
{
    inlet
    {
        type            zeroGradient;
    }
    outlet
    {
        type            fixedValue;
        value           uniform 0;
    }
    cylinder
    {
        type            zeroGradient;
    }
    top
    {
        type            symmetryPlane;
    }
    bottom
    {
        type            symmetryPlane;
    }
    defaultFaces
    {
        type            empty;
    }
}


// ************************************************************************* //
