1.275 	2.15223e-18 	-2.76991e-20 	-0.128346 	0.0226963 	-2.56858e-22
1.825 	2.15223e-18 	-1.39322e-20 	-0.263683 	0.0774666 	3.54602e-21
2.375 	2.15223e-18 	1.38775e-18 	-0.27258 	0.0896575 	-1.63836e-21
2.925 	2.15223e-18 	2.78958e-18 	-0.373759 	-0.0530561 	1.98152e-22
3.475 	2.15223e-18 	4.53849e-18 	-0.334886 	-0.233807 	-1.33354e-21
4.025 	2.15223e-18 	6.28755e-18 	-0.346315 	-0.240133 	-9.63411e-23
4.575 	2.15223e-18 	6.30203e-18 	-0.0783345 	-0.0871206 	1.70659e-21
5.125 	2.15223e-18 	6.31666e-18 	0.0360889 	0.0923552 	-1.38614e-21
5.675 	2.15223e-18 	6.33144e-18 	0.124529 	0.226759 	-1.88713e-22
6.225 	2.15223e-18 	4.61166e-18 	0.0947726 	0.248082 	-2.66741e-22
