1.275 	2.15223e-18 	-2.76991e-20 	-0.140609 	0.00702347 	-2.56891e-22
1.825 	2.15223e-18 	-1.39322e-20 	-0.263683 	0.0136135 	3.46517e-21
2.375 	2.15223e-18 	1.38775e-18 	-0.353684 	0.0147001 	-1.6941e-21
2.925 	2.15223e-18 	2.78958e-18 	-0.46436 	-0.00944878 	1.94301e-22
3.475 	2.15223e-18 	4.53849e-18 	-0.370616 	-0.0317696 	-1.14919e-21
4.025 	2.15223e-18 	6.28755e-18 	-0.324561 	-0.0294093 	-9.03439e-23
4.575 	2.15223e-18 	6.30203e-18 	-0.163354 	-0.0129883 	1.30892e-21
5.125 	2.15223e-18 	6.31666e-18 	-0.0950672 	0.00742595 	-8.55175e-22
5.675 	2.15223e-18 	6.33144e-18 	0.0243463 	0.0229453 	-9.37901e-23
6.225 	2.15223e-18 	4.61166e-18 	0.105852 	0.0264117 	-9.17375e-23
