1.22 	3.45254e-18 	-6.98323e-18 	-0.150368 	0.00484688 	-4.65281e-22
1.66 	3.45254e-18 	-6.96118e-18 	-0.2777 	0.00483124 	-1.92592e-23
2.1 	3.45254e-18 	-6.93894e-18 	-0.355984 	0.0077758 	-1.40422e-21
2.54 	3.45254e-18 	-8.30431e-18 	-0.503704 	0.00536657 	-2.45177e-23
2.98 	3.45254e-18 	-8.28171e-18 	-0.454661 	-0.00158916 	1.41477e-21
3.42 	3.45254e-18 	-6.87115e-18 	-0.413567 	-0.00746713 	1.24934e-21
3.86 	3.45254e-18 	-6.84819e-18 	-0.245281 	-0.00974199 	1.95737e-22
4.3 	3.45254e-18 	-6.82504e-18 	-0.158418 	-0.00849376 	5.05059e-22
4.74 	3.45254e-18 	-5.41391e-18 	-0.0152509 	-0.00676092 	-1.75359e-22
5.18 	3.45254e-18 	-2.61482e-18 	0.0842637 	-0.00407941 	-1.28215e-23
5.62 	3.45254e-18 	-1.2033e-18 	0.19561 	-0.00202159 	-1.20442e-23
6.06 	3.45254e-18 	-1.17937e-18 	0.279737 	-0.000534923 	-9.16309e-23
6.5 	3.45254e-18 	-1.15524e-18 	0.36133 	0.00023382 	7.18789e-23
