1.22 	3.45254e-18 	-6.98323e-18 	-0.248072 	0.00938864 	-9.77558e-22
1.66 	3.45254e-18 	-6.96118e-18 	-0.520165 	0.00515562 	-5.98194e-23
2.1 	3.45254e-18 	-6.93894e-18 	-0.511699 	-0.00244883 	-3.14659e-21
2.54 	3.45254e-18 	-8.30431e-18 	-0.480568 	-0.00794674 	-5.88067e-23
2.98 	3.45254e-18 	-8.28171e-18 	-0.211936 	-0.00864915 	1.11349e-21
3.42 	3.45254e-18 	-6.87115e-18 	-0.0798057 	-0.00631406 	4.24007e-22
3.86 	3.45254e-18 	-6.84819e-18 	0.135126 	-0.00543223 	-1.79423e-23
4.3 	3.45254e-18 	-6.82504e-18 	0.281979 	-0.00389159 	-5.08409e-22
4.74 	3.45254e-18 	-5.41391e-18 	0.424357 	-0.00304027 	3.81954e-22
5.18 	3.45254e-18 	-2.61482e-18 	0.525421 	-0.00229844 	2.4568e-22
5.62 	3.45254e-18 	-1.2033e-18 	0.607565 	-0.00193346 	-1.10653e-22
6.06 	3.45254e-18 	-1.17937e-18 	0.670594 	-0.0017429 	-3.10513e-22
6.5 	3.45254e-18 	-1.15524e-18 	0.722804 	-0.00164119 	1.55191e-22
