1.275 	2.15223e-18 	-2.76991e-20 	0.0577794 	-0.000858664 	-4.70025e-22
1.825 	2.15223e-18 	-1.39322e-20 	0.0804583 	0.513863 	5.52992e-21
2.375 	2.15223e-18 	1.38775e-18 	-0.103568 	0.567687 	-1.65742e-21
2.925 	2.15223e-18 	2.78958e-18 	0.622631 	0.066579 	-1.58699e-22
3.475 	2.15223e-18 	4.53849e-18 	0.913859 	-0.448038 	-1.07186e-21
4.025 	2.15223e-18 	6.28755e-18 	0.832322 	-0.590972 	7.4438e-23
4.575 	2.15223e-18 	6.30203e-18 	0.844179 	-0.510196 	8.43236e-22
5.125 	2.15223e-18 	6.31666e-18 	0.959135 	-0.184749 	-1.29127e-21
5.675 	2.15223e-18 	6.33144e-18 	1.04827 	0.270508 	-4.56668e-22
6.225 	2.15223e-18 	4.61166e-18 	0.989474 	0.436117 	-6.58272e-22
