1.22 	3.45254e-18 	-6.98323e-18 	-0.0254394 	0.354885 	-1.41307e-21
1.66 	3.45254e-18 	-6.96118e-18 	0.327574 	-0.108275 	-9.15585e-23
2.1 	3.45254e-18 	-6.93894e-18 	0.575202 	-0.570278 	-3.20895e-21
2.54 	3.45254e-18 	-8.30431e-18 	0.213139 	-0.71048 	4.77625e-23
2.98 	3.45254e-18 	-8.28171e-18 	0.518813 	-0.367506 	1.02764e-21
3.42 	3.45254e-18 	-6.87115e-18 	0.799889 	0.216764 	2.00668e-21
3.86 	3.45254e-18 	-6.84819e-18 	0.872483 	0.532739 	4.12766e-22
4.3 	3.45254e-18 	-6.82504e-18 	0.770496 	0.681465 	1.2321e-21
4.74 	3.45254e-18 	-5.41391e-18 	0.820518 	0.463859 	-6.57717e-22
5.18 	3.45254e-18 	-2.61482e-18 	0.928494 	0.0805761 	-6.47596e-22
5.62 	3.45254e-18 	-1.2033e-18 	0.98384 	-0.256469 	3.57269e-22
6.06 	3.45254e-18 	-1.17937e-18 	0.935539 	-0.504764 	9.89447e-22
6.5 	3.45254e-18 	-1.15524e-18 	0.88485 	-0.555478 	-3.99518e-22
