1.22 	3.45254e-18 	-6.98323e-18 	0.114255 	0.144936 	-1.51933e-21
1.66 	3.45254e-18 	-6.96118e-18 	0.0781948 	0.656934 	-1.25434e-22
2.1 	3.45254e-18 	-6.93894e-18 	0.0478944 	0.589916 	-2.01394e-21
2.54 	3.45254e-18 	-8.30431e-18 	0.627373 	-0.0359004 	1.67683e-23
2.98 	3.45254e-18 	-8.28171e-18 	0.857977 	-0.470009 	1.98852e-21
3.42 	3.45254e-18 	-6.87115e-18 	0.82802 	-0.631026 	1.29941e-21
3.86 	3.45254e-18 	-6.84819e-18 	0.766495 	-0.639979 	2.27391e-22
4.3 	3.45254e-18 	-6.82504e-18 	0.874585 	-0.305162 	1.05939e-21
4.74 	3.45254e-18 	-5.41391e-18 	0.98127 	0.123933 	-1.13601e-21
5.18 	3.45254e-18 	-2.61482e-18 	1.04529 	0.336665 	-6.54266e-22
5.62 	3.45254e-18 	-1.2033e-18 	0.97035 	0.558586 	2.76901e-22
6.06 	3.45254e-18 	-1.17937e-18 	0.946568 	0.553278 	5.51724e-22
6.5 	3.45254e-18 	-1.15524e-18 	0.983828 	0.318386 	-4.14263e-22
