1.22 	3.45254e-18 	-6.98323e-18 	0.0797169 	-0.376818 	-1.40607e-21
1.66 	3.45254e-18 	-6.96118e-18 	-0.331012 	-0.649708 	-1.053e-22
2.1 	3.45254e-18 	-6.93894e-18 	0.424575 	-0.222869 	-2.06261e-21
2.54 	3.45254e-18 	-8.30431e-18 	0.730114 	0.360986 	-6.3343e-23
2.98 	3.45254e-18 	-8.28171e-18 	0.801482 	0.620383 	1.63298e-21
3.42 	3.45254e-18 	-6.87115e-18 	0.700939 	0.665792 	9.79255e-22
3.86 	3.45254e-18 	-6.84819e-18 	0.774643 	0.409502 	2.11687e-22
4.3 	3.45254e-18 	-6.82504e-18 	0.949877 	-0.0523161 	1.55763e-21
4.74 	3.45254e-18 	-5.41391e-18 	1.02231 	-0.35778 	-1.13273e-21
5.18 	3.45254e-18 	-2.61482e-18 	0.994607 	-0.505056 	-5.38913e-22
5.62 	3.45254e-18 	-1.2033e-18 	0.918683 	-0.609838 	2.27096e-22
6.06 	3.45254e-18 	-1.17937e-18 	0.978755 	-0.371698 	6.07121e-22
6.5 	3.45254e-18 	-1.15524e-18 	1.01968 	-0.0848776 	-5.65637e-22
