1.275 	2.15223e-18 	-2.76991e-20 	-0.07951 	-0.100381 	-3.71921e-22
1.825 	2.15223e-18 	-1.39322e-20 	-0.112784 	0.332661 	4.59969e-21
2.375 	2.15223e-18 	1.38775e-18 	-0.208573 	0.525322 	-1.87089e-21
2.925 	2.15223e-18 	2.78958e-18 	0.378678 	0.0988246 	-8.86647e-24
3.475 	2.15223e-18 	4.53849e-18 	0.731956 	-0.361015 	-1.40806e-21
4.025 	2.15223e-18 	6.28755e-18 	0.61081 	-0.605143 	1.92937e-23
4.575 	2.15223e-18 	6.30203e-18 	0.567877 	-0.526371 	9.14515e-22
5.125 	2.15223e-18 	6.31666e-18 	0.832833 	-0.0508029 	-1.57309e-21
5.675 	2.15223e-18 	6.33144e-18 	0.892194 	0.392042 	-4.44839e-22
6.225 	2.15223e-18 	4.61166e-18 	0.775638 	0.580369 	-6.29845e-22
