1.22 	3.45254e-18 	-6.98323e-18 	-0.105209 	0.523825 	-1.34868e-21
1.66 	3.45254e-18 	-6.96118e-18 	0.243311 	0.160228 	-5.74895e-23
2.1 	3.45254e-18 	-6.93894e-18 	0.689845 	-0.419536 	-3.46837e-21
2.54 	3.45254e-18 	-8.30431e-18 	0.738123 	-0.638125 	1.51914e-23
2.98 	3.45254e-18 	-8.28171e-18 	0.577891 	-0.695246 	1.03092e-21
3.42 	3.45254e-18 	-6.87115e-18 	0.70434 	-0.283139 	1.03331e-21
3.86 	3.45254e-18 	-6.84819e-18 	0.923742 	0.165747 	3.7999e-22
4.3 	3.45254e-18 	-6.82504e-18 	0.995184 	0.476176 	1.77573e-21
4.74 	3.45254e-18 	-5.41391e-18 	0.9023 	0.605976 	-8.07557e-22
5.18 	3.45254e-18 	-2.61482e-18 	0.896608 	0.52942 	-3.92049e-22
5.62 	3.45254e-18 	-1.2033e-18 	0.977288 	0.284189 	2.33649e-22
6.06 	3.45254e-18 	-1.17937e-18 	1.04155 	-0.0903441 	1.00324e-21
6.5 	3.45254e-18 	-1.15524e-18 	1.04672 	-0.278654 	-5.58955e-22
