1.22 	3.45254e-18 	-6.98323e-18 	-0.101612 	-0.0755913 	-5.21756e-22
1.66 	3.45254e-18 	-6.96118e-18 	-0.211311 	-0.0632024 	-2.79789e-23
2.1 	3.45254e-18 	-6.93894e-18 	-0.148688 	0.235995 	-1.36354e-21
2.54 	3.45254e-18 	-8.30431e-18 	-0.255477 	0.501513 	-7.40423e-24
2.98 	3.45254e-18 	-8.28171e-18 	0.0759126 	0.277876 	1.26267e-21
3.42 	3.45254e-18 	-6.87115e-18 	0.308657 	-0.176731 	1.53166e-21
3.86 	3.45254e-18 	-6.84819e-18 	0.393872 	-0.44856 	2.94233e-22
4.3 	3.45254e-18 	-6.82504e-18 	0.267788 	-0.618302 	9.68052e-22
4.74 	3.45254e-18 	-5.41391e-18 	0.227389 	-0.538452 	-6.31999e-22
5.18 	3.45254e-18 	-2.61482e-18 	0.401113 	-0.147863 	-4.57337e-22
5.62 	3.45254e-18 	-1.2033e-18 	0.537538 	0.209284 	2.41954e-22
6.06 	3.45254e-18 	-1.17937e-18 	0.626668 	0.416798 	6.67875e-22
6.5 	3.45254e-18 	-1.15524e-18 	0.567674 	0.540535 	-2.90806e-22
