1.22 	3.45254e-18 	-6.98323e-18 	-0.100111 	0.0520565 	-4.7967e-22
1.66 	3.45254e-18 	-6.96118e-18 	-0.211996 	0.168065 	-2.05886e-23
2.1 	3.45254e-18 	-6.93894e-18 	-0.195935 	0.190492 	-1.50712e-21
2.54 	3.45254e-18 	-8.30431e-18 	-0.106997 	-0.0995839 	-2.82992e-23
2.98 	3.45254e-18 	-8.28171e-18 	-0.0280754 	-0.442644 	1.315e-21
3.42 	3.45254e-18 	-6.87115e-18 	-0.173986 	-0.541754 	1.21823e-21
3.86 	3.45254e-18 	-6.84819e-18 	0.0785046 	-0.298246 	2.8042e-22
4.3 	3.45254e-18 	-6.82504e-18 	0.264913 	0.0994963 	1.38371e-21
4.74 	3.45254e-18 	-5.41391e-18 	0.36845 	0.357358 	-8.58732e-22
5.18 	3.45254e-18 	-2.61482e-18 	0.330132 	0.508427 	-4.02302e-22
5.62 	3.45254e-18 	-1.2033e-18 	0.198723 	0.557287 	1.77629e-22
6.06 	3.45254e-18 	-1.17937e-18 	0.25857 	0.379397 	5.58632e-22
6.5 	3.45254e-18 	-1.15524e-18 	0.421871 	0.0547674 	-4.30053e-22
