1.22 	3.45254e-18 	-6.98323e-18 	-0.123068 	0.00908523 	-4.18714e-22
1.66 	3.45254e-18 	-6.96118e-18 	-0.242562 	0.0157539 	-2.10221e-23
2.1 	3.45254e-18 	-6.93894e-18 	-0.263902 	0.0178062 	-1.19012e-21
2.54 	3.45254e-18 	-8.30431e-18 	-0.338117 	0.000560429 	7.55902e-24
2.98 	3.45254e-18 	-8.28171e-18 	-0.381015 	-0.0328621 	1.31129e-21
3.42 	3.45254e-18 	-6.87115e-18 	-0.430711 	-0.0570113 	1.42687e-21
3.86 	3.45254e-18 	-6.84819e-18 	-0.361141 	-0.048203 	2.82107e-22
4.3 	3.45254e-18 	-6.82504e-18 	-0.311986 	-0.0141323 	1.0052e-21
4.74 	3.45254e-18 	-5.41391e-18 	-0.200384 	0.020552 	-5.08477e-22
5.18 	3.45254e-18 	-2.61482e-18 	-0.129325 	0.0426928 	-2.06137e-22
5.62 	3.45254e-18 	-1.2033e-18 	-0.0317153 	0.0482708 	6.91212e-23
6.06 	3.45254e-18 	-1.17937e-18 	0.0426821 	0.0414876 	1.13773e-22
6.5 	3.45254e-18 	-1.15524e-18 	0.12869 	0.0264257 	-1.73736e-23
