1.22 	3.45254e-18 	-6.98323e-18 	-0.203968 	-0.0111034 	-4.42434e-22
1.66 	3.45254e-18 	-6.96118e-18 	0.156627 	-0.0146547 	-1.83685e-23
2.1 	3.45254e-18 	-6.93894e-18 	0.547596 	-0.00958348 	1.6169e-22
2.54 	3.45254e-18 	-8.30431e-18 	0.715564 	-0.00533345 	2.19872e-23
2.98 	3.45254e-18 	-8.28171e-18 	0.840365 	-0.00305699 	-1.49382e-22
3.42 	3.45254e-18 	-6.87115e-18 	0.898854 	-0.00163692 	-1.50151e-22
3.86 	3.45254e-18 	-6.84819e-18 	0.93469 	-0.000925459 	-2.37502e-23
4.3 	3.45254e-18 	-6.82504e-18 	0.954773 	-0.000546153 	-7.89001e-23
4.74 	3.45254e-18 	-5.41391e-18 	0.967535 	-0.000340761 	4.03532e-23
5.18 	3.45254e-18 	-2.61482e-18 	0.975776 	-0.000223508 	1.88099e-23
5.62 	3.45254e-18 	-1.2033e-18 	0.981445 	-0.000154183 	-7.56028e-24
6.06 	3.45254e-18 	-1.17937e-18 	0.985493 	-0.000110396 	-1.87049e-23
6.5 	3.45254e-18 	-1.15524e-18 	0.988487 	-8.21197e-05 	8.61628e-24
