1.22 	3.45254e-18 	-6.98323e-18 	-0.0777373 	-0.16041 	-6.34071e-22
1.66 	3.45254e-18 	-6.96118e-18 	-0.0692356 	0.206456 	-3.59159e-23
2.1 	3.45254e-18 	-6.93894e-18 	-0.104828 	0.62595 	-1.49063e-21
2.54 	3.45254e-18 	-8.30431e-18 	0.163347 	0.338688 	5.28005e-23
2.98 	3.45254e-18 	-8.28171e-18 	0.526532 	-0.215296 	1.45218e-21
3.42 	3.45254e-18 	-6.87115e-18 	0.611934 	-0.507788 	1.16596e-21
3.86 	3.45254e-18 	-6.84819e-18 	0.45484 	-0.669639 	1.80634e-22
4.3 	3.45254e-18 	-6.82504e-18 	0.51826 	-0.447972 	5.52062e-22
4.74 	3.45254e-18 	-5.41391e-18 	0.726406 	0.0291804 	-5.69727e-22
5.18 	3.45254e-18 	-2.61482e-18 	0.83106 	0.345518 	-3.81501e-22
5.62 	3.45254e-18 	-1.2033e-18 	0.779147 	0.545314 	1.5549e-22
6.06 	3.45254e-18 	-1.17937e-18 	0.686575 	0.605056 	3.60771e-22
6.5 	3.45254e-18 	-1.15524e-18 	0.727866 	0.354797 	-1.87996e-22
