1.275 	2.15223e-18 	-2.76991e-20 	0.0430022 	-0.138908 	-4.71511e-22
1.825 	2.15223e-18 	-1.39322e-20 	-0.126832 	-0.568382 	5.14769e-21
2.375 	2.15223e-18 	1.38775e-18 	0.196818 	-0.419129 	-1.3798e-21
2.925 	2.15223e-18 	2.78958e-18 	0.74777 	0.197279 	7.73645e-23
3.475 	2.15223e-18 	4.53849e-18 	0.895381 	0.539454 	-7.50849e-22
4.025 	2.15223e-18 	6.28755e-18 	0.762169 	0.598985 	7.83905e-23
4.575 	2.15223e-18 	6.30203e-18 	0.888324 	0.383632 	9.90083e-22
5.125 	2.15223e-18 	6.31666e-18 	1.00894 	-0.107896 	-1.78396e-21
5.675 	2.15223e-18 	6.33144e-18 	1.03823 	-0.418417 	-3.54995e-22
6.225 	2.15223e-18 	4.61166e-18 	0.953318 	-0.510908 	-5.50618e-22
