1.275 	2.15223e-18 	-2.76991e-20 	-0.147132 	0.0061969 	-2.67833e-22
1.825 	2.15223e-18 	-1.39322e-20 	-0.287127 	0.00494794 	3.69843e-21
2.375 	2.15223e-18 	1.38775e-18 	-0.424323 	-0.000888348 	-1.93011e-21
2.925 	2.15223e-18 	2.78958e-18 	-0.47868 	-0.00893937 	1.87549e-22
3.475 	2.15223e-18 	4.53849e-18 	-0.322201 	-0.00684964 	-9.41999e-22
4.025 	2.15223e-18 	6.28755e-18 	-0.266696 	-0.000128448 	-7.60676e-23
4.575 	2.15223e-18 	6.30203e-18 	-0.108806 	0.00354464 	1.04683e-21
5.125 	2.15223e-18 	6.31666e-18 	-0.0253073 	0.00397569 	-6.01459e-22
5.675 	2.15223e-18 	6.33144e-18 	0.0980869 	0.000790788 	-4.86343e-23
6.225 	2.15223e-18 	4.61166e-18 	0.19076 	-0.00274673 	-7.77826e-25
