1.22 	3.45254e-18 	-6.98323e-18 	0.107806 	0.133993 	-1.52668e-21
1.66 	3.45254e-18 	-6.96118e-18 	0.0874204 	0.655567 	-1.25633e-22
2.1 	3.45254e-18 	-6.93894e-18 	0.0609158 	0.592558 	-2.02861e-21
2.54 	3.45254e-18 	-8.30431e-18 	0.619481 	-0.0445019 	9.57276e-24
2.98 	3.45254e-18 	-8.28171e-18 	0.859753 	-0.462497 	2.0217e-21
3.42 	3.45254e-18 	-6.87115e-18 	0.823949 	-0.646817 	1.39622e-21
3.86 	3.45254e-18 	-6.84819e-18 	0.76815 	-0.649691 	2.32744e-22
4.3 	3.45254e-18 	-6.82504e-18 	0.876256 	-0.258968 	1.18744e-21
4.74 	3.45254e-18 	-5.41391e-18 	0.993051 	0.130646 	-1.19101e-21
5.18 	3.45254e-18 	-2.61482e-18 	1.03996 	0.390099 	-7.09554e-22
5.62 	3.45254e-18 	-1.2033e-18 	0.952501 	0.601506 	2.78796e-22
6.06 	3.45254e-18 	-1.17937e-18 	0.950201 	0.51429 	5.86969e-22
6.5 	3.45254e-18 	-1.15524e-18 	1.00768 	0.302643 	-4.95116e-22
