/*--------------------------------*- C++ -*----------------------------------*\
  =========                 |
  \\      /  F ield         | OpenFOAM: The Open Source CFD Toolbox
   \\    /   O peration     | Website:  https://openfoam.org
    \\  /    A nd           | Version:  6.0
     \\/     M anipulation  |
\*---------------------------------------------------------------------------*/
FoamFile
{
    version     2.0;
    format      ascii;
    class       volScalarField;
    location    "17.4";
    object      p;
}
// * * * * * * * * * * * * * * * * * * * * * * * * * * * * * * * * * * * * * //

dimensions      [0 2 -2 0 0 0 0];

internalField   nonuniform List<scalar> 
8000
(
-0.275915
-0.277012
-0.277722
-0.278232
-0.278658
-0.279019
-0.27933
-0.279607
-0.27986
-0.280095
-0.28032
-0.280539
-0.280757
-0.280981
-0.281214
-0.281467
-0.281743
-0.282022
-0.282292
-0.282806
-0.276062
-0.277152
-0.277856
-0.27836
-0.27878
-0.279134
-0.279439
-0.279709
-0.279954
-0.280183
-0.280399
-0.28061
-0.28082
-0.281035
-0.28126
-0.281504
-0.281772
-0.282044
-0.282306
-0.282817
-0.276348
-0.277422
-0.278114
-0.278606
-0.279014
-0.279355
-0.279646
-0.279901
-0.280132
-0.280344
-0.280544
-0.280737
-0.280929
-0.281126
-0.281332
-0.281559
-0.28181
-0.282065
-0.282311
-0.282815
-0.276768
-0.27782
-0.278494
-0.278969
-0.279357
-0.279678
-0.279948
-0.280181
-0.280387
-0.280575
-0.280749
-0.280915
-0.281078
-0.281245
-0.281423
-0.28162
-0.281845
-0.282075
-0.282294
-0.282786
-0.277321
-0.278344
-0.278995
-0.279446
-0.279808
-0.280101
-0.280341
-0.280543
-0.280717
-0.28087
-0.281007
-0.281134
-0.281258
-0.281383
-0.281519
-0.281675
-0.281861
-0.282055
-0.282237
-0.282713
-0.278002
-0.278992
-0.279614
-0.280035
-0.280364
-0.280622
-0.280823
-0.280985
-0.281116
-0.281222
-0.281311
-0.281387
-0.281457
-0.281528
-0.281607
-0.281708
-0.281842
-0.281986
-0.282121
-0.282574
-0.278809
-0.279762
-0.280349
-0.280734
-0.281023
-0.281236
-0.281391
-0.281502
-0.281579
-0.281629
-0.281656
-0.281668
-0.281669
-0.281668
-0.281675
-0.281704
-0.281769
-0.281849
-0.281922
-0.282346
-0.279739
-0.280652
-0.281199
-0.281542
-0.281782
-0.281943
-0.282041
-0.282092
-0.282105
-0.282085
-0.282039
-0.281971
-0.281888
-0.281797
-0.281712
-0.281649
-0.281626
-0.281622
-0.281618
-0.282005
-0.280793
-0.281661
-0.282164
-0.282457
-0.282642
-0.282741
-0.282775
-0.282756
-0.282694
-0.282594
-0.28246
-0.282298
-0.282113
-0.281915
-0.281716
-0.281538
-0.281401
-0.28129
-0.281189
-0.28153
-0.281972
-0.282793
-0.283245
-0.28348
-0.283601
-0.283632
-0.283592
-0.283495
-0.283349
-0.283159
-0.282927
-0.282657
-0.282354
-0.282028
-0.281692
-0.281371
-0.281091
-0.280841
-0.280614
-0.280895
-0.283282
-0.284048
-0.284442
-0.284613
-0.284663
-0.284617
-0.284495
-0.284313
-0.284076
-0.283788
-0.283449
-0.28306
-0.282625
-0.282151
-0.281654
-0.28116
-0.280701
-0.280271
-0.279877
-0.280076
-0.284727
-0.285432
-0.285761
-0.285858
-0.285827
-0.285697
-0.285488
-0.285214
-0.284882
-0.284491
-0.28404
-0.283526
-0.282948
-0.282311
-0.281629
-0.280929
-0.280248
-0.279585
-0.278963
-0.27904
-0.286317
-0.286951
-0.287204
-0.287218
-0.287098
-0.286875
-0.286571
-0.286203
-0.285772
-0.285278
-0.284714
-0.284072
-0.283347
-0.282536
-0.281649
-0.280711
-0.27976
-0.278795
-0.277858
-0.277745
-0.288061
-0.288613
-0.288778
-0.288697
-0.288476
-0.288151
-0.287747
-0.287279
-0.286749
-0.286153
-0.285479
-0.284713
-0.283842
-0.282854
-0.281748
-0.280542
-0.27927
-0.277922
-0.276549
-0.276135
-0.28997
-0.290426
-0.290488
-0.290298
-0.289963
-0.289525
-0.289012
-0.288439
-0.287808
-0.287111
-0.286332
-0.285449
-0.284439
-0.283278
-0.281948
-0.280452
-0.278812
-0.276992
-0.275025
-0.274138
-0.292059
-0.292401
-0.292344
-0.292028
-0.291562
-0.290996
-0.290361
-0.289674
-0.288937
-0.288139
-0.287258
-0.286266
-0.285127
-0.283802
-0.282253
-0.280458
-0.278413
-0.276039
-0.273301
-0.2717
-0.294345
-0.294554
-0.294358
-0.293894
-0.293277
-0.292563
-0.29179
-0.290975
-0.290121
-0.289216
-0.288232
-0.287134
-0.285876
-0.284401
-0.282648
-0.280564
-0.278108
-0.275139
-0.271481
-0.268857
-0.296847
-0.296902
-0.296542
-0.295907
-0.295114
-0.29423
-0.293295
-0.292333
-0.291347
-0.290321
-0.289228
-0.288024
-0.286655
-0.285048
-0.283115
-0.280765
-0.277912
-0.274335
-0.269615
-0.265519
-0.299593
-0.299468
-0.298919
-0.298084
-0.297087
-0.296003
-0.294883
-0.29375
-0.292609
-0.291448
-0.290237
-0.288931
-0.28747
-0.285772
-0.283728
-0.281202
-0.278029
-0.273825
-0.267731
-0.261364
-0.302616
-0.302282
-0.301513
-0.300447
-0.299216
-0.297904
-0.296569
-0.29524
-0.293925
-0.292614
-0.291282
-0.289893
-0.288398
-0.286736
-0.284827
-0.282569
-0.279804
-0.276035
-0.269997
-0.262814
-0.305956
-0.30538
-0.304357
-0.303029
-0.301531
-0.299962
-0.298385
-0.296836
-0.295328
-0.293855
-0.292404
-0.290956
-0.289494
-0.288015
-0.28655
-0.285197
-0.284168
-0.28382
-0.285528
-0.296035
-0.309663
-0.308805
-0.307493
-0.305868
-0.304073
-0.302219
-0.300377
-0.298589
-0.296872
-0.295229
-0.293656
-0.292153
-0.290732
-0.289435
-0.288356
-0.287679
-0.287722
-0.288976
-0.292511
-0.30277
-0.313792
-0.312606
-0.310965
-0.309012
-0.306892
-0.304729
-0.302604
-0.300562
-0.298626
-0.296806
-0.295109
-0.293546
-0.292152
-0.290993
-0.290188
-0.289929
-0.290503
-0.292293
-0.295833
-0.303483
-0.318404
-0.316834
-0.314825
-0.312513
-0.310042
-0.307552
-0.305129
-0.302824
-0.300663
-0.298659
-0.296825
-0.295181
-0.293769
-0.29266
-0.291963
-0.291835
-0.292477
-0.294112
-0.296974
-0.302063
-0.323558
-0.321546
-0.319127
-0.316426
-0.313583
-0.31075
-0.30802
-0.305443
-0.303045
-0.300841
-0.298843
-0.297072
-0.295563
-0.294376
-0.293594
-0.293318
-0.29366
-0.294714
-0.296563
-0.299362
-0.329315
-0.326795
-0.323924
-0.320808
-0.317575
-0.314386
-0.311337
-0.308475
-0.305822
-0.303387
-0.301175
-0.299201
-0.297488
-0.296075
-0.295012
-0.294354
-0.294147
-0.294406
-0.295158
-0.296146
-0.335728
-0.332631
-0.329268
-0.325711
-0.322072
-0.318514
-0.315132
-0.311963
-0.30902
-0.3063
-0.3038
-0.301521
-0.299472
-0.297674
-0.296153
-0.29493
-0.294015
-0.293392
-0.293068
-0.292657
-0.342841
-0.339096
-0.335203
-0.331186
-0.327124
-0.323182
-0.319442
-0.31593
-0.31264
-0.309557
-0.306665
-0.303954
-0.301424
-0.299085
-0.296948
-0.295024
-0.293311
-0.291792
-0.290467
-0.288985
-0.350685
-0.346225
-0.341767
-0.337271
-0.33277
-0.328419
-0.324286
-0.320371
-0.316652
-0.313098
-0.309685
-0.306398
-0.303237
-0.30021
-0.29733
-0.294609
-0.292051
-0.289652
-0.287409
-0.285065
-0.359274
-0.354037
-0.348986
-0.343995
-0.339033
-0.334239
-0.329652
-0.32525
-0.320989
-0.31683
-0.312747
-0.308732
-0.304793
-0.300951
-0.29723
-0.293652
-0.290232
-0.286981
-0.283895
-0.280809
-0.368603
-0.362536
-0.35687
-0.351368
-0.345916
-0.340624
-0.3355
-0.330494
-0.325549
-0.320628
-0.315715
-0.310822
-0.305977
-0.301219
-0.296589
-0.292122
-0.287844
-0.283774
-0.279903
-0.27614
-0.378642
-0.371704
-0.365406
-0.359375
-0.353391
-0.347523
-0.341748
-0.335992
-0.330198
-0.324343
-0.318442
-0.312535
-0.306679
-0.300935
-0.29536
-0.289998
-0.284879
-0.280025
-0.275419
-0.271013
-0.389334
-0.381496
-0.374558
-0.367973
-0.361395
-0.354847
-0.348274
-0.341594
-0.334768
-0.32781
-0.320774
-0.313742
-0.306802
-0.300034
-0.293505
-0.287261
-0.281332
-0.275732
-0.270433
-0.265416
-0.400586
-0.391839
-0.384255
-0.377081
-0.369825
-0.362461
-0.354914
-0.347117
-0.339074
-0.330853
-0.322563
-0.314328
-0.306262
-0.298461
-0.290993
-0.283898
-0.277199
-0.270897
-0.264947
-0.25935
-0.412272
-0.402621
-0.394389
-0.386576
-0.37853
-0.370183
-0.361465
-0.352352
-0.342916
-0.333298
-0.323667
-0.314185
-0.304987
-0.296171
-0.287798
-0.279897
-0.272473
-0.265517
-0.25896
-0.252823
-0.424224
-0.413694
-0.404809
-0.396289
-0.387314
-0.377792
-0.367693
-0.357071
-0.346092
-0.334979
-0.323959
-0.313223
-0.302914
-0.293122
-0.283893
-0.275237
-0.267144
-0.259584
-0.252468
-0.24584
-0.436234
-0.424868
-0.415321
-0.406003
-0.395934
-0.38503
-0.373343
-0.361043
-0.348405
-0.33574
-0.32332
-0.311355
-0.299981
-0.289271
-0.279246
-0.269897
-0.261192
-0.253084
-0.245459
-0.238394
-0.448053
-0.43591
-0.425684
-0.415457
-0.404109
-0.391613
-0.378149
-0.364035
-0.349669
-0.335437
-0.321646
-0.308505
-0.296132
-0.284572
-0.273822
-0.263844
-0.25459
-0.245992
-0.237914
-0.230473
-0.459395
-0.446547
-0.435618
-0.42435
-0.411529
-0.39724
-0.381844
-0.365827
-0.349709
-0.333939
-0.318837
-0.304598
-0.291307
-0.278979
-0.267577
-0.257042
-0.247305
-0.23828
-0.229806
-0.222053
-0.469941
-0.456471
-0.444803
-0.43235
-0.417864
-0.40161
-0.384169
-0.366212
-0.348368
-0.331127
-0.314804
-0.299562
-0.285448
-0.272438
-0.260467
-0.24945
-0.2393
-0.229912
-0.221104
-0.213107
-0.479345
-0.465343
-0.452891
-0.439103
-0.422778
-0.404425
-0.384883
-0.365002
-0.345503
-0.326893
-0.309462
-0.293327
-0.278493
-0.264897
-0.252443
-0.241023
-0.230534
-0.22085
-0.211774
-0.203603
-0.48724
-0.472804
-0.459517
-0.444248
-0.425939
-0.405406
-0.383763
-0.362029
-0.340988
-0.321141
-0.302731
-0.285827
-0.270385
-0.256304
-0.243457
-0.231718
-0.220967
-0.21106
-0.201782
-0.19351
-0.493254
-0.478481
-0.464306
-0.447429
-0.427035
-0.404299
-0.380615
-0.357147
-0.334714
-0.313781
-0.294541
-0.277
-0.261068
-0.246607
-0.233464
-0.221493
-0.210562
-0.200505
-0.191097
-0.182797
-0.497016
-0.482005
-0.466893
-0.448307
-0.425778
-0.400879
-0.375272
-0.350232
-0.326583
-0.30474
-0.284825
-0.266788
-0.250491
-0.235761
-0.222421
-0.21031
-0.199284
-0.189154
-0.179692
-0.171439
-0.498168
-0.483017
-0.466928
-0.446571
-0.421917
-0.394956
-0.367594
-0.341183
-0.316519
-0.29395
-0.273527
-0.255141
-0.238607
-0.223724
-0.210294
-0.198139
-0.187105
-0.176985
-0.167545
-0.159416
-0.496378
-0.481181
-0.464094
-0.441947
-0.415239
-0.386377
-0.357472
-0.329918
-0.304459
-0.281361
-0.260603
-0.242018
-0.225382
-0.210466
-0.197053
-0.184954
-0.174004
-0.163978
-0.154643
-0.146716
-0.491346
-0.476198
-0.458113
-0.43421
-0.405578
-0.375026
-0.344829
-0.316383
-0.290357
-0.266933
-0.246017
-0.227389
-0.210788
-0.195962
-0.182678
-0.170739
-0.159969
-0.150124
-0.140979
-0.133333
-0.482819
-0.46781
-0.448756
-0.423182
-0.392814
-0.360828
-0.329616
-0.300542
-0.274187
-0.250645
-0.22975
-0.211234
-0.194809
-0.180199
-0.16716
-0.155487
-0.144994
-0.135422
-0.126554
-0.119269
-0.470594
-0.455815
-0.435849
-0.408741
-0.376873
-0.343744
-0.311814
-0.282385
-0.255942
-0.232487
-0.211792
-0.193547
-0.177437
-0.163172
-0.150496
-0.139198
-0.129084
-0.11988
-0.11138
-0.104533
-0.454524
-0.440067
-0.41928
-0.390822
-0.35773
-0.323774
-0.291434
-0.261927
-0.235632
-0.212468
-0.19215
-0.174333
-0.15868
-0.144887
-0.132694
-0.121883
-0.112253
-0.103516
-0.0954808
-0.0891528
-0.434526
-0.420482
-0.398996
-0.369414
-0.335409
-0.300958
-0.268518
-0.239203
-0.213289
-0.190615
-0.170846
-0.153609
-0.138551
-0.12536
-0.113768
-0.103558
-0.0945199
-0.086355
-0.0788877
-0.0731668
-0.41058
-0.397044
-0.375009
-0.344565
-0.309977
-0.275368
-0.243135
-0.214277
-0.188965
-0.16697
-0.147916
-0.131406
-0.117077
-0.104611
-0.0937406
-0.0842442
-0.0759069
-0.0684246
-0.0616374
-0.0566191
-0.382734
-0.369799
-0.347391
-0.316373
-0.281545
-0.247114
-0.215384
-0.187233
-0.162734
-0.141595
-0.123409
-0.107763
-0.0942898
-0.0826693
-0.0726335
-0.0639614
-0.0564349
-0.0497501
-0.043762
-0.0395331
-0.351098
-0.33886
-0.316276
-0.284987
-0.250265
-0.216339
-0.185396
-0.158184
-0.13469
-0.114569
-0.0973901
-0.0827338
-0.0702308
-0.0595646
-0.0504703
-0.0427291
-0.0361236
-0.0303563
-0.0252854
-0.0219004
-0.315844
-0.304399
-0.281851
-0.250606
-0.216331
-0.183222
-0.153325
-0.127267
-0.104951
-0.0859917
-0.0699419
-0.0563815
-0.0449462
-0.0353276
-0.0272688
-0.0205574
-0.0149827
-0.010257
-0.00621746
-0.00372061
-0.277204
-0.266646
-0.244355
-0.21347
-0.17997
-0.14797
-0.11936
-0.0946467
-0.0736603
-0.0559851
-0.0411653
-0.0287862
-0.0184939
-0.00999399
-0.00304463
0.00255432
0.00700125
0.0105669
0.0134368
0.0148776
-0.235462
-0.225883
-0.204074
-0.173858
-0.141445
-0.110822
-0.083715
-0.0605133
-0.0409866
-0.0246953
-0.011183
-4.56408e-05
0.00905368
0.0163876
0.0221751
0.0266003
0.0298449
0.0321242
0.0335594
0.033498
-0.19095
-0.182438
-0.161334
-0.132085
-0.101049
-0.0720464
-0.0466321
-0.0250865
-0.00712538
0.0077071
0.0198633
0.0297322
0.0376267
0.0437869
0.0483976
0.0516214
0.0535995
0.0543719
0.05383
0.0516972
-0.144041
-0.136678
-0.116496
-0.0884935
-0.0591003
-0.0319364
-0.00838212
0.0113843
0.027694
0.0410164
0.0517999
0.0604201
0.0671672
0.0722469
0.0758069
0.0779783
0.0787877
0.0778789
0.0747874
0.0705292
-0.0951408
-0.0890005
-0.0699473
-0.0434512
-0.0159399
0.00919227
0.0307393
0.0486182
0.0632014
0.0749711
0.0843767
0.0917918
0.0975039
0.101718
0.104593
0.106278
0.106676
0.104937
0.100361
0.0957462
-0.0446831
-0.0398306
-0.0220954
0.00265939
0.0280771
0.051009
0.07042
0.0863132
0.0990958
0.109259
0.117253
0.123456
0.12817
0.131637
0.134101
0.135839
0.136825
0.136076
0.133332
0.136873
0.00688872
0.0103962
0.0266406
0.0494463
0.0725882
0.0931769
0.110342
0.124163
0.135074
0.143567
0.150087
0.155006
0.158625
0.161197
0.162985
0.16425
0.16498
0.164703
0.164315
0.170009
0.0591127
0.0612296
0.0758331
0.0965131
0.117229
0.135359
0.15019
0.161868
0.170845
0.177611
0.182601
0.186176
0.188632
0.190223
0.191195
0.191771
0.191934
0.191389
0.191045
0.195627
0.111524
0.112217
0.125055
0.143466
0.161639
0.177225
0.189657
0.199139
0.206133
0.211121
0.21452
0.216678
0.217877
0.218357
0.218348
0.218045
0.217446
0.216326
0.215433
0.218519
0.163659
0.162909
0.173882
0.189917
0.205467
0.218454
0.228449
0.235705
0.240688
0.243864
0.245634
0.246326
0.246202
0.245483
0.244374
0.243043
0.241472
0.239465
0.237711
0.239402
0.215062
0.212863
0.221903
0.23549
0.248372
0.258738
0.266287
0.271311
0.274274
0.275628
0.275751
0.274948
0.273463
0.271497
0.269233
0.266809
0.264194
0.261215
0.258523
0.258877
0.265287
0.261648
0.268714
0.279821
0.290026
0.297782
0.302904
0.305716
0.306678
0.306221
0.304701
0.302403
0.299548
0.296318
0.292874
0.289331
0.285648
0.281677
0.278044
0.277136
0.313905
0.308848
0.313932
0.322561
0.330118
0.335307
0.33805
0.338696
0.337697
0.335464
0.332331
0.328559
0.324353
0.319873
0.31526
0.310612
0.30588
0.300944
0.296395
0.294285
0.360502
0.354067
0.357189
0.363379
0.368351
0.371047
0.371485
0.370036
0.36714
0.363189
0.358493
0.353293
0.347774
0.34208
0.336334
0.330616
0.324878
0.319022
0.313595
0.310347
0.404688
0.396928
0.398137
0.401963
0.404446
0.404752
0.402986
0.399536
0.39483
0.389237
0.383048
0.376483
0.36971
0.362857
0.35603
0.349296
0.342607
0.335888
0.329629
0.325307
0.446096
0.437078
0.436453
0.438021
0.43814
0.436187
0.432343
0.427007
0.420595
0.413456
0.405861
0.398011
0.390058
0.382114
0.374273
0.366587
0.359014
0.351494
0.344456
0.339126
0.484384
0.47419
0.471834
0.471281
0.469192
0.465135
0.459359
0.452272
0.444277
0.435704
0.426804
0.417763
0.408715
0.399762
0.390982
0.382419
0.374034
0.365781
0.358022
0.351758
0.51924
0.507965
0.504005
0.501495
0.497379
0.491396
0.483854
0.475168
0.465728
0.455846
0.445756
0.435628
0.425583
0.415711
0.406078
0.396718
0.387601
0.378685
0.370268
0.363149
0.550379
0.53813
0.532717
0.528439
0.522499
0.514787
0.505664
0.495546
0.484813
0.473759
0.462605
0.451505
0.44057
0.429876
0.419482
0.409413
0.399644
0.390142
0.381135
0.373247
0.577551
0.564444
0.557748
0.551915
0.544373
0.535148
0.524641
0.513272
0.501408
0.489332
0.477248
0.4653
0.453588
0.442179
0.431121
0.420435
0.410101
0.400088
0.390565
0.382003
0.600535
0.586699
0.578907
0.571747
0.562846
0.552337
0.540658
0.528229
0.515409
0.502467
0.489596
0.476931
0.464561
0.452547
0.440928
0.429722
0.418912
0.40847
0.398507
0.389371
0.619149
0.604719
0.596032
0.587792
0.577785
0.566235
0.553605
0.540317
0.526722
0.513078
0.499571
0.486324
0.473423
0.460919
0.448847
0.43722
0.426026
0.415237
0.404918
0.395314
0.633242
0.61836
0.608992
0.599931
0.589085
0.576745
0.563394
0.549456
0.535274
0.521099
0.507109
0.493423
0.480118
0.467244
0.454829
0.442884
0.4314
0.420349
0.409758
0.3998
0.642702
0.627516
0.617688
0.608075
0.596664
0.583794
0.569959
0.555584
0.541008
0.526477
0.512163
0.498182
0.484607
0.471484
0.458839
0.446681
0.435002
0.423775
0.413002
0.402805
0.647453
0.632115
0.622056
0.612164
0.60047
0.587333
0.573255
0.558661
0.543886
0.529176
0.5147
0.50057
0.48686
0.473612
0.460851
0.448586
0.43681
0.425495
0.41463
0.404312
0.647458
0.63212
0.62206
0.612169
0.600474
0.587337
0.573259
0.558664
0.54389
0.52918
0.514703
0.500573
0.486863
0.473615
0.460854
0.448589
0.436813
0.425498
0.414633
0.404315
0.642717
0.627531
0.617703
0.608089
0.596677
0.583806
0.569971
0.555595
0.541018
0.526487
0.512173
0.498191
0.484616
0.471493
0.458847
0.446689
0.43501
0.423783
0.41301
0.402812
0.633267
0.618385
0.609015
0.599954
0.589106
0.576765
0.563414
0.549475
0.535291
0.521116
0.507126
0.493439
0.480134
0.467259
0.454844
0.442899
0.431414
0.420363
0.409772
0.399813
0.619184
0.604753
0.596065
0.587824
0.577815
0.566263
0.553632
0.540343
0.526747
0.513103
0.499594
0.486347
0.473444
0.46094
0.448867
0.43724
0.426045
0.415256
0.404936
0.395332
0.600581
0.586744
0.578949
0.571788
0.562884
0.552374
0.540693
0.528262
0.515441
0.502498
0.489626
0.47696
0.464589
0.452574
0.440954
0.429748
0.418937
0.408494
0.398531
0.389394
0.577606
0.564498
0.5578
0.551964
0.54442
0.535193
0.524684
0.513313
0.501448
0.48937
0.477285
0.465336
0.453622
0.442212
0.431153
0.420467
0.410132
0.400118
0.390594
0.382031
0.550444
0.538193
0.532778
0.528498
0.522554
0.51484
0.505714
0.495594
0.484859
0.473804
0.462648
0.451547
0.44061
0.429916
0.41952
0.40945
0.399681
0.390177
0.381169
0.37328
0.519314
0.508038
0.504076
0.501562
0.497442
0.491457
0.483912
0.475224
0.465781
0.455897
0.445806
0.435676
0.42563
0.415756
0.406122
0.396761
0.387642
0.378726
0.370308
0.363187
0.484468
0.474273
0.471914
0.471357
0.469264
0.465204
0.459425
0.452335
0.444337
0.435762
0.42686
0.417817
0.408768
0.399813
0.391032
0.382467
0.374082
0.365827
0.358067
0.351801
0.44619
0.437171
0.436542
0.438106
0.438221
0.436264
0.432416
0.427077
0.420662
0.413521
0.405923
0.398072
0.390116
0.382171
0.374328
0.366641
0.359067
0.351545
0.344507
0.339175
0.404792
0.39703
0.398236
0.402057
0.404535
0.404836
0.403067
0.399613
0.394904
0.389308
0.383117
0.37655
0.369775
0.36292
0.356092
0.349355
0.342665
0.335945
0.329685
0.325361
0.360615
0.354178
0.357296
0.363482
0.368448
0.37114
0.371574
0.370121
0.367222
0.363267
0.358568
0.353366
0.347845
0.342149
0.336402
0.330681
0.324941
0.319084
0.313656
0.310406
0.314027
0.308969
0.314049
0.322672
0.330224
0.335408
0.338146
0.338788
0.337785
0.335549
0.332413
0.328639
0.32443
0.319947
0.315333
0.310683
0.305949
0.301012
0.296461
0.294349
0.26542
0.261778
0.26884
0.27994
0.29014
0.29789
0.303008
0.305815
0.306773
0.306312
0.30479
0.302488
0.299631
0.296399
0.292952
0.289407
0.285722
0.28175
0.278115
0.277205
0.215204
0.213002
0.222037
0.235618
0.248493
0.258854
0.266398
0.271417
0.274377
0.275726
0.275846
0.27504
0.273553
0.271584
0.269317
0.266891
0.264274
0.261293
0.258599
0.258951
0.16381
0.163057
0.174025
0.190054
0.205597
0.218577
0.228568
0.235819
0.240797
0.243969
0.245736
0.246424
0.246297
0.245575
0.244464
0.24313
0.241557
0.239549
0.237792
0.239481
0.111683
0.112374
0.125206
0.143611
0.161777
0.177356
0.189782
0.199259
0.206249
0.211232
0.214628
0.216783
0.217979
0.218456
0.218444
0.218139
0.217537
0.216415
0.21552
0.218603
0.0592808
0.0613952
0.0759932
0.096666
0.117374
0.135498
0.150323
0.161995
0.170968
0.177729
0.182715
0.186287
0.18874
0.190327
0.191297
0.191871
0.192031
0.191484
0.191138
0.195717
0.00706535
0.0105702
0.026809
0.0496073
0.0727415
0.0933231
0.110482
0.124297
0.135203
0.143691
0.150208
0.155123
0.158739
0.161308
0.163093
0.164355
0.165083
0.164804
0.164414
0.170104
-0.0444982
-0.0396483
-0.0219189
0.00282822
0.0282381
0.0511626
0.0705669
0.0864542
0.0992316
0.10939
0.11738
0.123579
0.128289
0.131753
0.134215
0.135951
0.136933
0.136182
0.133438
0.136976
-0.0949479
-0.0888102
-0.0697629
-0.0432746
-0.0157715
0.00935302
0.0308932
0.0487659
0.0633438
0.0751087
0.0845099
0.0919212
0.0976299
0.10184
0.104713
0.106396
0.106792
0.105051
0.100473
0.0958579
-0.14384
-0.136479
-0.116304
-0.0883095
-0.0589246
-0.0317686
-0.00822145
0.0115386
0.0278427
0.0411602
0.0519393
0.0605556
0.0672991
0.0723757
0.0759329
0.0781018
0.0789091
0.0779984
0.0749056
0.070647
-0.190742
-0.182233
-0.161135
-0.131893
-0.100866
-0.0718718
-0.0464648
-0.0249257
-0.00697034
0.00785704
0.0200087
0.0298735
0.0377644
0.0439214
0.0485292
0.0517504
0.0537263
0.0544967
0.0539531
0.0518193
-0.235247
-0.225671
-0.203867
-0.173659
-0.141256
-0.110641
-0.0835412
-0.0603463
-0.0408254
-0.0245394
-0.0110318
0.000101396
0.00919697
0.0165276
0.022312
0.0267345
0.0299766
0.0322538
0.033687
0.0336242
-0.276982
-0.266427
-0.244141
-0.213265
-0.179774
-0.147782
-0.11918
-0.0944736
-0.0734933
-0.0558234
-0.0410085
-0.0286336
-0.0183452
-0.0098488
-0.00290259
0.0026935
0.00713783
0.010701
0.0135687
0.0150079
-0.315616
-0.304173
-0.281631
-0.250395
-0.216128
-0.183028
-0.153139
-0.127088
-0.104778
-0.0858245
-0.0697796
-0.0562237
-0.0447924
-0.0351773
-0.0271219
-0.0204134
-0.0148414
-0.0101184
-0.00608116
-0.00358609
-0.350864
-0.338628
-0.31605
-0.28477
-0.250057
-0.21614
-0.185204
-0.158
-0.134512
-0.114397
-0.0972225
-0.0825708
-0.0700719
-0.0594094
-0.0503186
-0.0425805
-0.0359778
-0.0302132
-0.0251449
-0.0217618
-0.382495
-0.369562
-0.34716
-0.31615
-0.281331
-0.246908
-0.215187
-0.187043
-0.16255
-0.141418
-0.123236
-0.107595
-0.094126
-0.0825094
-0.0724771
-0.0638083
-0.0562848
-0.0496028
-0.0436173
-0.0393905
-0.410336
-0.396802
-0.374772
-0.344336
-0.309757
-0.275157
-0.242932
-0.214081
-0.188777
-0.166788
-0.147738
-0.131233
-0.116908
-0.104447
-0.0935797
-0.0840866
-0.0757524
-0.0682731
-0.0614886
-0.0564725
-0.434277
-0.420236
-0.398754
-0.369181
-0.335185
-0.300742
-0.26831
-0.239003
-0.213095
-0.190427
-0.170664
-0.153432
-0.138378
-0.125191
-0.113603
-0.103396
-0.0943611
-0.0861993
-0.0787348
-0.0730163
-0.454271
-0.439816
-0.419034
-0.390584
-0.357501
-0.323554
-0.291222
-0.261722
-0.235433
-0.212276
-0.191963
-0.174151
-0.158502
-0.144714
-0.132524
-0.121717
-0.11209
-0.103356
-0.0953238
-0.0889983
-0.470338
-0.455561
-0.4356
-0.408499
-0.376639
-0.343519
-0.311597
-0.282176
-0.255739
-0.23229
-0.2116
-0.193361
-0.177256
-0.162994
-0.150322
-0.139028
-0.128917
-0.119716
-0.111219
-0.104375
-0.482561
-0.467554
-0.448503
-0.422936
-0.392576
-0.360599
-0.329395
-0.300328
-0.27398
-0.250444
-0.229554
-0.211044
-0.194623
-0.180017
-0.166982
-0.155312
-0.144823
-0.135254
-0.126389
-0.119106
-0.491085
-0.475939
-0.457858
-0.433961
-0.405337
-0.374793
-0.344604
-0.316165
-0.290146
-0.266728
-0.245818
-0.227194
-0.210598
-0.195776
-0.182496
-0.170561
-0.159794
-0.149952
-0.140809
-0.133167
-0.496115
-0.48092
-0.463837
-0.441696
-0.414995
-0.386141
-0.357244
-0.329697
-0.304244
-0.281152
-0.260399
-0.241819
-0.225188
-0.210276
-0.196866
-0.184771
-0.173825
-0.163801
-0.15447
-0.146546
-0.497904
-0.482755
-0.46667
-0.446317
-0.42167
-0.394717
-0.367362
-0.340958
-0.316301
-0.293737
-0.27332
-0.254938
-0.238409
-0.22353
-0.210103
-0.197952
-0.186921
-0.176804
-0.167368
-0.159241
-0.496751
-0.481743
-0.466633
-0.448052
-0.42553
-0.400637
-0.375037
-0.350004
-0.326361
-0.304523
-0.284613
-0.266581
-0.250288
-0.235563
-0.222227
-0.210119
-0.199096
-0.18897
-0.17951
-0.17126
-0.492989
-0.478219
-0.464046
-0.447174
-0.426785
-0.404055
-0.380378
-0.356916
-0.334489
-0.313562
-0.294326
-0.27679
-0.260862
-0.246405
-0.233266
-0.221298
-0.21037
-0.200316
-0.190911
-0.182613
-0.486976
-0.472542
-0.459257
-0.443992
-0.425688
-0.405161
-0.383523
-0.361795
-0.340761
-0.320918
-0.302514
-0.285614
-0.270176
-0.256098
-0.243255
-0.231518
-0.220771
-0.210866
-0.201592
-0.193322
-0.479082
-0.465082
-0.452632
-0.438847
-0.422526
-0.404178
-0.384641
-0.364766
-0.345272
-0.326668
-0.309241
-0.29311
-0.27828
-0.264688
-0.252237
-0.24082
-0.230334
-0.220653
-0.211579
-0.203411
-0.46968
-0.456211
-0.444545
-0.432094
-0.417612
-0.401362
-0.383927
-0.365974
-0.348135
-0.330899
-0.31458
-0.299342
-0.285231
-0.272225
-0.260257
-0.249242
-0.239095
-0.229709
-0.220904
-0.21291
-0.459135
-0.446289
-0.435361
-0.424096
-0.411278
-0.396993
-0.381601
-0.365588
-0.349474
-0.333708
-0.318611
-0.304375
-0.291087
-0.278762
-0.267363
-0.256831
-0.247096
-0.238073
-0.229601
-0.221851
-0.447795
-0.435653
-0.42543
-0.415205
-0.403859
-0.391365
-0.377906
-0.363795
-0.349432
-0.335204
-0.321417
-0.308279
-0.295909
-0.284352
-0.273604
-0.263628
-0.254376
-0.245781
-0.237704
-0.230265
-0.435978
-0.424614
-0.415068
-0.405752
-0.395685
-0.384783
-0.3731
-0.360802
-0.348168
-0.335505
-0.323089
-0.311126
-0.299755
-0.289046
-0.279024
-0.269677
-0.260973
-0.252867
-0.245244
-0.238181
-0.42397
-0.413443
-0.404558
-0.39604
-0.387067
-0.377547
-0.36745
-0.356831
-0.345854
-0.334743
-0.323725
-0.312991
-0.302684
-0.292894
-0.283667
-0.275013
-0.266921
-0.259363
-0.252248
-0.245621
-0.412021
-0.402372
-0.39414
-0.386329
-0.378285
-0.369939
-0.361222
-0.352111
-0.342677
-0.333061
-0.323432
-0.313951
-0.304755
-0.29594
-0.287567
-0.279667
-0.272245
-0.26529
-0.258734
-0.252598
-0.400338
-0.391592
-0.384009
-0.376837
-0.369582
-0.362218
-0.354673
-0.346877
-0.338835
-0.330615
-0.322326
-0.314091
-0.306027
-0.298226
-0.290758
-0.283665
-0.276965
-0.270664
-0.264715
-0.259118
-0.389088
-0.381252
-0.374315
-0.367731
-0.361154
-0.354607
-0.348035
-0.341355
-0.33453
-0.327572
-0.320536
-0.313504
-0.306564
-0.299795
-0.293266
-0.287022
-0.281093
-0.275494
-0.270195
-0.265177
-0.378399
-0.371462
-0.365166
-0.359135
-0.353152
-0.347285
-0.341511
-0.335754
-0.32996
-0.324105
-0.318203
-0.312295
-0.306438
-0.300694
-0.295118
-0.289754
-0.284635
-0.27978
-0.275173
-0.270768
-0.368362
-0.362297
-0.356631
-0.35113
-0.34568
-0.340388
-0.335264
-0.330258
-0.325313
-0.32039
-0.315476
-0.310581
-0.305734
-0.300975
-0.296343
-0.291874
-0.287594
-0.283523
-0.279651
-0.275886
-0.359035
-0.3538
-0.34875
-0.34376
-0.338799
-0.334005
-0.329419
-0.325016
-0.320753
-0.316592
-0.312507
-0.30849
-0.304548
-0.300703
-0.296979
-0.293398
-0.289976
-0.286723
-0.283635
-0.280548
-0.350448
-0.34599
-0.341533
-0.337039
-0.332538
-0.328188
-0.324054
-0.320138
-0.316418
-0.312862
-0.309445
-0.306155
-0.30299
-0.299959
-0.297075
-0.29435
-0.291789
-0.289387
-0.287141
-0.284795
-0.342606
-0.338862
-0.33497
-0.330955
-0.326894
-0.322952
-0.319213
-0.315699
-0.312408
-0.309322
-0.306426
-0.30371
-0.301176
-0.298831
-0.29669
-0.29476
-0.293043
-0.29152
-0.290191
-0.288706
-0.335494
-0.332398
-0.329037
-0.325482
-0.321844
-0.318287
-0.314904
-0.311734
-0.308788
-0.306065
-0.303561
-0.301276
-0.299222
-0.297418
-0.29589
-0.294661
-0.293741
-0.293113
-0.292783
-0.292369
-0.329082
-0.326564
-0.323694
-0.320579
-0.317348
-0.31416
-0.31111
-0.308247
-0.305591
-0.303152
-0.300935
-0.298955
-0.297235
-0.295815
-0.294745
-0.29408
-0.293866
-0.294119
-0.294865
-0.295848
-0.323325
-0.321315
-0.318898
-0.316199
-0.313357
-0.310525
-0.307794
-0.305215
-0.302815
-0.300606
-0.298602
-0.296824
-0.295308
-0.294113
-0.293322
-0.293038
-0.293372
-0.294418
-0.296261
-0.299054
-0.31817
-0.316603
-0.314596
-0.312286
-0.309817
-0.307327
-0.304903
-0.302596
-0.300432
-0.298423
-0.296582
-0.294931
-0.293511
-0.292393
-0.291686
-0.291548
-0.292181
-0.293807
-0.296661
-0.301744
-0.313558
-0.312375
-0.310736
-0.308785
-0.306666
-0.304503
-0.302377
-0.300333
-0.298394
-0.296569
-0.294864
-0.293294
-0.29189
-0.290722
-0.289906
-0.289636
-0.2902
-0.291979
-0.29551
-0.303152
-0.309429
-0.308574
-0.307264
-0.305641
-0.303847
-0.301993
-0.30015
-0.298359
-0.296637
-0.294988
-0.293408
-0.291897
-0.290466
-0.289159
-0.288068
-0.287379
-0.28741
-0.288652
-0.292177
-0.302428
-0.305721
-0.305149
-0.304129
-0.302802
-0.301305
-0.299735
-0.298156
-0.296604
-0.295091
-0.293612
-0.292153
-0.290696
-0.289223
-0.287734
-0.286256
-0.28489
-0.283848
-0.283486
-0.285183
-0.295679
-0.302381
-0.302052
-0.301285
-0.300221
-0.298989
-0.297677
-0.296339
-0.295006
-0.293685
-0.292367
-0.291027
-0.289628
-0.288123
-0.286449
-0.284528
-0.282256
-0.279476
-0.275692
-0.269638
-0.26244
-0.29936
-0.29924
-0.298692
-0.297858
-0.296861
-0.295776
-0.294652
-0.293515
-0.292368
-0.291199
-0.289979
-0.288663
-0.287191
-0.285481
-0.283424
-0.280885
-0.277697
-0.273478
-0.26737
-0.260989
-0.296616
-0.296676
-0.296319
-0.295684
-0.29489
-0.294003
-0.293065
-0.292098
-0.291105
-0.290071
-0.288968
-0.287754
-0.286374
-0.284754
-0.282808
-0.280445
-0.277578
-0.273987
-0.269255
-0.265145
-0.294118
-0.294332
-0.294137
-0.293674
-0.293056
-0.29234
-0.291562
-0.290741
-0.28988
-0.288966
-0.287972
-0.286864
-0.285594
-0.284107
-0.282341
-0.280244
-0.277774
-0.274792
-0.271122
-0.268486
-0.291838
-0.292184
-0.292129
-0.291813
-0.291346
-0.290776
-0.290136
-0.289443
-0.288699
-0.287891
-0.287001
-0.285997
-0.284847
-0.283509
-0.281947
-0.28014
-0.278082
-0.275696
-0.272947
-0.271334
-0.289756
-0.290216
-0.29028
-0.290089
-0.289752
-0.28931
-0.288792
-0.288213
-0.287574
-0.286868
-0.286079
-0.285185
-0.284163
-0.28299
-0.281647
-0.28014
-0.278486
-0.276654
-0.274678
-0.273778
-0.287856
-0.288411
-0.288577
-0.288495
-0.288272
-0.287943
-0.287534
-0.28706
-0.286522
-0.285917
-0.285233
-0.284456
-0.283574
-0.282574
-0.281455
-0.280237
-0.278953
-0.277594
-0.27621
-0.275784
-0.286122
-0.28676
-0.287013
-0.287026
-0.286903
-0.286676
-0.286368
-0.285993
-0.285554
-0.285052
-0.284478
-0.283825
-0.283089
-0.282267
-0.281368
-0.280418
-0.279455
-0.278478
-0.277531
-0.277405
-0.284545
-0.285252
-0.285581
-0.285677
-0.285643
-0.285509
-0.285295
-0.285015
-0.284675
-0.284276
-0.283815
-0.283291
-0.282703
-0.282055
-0.281361
-0.28065
-0.279958
-0.279283
-0.278651
-0.278715
-0.283113
-0.28388
-0.284275
-0.284444
-0.284491
-0.284441
-0.284315
-0.284126
-0.283882
-0.283586
-0.283238
-0.28284
-0.282395
-0.281911
-0.281402
-0.280898
-0.280428
-0.279987
-0.279583
-0.279768
-0.281818
-0.282638
-0.28309
-0.283324
-0.283443
-0.28347
-0.283425
-0.283322
-0.283169
-0.282972
-0.282732
-0.282453
-0.282141
-0.281804
-0.281458
-0.281127
-0.280837
-0.280576
-0.280339
-0.280608
-0.280653
-0.281522
-0.282024
-0.282315
-0.282497
-0.282594
-0.282623
-0.282598
-0.28253
-0.282423
-0.282282
-0.282112
-0.281918
-0.281711
-0.281503
-0.281315
-0.281168
-0.281047
-0.280937
-0.281266
-0.279615
-0.280527
-0.281074
-0.281415
-0.281653
-0.281811
-0.281905
-0.281951
-0.281958
-0.281932
-0.281879
-0.281804
-0.281712
-0.281614
-0.28152
-0.281448
-0.281416
-0.281403
-0.281391
-0.281767
-0.2787
-0.279653
-0.280239
-0.280623
-0.280909
-0.28112
-0.281271
-0.281378
-0.28145
-0.281494
-0.281516
-0.28152
-0.281515
-0.281507
-0.281505
-0.281527
-0.281584
-0.281656
-0.281721
-0.282135
-0.27791
-0.2789
-0.27952
-0.27994
-0.280268
-0.280522
-0.280721
-0.280879
-0.281005
-0.281107
-0.281191
-0.281261
-0.281325
-0.281389
-0.281462
-0.281557
-0.281683
-0.281821
-0.281948
-0.282392
-0.277246
-0.278268
-0.278918
-0.279368
-0.279729
-0.280019
-0.280257
-0.280456
-0.280626
-0.280774
-0.280907
-0.28103
-0.281148
-0.281269
-0.281399
-0.28155
-0.28173
-0.281918
-0.282094
-0.282562
-0.27671
-0.277761
-0.278434
-0.278908
-0.279295
-0.279614
-0.279882
-0.280112
-0.280316
-0.2805
-0.280671
-0.280833
-0.280993
-0.281156
-0.281329
-0.281522
-0.281742
-0.281967
-0.282181
-0.282668
-0.276306
-0.277379
-0.27807
-0.278563
-0.278969
-0.279309
-0.279598
-0.279852
-0.28008
-0.28029
-0.280488
-0.280679
-0.280868
-0.281061
-0.281265
-0.281488
-0.281736
-0.281988
-0.28223
-0.28273
-0.276037
-0.277126
-0.27783
-0.278334
-0.278753
-0.279107
-0.27941
-0.279679
-0.279924
-0.28015
-0.280366
-0.280575
-0.280783
-0.280996
-0.281219
-0.281461
-0.281728
-0.281997
-0.282257
-0.282766
-0.275906
-0.277003
-0.277713
-0.278224
-0.278649
-0.27901
-0.279321
-0.279597
-0.279849
-0.280085
-0.280309
-0.280527
-0.280745
-0.280968
-0.281201
-0.281453
-0.281728
-0.282006
-0.282276
-0.282789
-0.295194
-0.342995
-0.354953
-0.273905
-0.161741
-0.0849664
-0.0336911
0.00889047
0.0215309
0.0302623
0.0289737
0.0276033
0.024371
0.0211371
0.0173179
0.0139722
0.0107205
0.00799764
0.00489967
0.00228221
-0.295368
-0.343265
-0.35534
-0.274282
-0.162025
-0.0851874
-0.0339298
0.00872164
0.0214169
0.0301854
0.0289291
0.0275764
0.0243553
0.0211268
0.0173084
0.0139639
0.0107128
0.00799182
0.00489586
0.00227911
-0.295664
-0.343785
-0.35618
-0.275133
-0.162645
-0.085612
-0.0343598
0.00842364
0.0212128
0.0300395
0.0288379
0.0275163
0.024317
0.0211004
0.0172858
0.0139452
0.0106974
0.00798072
0.00488929
0.00227369
-0.296048
-0.344501
-0.357412
-0.276417
-0.163593
-0.0862374
-0.0349745
0.007997
0.0209193
0.0298235
0.0286996
0.0274226
0.024256
0.0210576
0.0172499
0.0139161
0.0106741
0.00796429
0.00488
0.00226594
-0.296468
-0.345342
-0.35895
-0.278072
-0.164859
-0.087059
-0.0357641
0.00744235
0.0205373
0.029536
0.0285132
0.0272945
0.024172
0.0209983
0.0172009
0.0138765
0.010643
0.00794248
0.004868
0.00225589
-0.296869
-0.34622
-0.360694
-0.28003
-0.166425
-0.0880712
-0.036717
0.00676073
0.020068
0.0291755
0.0282777
0.0271314
0.024065
0.0209226
0.0171388
0.0138263
0.010604
0.00791523
0.00485331
0.00224353
-0.297191
-0.347048
-0.362541
-0.282218
-0.168274
-0.0892669
-0.0378199
0.00595388
0.0195128
0.0287407
0.0279921
0.0269325
0.023935
0.0208303
0.0170637
0.0137654
0.010557
0.0078825
0.00483595
0.00222887
-0.297379
-0.34774
-0.364392
-0.284564
-0.170386
-0.0906381
-0.0390581
0.0050246
0.0188738
0.0282309
0.0276556
0.0266974
0.0237821
0.0207217
0.016976
0.0136937
0.0105022
0.00784424
0.00481596
0.00221194
-0.297389
-0.34822
-0.366163
-0.287008
-0.172739
-0.0921756
-0.0404163
0.00397696
0.0181535
0.0276457
0.0272676
0.0264258
0.0236065
0.0205968
0.0168758
0.0136113
0.0104395
0.00780042
0.00479337
0.00219276
-0.297185
-0.348424
-0.367783
-0.289497
-0.175311
-0.0938701
-0.0418787
0.00281651
0.0173553
0.0269858
0.026828
0.0261178
0.0234085
0.0204561
0.0167635
0.0135182
0.0103689
0.00775105
0.00476821
0.00217137
-0.29675
-0.348307
-0.3692
-0.291994
-0.178082
-0.0957113
-0.0434296
0.00155036
0.0164835
0.0262531
0.0263372
0.0257736
0.0231889
0.0203002
0.0166397
0.0134147
0.0102906
0.00769618
0.00474054
0.00214784
-0.29608
-0.347835
-0.370378
-0.29447
-0.181032
-0.0976899
-0.0450537
0.000186841
0.0155429
0.0254502
0.0257962
0.0253941
0.0229482
0.0201296
0.0165048
0.0133009
0.0102047
0.00763587
0.0047104
0.00212225
-0.295184
-0.346989
-0.371298
-0.296914
-0.184147
-0.0997986
-0.0467386
-0.00126548
0.0145387
0.0245805
0.0252066
0.0249803
0.0226873
0.0199453
0.0163594
0.0131774
0.0101114
0.00757026
0.00467787
0.00209469
-0.294085
-0.345761
-0.371944
-0.299322
-0.187418
-0.102034
-0.0484735
-0.00279749
0.0134766
0.0236483
0.0245701
0.0245336
0.0224074
0.0197481
0.0162044
0.0130444
0.0100109
0.00749952
0.00464304
0.00206527
-0.29281
-0.34414
-0.372292
-0.301676
-0.190819
-0.104382
-0.0502377
-0.00439295
0.0123661
0.0226594
0.0238889
0.0240551
0.0221092
0.0195389
0.0160403
0.0129024
0.00990347
0.00742379
0.00460597
0.00203412
-0.291383
-0.342121
-0.372304
-0.303916
-0.19427
-0.106792
-0.0519895
-0.00602272
0.0112222
0.0216226
0.0231664
0.0235464
0.0217936
0.0193183
0.0158675
0.0127517
0.00978912
0.00734316
0.00456667
0.00200132
-0.289852
-0.339743
-0.372041
-0.306078
-0.197766
-0.109256
-0.0537412
-0.00768729
0.0100439
0.0205447
0.0224097
0.0230133
0.0214637
0.0190886
0.0156877
0.0125937
0.00966879
0.0072583
0.00452548
0.00196714
-0.288228
-0.337054
-0.371733
-0.308624
-0.201782
-0.112071
-0.0557399
-0.00952123
0.00876847
0.0194108
0.0216234
0.0224653
0.0211274
0.0188564
0.0155064
0.0124333
0.00954585
0.00717166
0.0044839
0.00193232
-0.285968
-0.333651
-0.370981
-0.311878
-0.206899
-0.11567
-0.0581823
-0.0116365
0.00736057
0.0181885
0.0207837
0.0218871
0.0207806
0.0186222
0.0153252
0.0122711
0.00942094
0.00708355
0.00444242
0.00189705
-0.281716
-0.328514
-0.367292
-0.312971
-0.210564
-0.118501
-0.0595909
-0.0131727
0.00626292
0.016979
0.0198355
0.0211913
0.0203628
0.0183395
0.0151052
0.0120694
0.00926827
0.00697516
0.00438994
0.00185603
-0.248773
-0.291241
-0.329987
-0.300568
-0.214245
-0.12391
-0.0578438
-0.0158063
0.00323579
0.0109052
0.0139364
0.0164151
0.0174048
0.0163031
0.0134935
0.0105573
0.00813404
0.0061684
0.00398036
0.00156943
-0.212447
-0.249585
-0.272904
-0.259974
-0.198243
-0.120412
-0.0571448
-0.0200714
-0.00376318
0.00144636
0.0042546
0.00787859
0.0111404
0.0121072
0.010435
0.00781211
0.00583977
0.00459671
0.0031611
0.0011032
-0.187874
-0.211532
-0.222736
-0.211975
-0.169704
-0.111012
-0.0589949
-0.0265583
-0.0116631
-0.00619631
-0.00292185
0.00104057
0.00542475
0.00821084
0.00792945
0.00575339
0.00399866
0.00329277
0.00251693
0.000991348
-0.154304
-0.175651
-0.180232
-0.170089
-0.142114
-0.101763
-0.0624751
-0.034288
-0.018748
-0.0113092
-0.00715415
-0.00356124
0.000734423
0.00459296
0.00567357
0.00409915
0.0024223
0.00199764
0.0017807
0.000764839
-0.126288
-0.144374
-0.147193
-0.139194
-0.120974
-0.0942702
-0.0651749
-0.0403038
-0.023513
-0.0142328
-0.00964174
-0.00691503
-0.00345696
0.000788499
0.00308481
0.00235225
0.000842868
0.000600027
0.000871882
0.000386763
-0.103503
-0.119025
-0.122346
-0.117165
-0.105147
-0.0870209
-0.0648371
-0.0428262
-0.0260207
-0.0163441
-0.0119411
-0.00986145
-0.00708107
-0.00274933
0.000549294
0.000815086
-0.000322294
-0.000450351
0.000223454
0.000326253
-0.086101
-0.0993757
-0.103518
-0.100752
-0.0925113
-0.0792556
-0.0616998
-0.0429485
-0.0279008
-0.0189676
-0.0145938
-0.0122927
-0.00966607
-0.0054982
-0.00166033
-0.000489375
-0.00116626
-0.00124318
-0.000383562
9.32607e-05
-0.0728797
-0.0842716
-0.0887795
-0.0876427
-0.0816736
-0.071301
-0.057398
-0.0424096
-0.0299191
-0.0217284
-0.0168149
-0.0137787
-0.0111771
-0.00753378
-0.00367508
-0.00182053
-0.00195907
-0.00194749
-0.000996716
-0.00014819
-0.062746
-0.0724763
-0.0768883
-0.0767009
-0.0722055
-0.0640147
-0.0534053
-0.0419293
-0.0315395
-0.0236564
-0.0181982
-0.0146962
-0.0122574
-0.00923532
-0.0055827
-0.00319187
-0.0027054
-0.00249846
-0.00146959
-0.000324512
-0.0547982
-0.0630696
-0.0671627
-0.0674821
-0.064163
-0.0580041
-0.0501291
-0.0411504
-0.032133
-0.0246338
-0.0192135
-0.0156529
-0.0132675
-0.0105968
-0.00716116
-0.00441214
-0.00334925
-0.0028912
-0.00182184
-0.000494916
-0.0484292
-0.055472
-0.0591769
-0.0598218
-0.057632
-0.053207
-0.047156
-0.0397615
-0.0319515
-0.0252513
-0.0202368
-0.0166445
-0.0140636
-0.0115083
-0.00834077
-0.00547627
-0.00396623
-0.00322511
-0.00210341
-0.000645792
-0.0432471
-0.0492765
-0.0526431
-0.0536194
-0.0523786
-0.0491233
-0.0442277
-0.038117
-0.031589
-0.0257652
-0.0210894
-0.0174104
-0.0146153
-0.0121285
-0.00925709
-0.00642459
-0.00457119
-0.00351952
-0.00230583
-0.000756519
-0.0389611
-0.0441975
-0.0473512
-0.0486121
-0.0479866
-0.0455097
-0.0415686
-0.0366265
-0.0311928
-0.0260354
-0.0216223
-0.0179667
-0.015078
-0.0126224
-0.00996856
-0.00721509
-0.00511886
-0.00377293
-0.00244559
-0.000836375
-0.0353559
-0.040027
-0.0430536
-0.0444862
-0.0442693
-0.042449
-0.0393489
-0.0353134
-0.0306786
-0.0260562
-0.0219452
-0.0184221
-0.0155009
-0.0130137
-0.0104845
-0.00783255
-0.00559652
-0.00400265
-0.0025488
-0.00089157
-0.0322546
-0.0365714
-0.0395278
-0.041089
-0.0412185
-0.0399566
-0.0374992
-0.034113
-0.0300998
-0.0259666
-0.0221627
-0.0187846
-0.0158506
-0.013311
-0.0108514
-0.00830489
-0.00600408
-0.00421253
-0.00262743
-0.000925672
-0.0295284
-0.0336973
-0.0366673
-0.038367
-0.0387819
-0.0379359
-0.0359492
-0.0330621
-0.0295593
-0.0258415
-0.0222923
-0.0190408
-0.0161213
-0.0135432
-0.0111176
-0.00865726
-0.00633552
-0.00439608
-0.00268864
-0.000945034
-0.0270929
-0.0313365
-0.0344082
-0.0362461
-0.0368722
-0.0363281
-0.0347046
-0.0322096
-0.0290994
-0.0257003
-0.022351
-0.0192119
-0.0163279
-0.0137266
-0.011309
-0.00890868
-0.0065899
-0.00454844
-0.00273755
-0.000955386
-0.0249834
-0.0294836
-0.0327106
-0.0346682
-0.0354483
-0.0351263
-0.0337748
-0.0315651
-0.0287336
-0.0255667
-0.0223706
-0.0193233
-0.0164772
-0.0138625
-0.0114406
-0.00907869
-0.00677275
-0.00466602
-0.00277545
-0.000960507
-0.0233165
-0.0281766
-0.031549
-0.0336024
-0.0344982
-0.0343274
-0.0331536
-0.0311282
-0.0284774
-0.0254654
-0.0223739
-0.0193893
-0.0165721
-0.0139512
-0.0115231
-0.00918374
-0.00689059
-0.00474566
-0.00280131
-0.000962726
-0.0223155
-0.027448
-0.0309122
-0.0330516
-0.0340363
-0.0339495
-0.0328601
-0.0309202
-0.0283549
-0.0254172
-0.0223757
-0.0194208
-0.0166184
-0.013995
-0.0115631
-0.00923408
-0.00694851
-0.00478577
-0.00281412
-0.000963306
-0.169599
-0.179494
-0.189474
-0.199624
-0.21004
-0.220827
-0.232101
-0.243985
-0.256598
-0.270048
-0.284394
-0.299623
-0.315532
-0.331732
-0.347342
-0.361352
-0.37188
-0.378244
-0.378172
-0.376299
-0.110095
-0.113744
-0.117108
-0.120173
-0.12292
-0.125329
-0.127377
-0.12904
-0.130296
-0.13113
-0.131535
-0.131537
-0.131191
-0.130649
-0.130107
-0.129994
-0.130658
-0.132989
-0.137246
-0.145575
-0.0826457
-0.0869136
-0.0912144
-0.0955583
-0.0999562
-0.10442
-0.108961
-0.113593
-0.118327
-0.123174
-0.128142
-0.133231
-0.138429
-0.143707
-0.148996
-0.154208
-0.159166
-0.163715
-0.167563
-0.170585
-0.0679547
-0.0708609
-0.0737295
-0.0765617
-0.0793584
-0.0821205
-0.0848485
-0.0875425
-0.0902026
-0.0928289
-0.0954219
-0.0979833
-0.100517
-0.103032
-0.105545
-0.108083
-0.110695
-0.113456
-0.11652
-0.120123
-0.056376
-0.0586913
-0.0610107
-0.0633367
-0.0656719
-0.0680187
-0.0703796
-0.0727573
-0.0751543
-0.0775732
-0.0800162
-0.0824855
-0.0849827
-0.0875078
-0.0900605
-0.0926345
-0.0952282
-0.0978215
-0.100438
-0.10305
-0.0490799
-0.0508792
-0.0526766
-0.0544728
-0.0562686
-0.0580646
-0.0598617
-0.0616606
-0.0634624
-0.0652678
-0.0670781
-0.0688942
-0.0707177
-0.0725499
-0.0743936
-0.0762501
-0.0781292
-0.0800305
-0.0820033
-0.0840569
-0.043181
-0.0446063
-0.046033
-0.0474617
-0.0488928
-0.050327
-0.0517649
-0.0532071
-0.0546543
-0.0561071
-0.0575661
-0.059032
-0.0605053
-0.0619865
-0.0634766
-0.0649747
-0.0664854
-0.0680029
-0.0695577
-0.0711357
-0.0387479
-0.0398981
-0.0410487
-0.0422001
-0.0433523
-0.0445057
-0.0456605
-0.046817
-0.0479754
-0.0491362
-0.0502996
-0.0514659
-0.0526356
-0.0538089
-0.0549867
-0.0561683
-0.0573577
-0.0585506
-0.0597713
-0.061007
-0.0351598
-0.0360984
-0.0370373
-0.0379764
-0.0389161
-0.0398565
-0.0407978
-0.04174
-0.0426836
-0.0436285
-0.0445751
-0.0455234
-0.0464737
-0.0474261
-0.048381
-0.0493379
-0.0502993
-0.0512617
-0.0522428
-0.0532304
-0.0322997
-0.0330724
-0.033845
-0.0346176
-0.0353903
-0.0361632
-0.0369364
-0.0377101
-0.0384842
-0.039259
-0.0400345
-0.0408109
-0.0415881
-0.0423664
-0.0431459
-0.0439262
-0.0447092
-0.0454922
-0.0462884
-0.0470884
-0.029958
-0.0305947
-0.0312313
-0.0318681
-0.032505
-0.0331421
-0.0337796
-0.0344174
-0.0350557
-0.0356944
-0.0363336
-0.0369733
-0.0376136
-0.0382544
-0.0388959
-0.0395377
-0.0401811
-0.0408242
-0.0414766
-0.0421319
-0.0279976
-0.0285216
-0.029046
-0.0295711
-0.0300967
-0.0306231
-0.0311501
-0.0316778
-0.0322061
-0.0327352
-0.0332648
-0.0337951
-0.0343259
-0.0348572
-0.035389
-0.035921
-0.036454
-0.0369866
-0.0375261
-0.0380681
-0.0262736
-0.0267029
-0.0271337
-0.027566
-0.0279999
-0.0284354
-0.0288722
-0.0293105
-0.0297502
-0.0301911
-0.0306331
-0.0310762
-0.0315202
-0.0319649
-0.0324104
-0.0328562
-0.033303
-0.0337496
-0.0342013
-0.0346558
-0.0246481
-0.024999
-0.0253529
-0.0257099
-0.0260699
-0.0264326
-0.0267981
-0.027166
-0.0275363
-0.0279088
-0.0282832
-0.0286593
-0.029037
-0.0294159
-0.0297959
-0.0301767
-0.0305585
-0.0309404
-0.0313264
-0.0317155
-0.02293
-0.0232195
-0.0235144
-0.0238143
-0.0241192
-0.0244286
-0.0247422
-0.0250598
-0.025381
-0.0257056
-0.026033
-0.0263631
-0.0266954
-0.0270297
-0.0273656
-0.0277027
-0.0280411
-0.02838
-0.0287222
-0.029068
-0.0209516
-0.0212056
-0.0214674
-0.0217365
-0.0220123
-0.0222943
-0.0225819
-0.0228747
-0.023172
-0.0234734
-0.0237783
-0.0240863
-0.0243969
-0.0247095
-0.0250238
-0.0253394
-0.025656
-0.025973
-0.0262923
-0.0266148
-0.0183215
-0.0185835
-0.0188551
-0.0191355
-0.0194238
-0.019719
-0.0200204
-0.0203271
-0.0206383
-0.0209534
-0.0212717
-0.0215925
-0.0219154
-0.0222396
-0.0225648
-0.0228904
-0.0232161
-0.0235415
-0.0238675
-0.0241958
-0.0150927
-0.0154284
-0.0157718
-0.0161217
-0.016477
-0.0168366
-0.0171997
-0.0175652
-0.0179326
-0.018301
-0.0186697
-0.0190382
-0.019406
-0.0197725
-0.0201374
-0.0205002
-0.0208605
-0.0212182
-0.0215736
-0.0219286
-0.0107535
-0.0113004
-0.0118404
-0.0123731
-0.0128985
-0.0134164
-0.0139266
-0.014429
-0.0149236
-0.0154103
-0.015889
-0.0163599
-0.0168228
-0.0172779
-0.0177251
-0.0181646
-0.0185963
-0.0190205
-0.0194374
-0.0198487
-0.00660761
-0.00741672
-0.00819802
-0.00895295
-0.00968291
-0.0103892
-0.0110731
-0.0117356
-0.012378
-0.0130011
-0.0136059
-0.0141934
-0.0147644
-0.0153195
-0.0158596
-0.0163853
-0.0168973
-0.0173962
-0.0178827
-0.0183579
0.0776596
0.0494168
0.0286661
0.0188385
0.0100688
-0.00181922
-0.0151808
-0.0280846
-0.0402269
-0.0520245
-0.0637222
-0.0752926
-0.0866412
-0.0977253
-0.108552
-0.119144
-0.129527
-0.139726
-0.149774
-0.159714
0.0207522
0.00685842
-0.00529371
-0.0126945
-0.0182426
-0.0246945
-0.0322068
-0.0397633
-0.0467791
-0.0533104
-0.0595829
-0.0656929
-0.0716152
-0.0773031
-0.0827369
-0.0879189
-0.0928548
-0.0975456
-0.101987
-0.106173
0.00699245
0.000892496
-0.00452547
-0.00911615
-0.0132936
-0.0175752
-0.0221206
-0.0267628
-0.0313142
-0.0357332
-0.040075
-0.0443928
-0.0487004
-0.0529901
-0.0572553
-0.0614985
-0.065727
-0.0699489
-0.0741713
-0.0784011
-0.000965269
-0.00472992
-0.00836709
-0.0119919
-0.0155883
-0.0191504
-0.0226983
-0.026233
-0.0297314
-0.0331747
-0.0365617
-0.0399002
-0.0431955
-0.0464475
-0.049654
-0.0528139
-0.055928
-0.0589976
-0.0620244
-0.0650097
-0.00700386
-0.0100334
-0.012753
-0.0153098
-0.0178654
-0.0204405
-0.0229988
-0.0255208
-0.028008
-0.0304665
-0.0329001
-0.0353111
-0.0377015
-0.0400738
-0.0424305
-0.0447737
-0.047106
-0.0494298
-0.0517477
-0.0540623
-0.0114768
-0.0139052
-0.0159246
-0.0177393
-0.019574
-0.0214718
-0.0233859
-0.0252807
-0.0271532
-0.0290127
-0.0308655
-0.0327125
-0.034553
-0.0363868
-0.0382143
-0.0400362
-0.041853
-0.0436653
-0.0454735
-0.0472782
-0.0141615
-0.0160343
-0.0175287
-0.0188665
-0.0202415
-0.0216832
-0.0231475
-0.0246018
-0.026042
-0.0274759
-0.0289089
-0.0303419
-0.0317737
-0.0332036
-0.0346316
-0.0360582
-0.0374835
-0.0389082
-0.0403324
-0.0417565
-0.0156029
-0.0170436
-0.0182048
-0.0192596
-0.0203472
-0.0214881
-0.0226494
-0.0238066
-0.0249559
-0.0261024
-0.0272501
-0.0283995
-0.0295497
-0.0306999
-0.0318498
-0.0329996
-0.0341492
-0.0352988
-0.0364484
-0.0375981
-0.0163401
-0.0174247
-0.0183611
-0.0192429
-0.0201427
-0.0210723
-0.0220151
-0.0229573
-0.0238958
-0.0248328
-0.0257705
-0.0267093
-0.0276487
-0.0285882
-0.0295274
-0.0304665
-0.0314054
-0.0323442
-0.0332828
-0.0342213
-0.0168255
-0.0176109
-0.0183691
-0.0191278
-0.0198954
-0.02067
-0.0214476
-0.0222251
-0.0230019
-0.0237781
-0.0245542
-0.0253303
-0.0261063
-0.026882
-0.0276572
-0.0284319
-0.0292062
-0.0299801
-0.0307536
-0.0315268
-0.0172561
-0.0178147
-0.0184233
-0.019071
-0.0197246
-0.0203711
-0.0210125
-0.021653
-0.0222942
-0.0229355
-0.0235765
-0.0242167
-0.0248563
-0.0254954
-0.0261341
-0.0267722
-0.02741
-0.0280473
-0.0286844
-0.0293213
-0.0176665
-0.0180563
-0.0185359
-0.019076
-0.0196227
-0.0201556
-0.020679
-0.0212007
-0.0217238
-0.0222477
-0.0227714
-0.0232944
-0.023817
-0.0243393
-0.0248615
-0.0253837
-0.025906
-0.0264285
-0.0269512
-0.0274742
-0.018034
-0.0182941
-0.0186587
-0.0190937
-0.0195371
-0.019965
-0.0203818
-0.0207965
-0.021213
-0.0216312
-0.0220498
-0.0224684
-0.0228873
-0.0233069
-0.0237272
-0.0241485
-0.0245709
-0.0249946
-0.0254195
-0.0258458
-0.0183182
-0.018479
-0.0187382
-0.0190653
-0.0194023
-0.0197259
-0.0200398
-0.0203525
-0.020668
-0.0209864
-0.0213069
-0.0216292
-0.0219534
-0.0222801
-0.0226094
-0.0229415
-0.0232766
-0.0236147
-0.023956
-0.0243005
-0.0184436
-0.0184899
-0.0186281
-0.0188376
-0.0190621
-0.0192772
-0.0194852
-0.0196945
-0.0199094
-0.0201302
-0.0203564
-0.0205877
-0.0208243
-0.0210666
-0.0213148
-0.021569
-0.0218293
-0.0220956
-0.0223679
-0.0226461
-0.0182516
-0.0181034
-0.0180607
-0.0181297
-0.0182369
-0.0183417
-0.0184419
-0.0185476
-0.0186653
-0.0187958
-0.0189383
-0.0190919
-0.0192564
-0.019432
-0.0196185
-0.0198158
-0.0200236
-0.0202415
-0.0204691
-0.0207059
-0.017287
-0.0168327
-0.0164955
-0.0163567
-0.0163179
-0.0163024
-0.0162927
-0.0162988
-0.0163301
-0.0163885
-0.0164716
-0.016577
-0.016703
-0.0168485
-0.0170125
-0.0171939
-0.0173915
-0.0176042
-0.0178309
-0.0180703
-0.0137747
-0.0129182
-0.0123553
-0.0121671
-0.0121458
-0.0121509
-0.0121572
-0.0121853
-0.0122519
-0.0123583
-0.012499
-0.0126685
-0.0128632
-0.0130811
-0.0133202
-0.0135785
-0.0138542
-0.0141451
-0.0144496
-0.0147659
-0.00416581
-0.000714665
0.000432283
-0.000245706
-0.00132949
-0.00215821
-0.00274105
-0.00325827
-0.00380707
-0.00439271
-0.00499128
-0.00558717
-0.00617725
-0.00676331
-0.0073466
-0.00792684
-0.00850305
-0.00907435
-0.00964013
-0.0102
0.00361348
0.0143467
0.0176431
0.0154489
0.0122318
0.00993186
0.00845291
0.00723331
0.0059856
0.00469535
0.00342751
0.00221971
0.00107381
-2.09585e-05
-0.00107282
-0.00208521
-0.00305949
-0.003997
-0.00489955
-0.00576913
0.117634
0.118155
0.11922
0.120821
0.122957
0.125644
0.128901
0.13275
0.137208
0.142277
0.147942
0.154146
0.160775
0.167594
0.174183
0.17974
0.182742
0.180152
0.165353
0.123399
0.108502
0.108883
0.109603
0.110683
0.112084
0.113829
0.115851
0.118179
0.120685
0.123396
0.12606
0.128677
0.130755
0.132207
0.132051
0.129932
0.123784
0.112315
0.0904029
0.0522689
0.0977141
0.0979165
0.0982737
0.098798
0.0994556
0.10024
0.101076
0.101936
0.102686
0.103266
0.103448
0.103102
0.101839
0.0993939
0.0951161
0.0885016
0.0785757
0.0646769
0.0461066
0.0231189
0.0859594
0.0859925
0.0860307
0.0860746
0.0861019
0.0860836
0.0859575
0.0856585
0.0850828
0.084124
0.0826242
0.0804157
0.0772714
0.0729503
0.0671858
0.0597303
0.0504432
0.0392185
0.0259912
0.00987052
0.0739335
0.0738413
0.0736445
0.0733384
0.0729098
0.0723242
0.0715356
0.0704748
0.0690706
0.0672244
0.0648462
0.0618103
0.0580252
0.05336
0.0477709
0.0411597
0.033541
0.0247159
0.0144166
0.00169486
0.0622141
0.0620462
0.0617045
0.0611841
0.0604778
0.0595573
0.0583915
0.0569273
0.055121
0.0529056
0.0502392
0.0470511
0.0433173
0.0389736
0.0340215
0.0283779
0.022009
0.0146828
0.00613964
-0.00432787
0.0512006
0.0509968
0.0505854
0.0499627
0.0491252
0.0480542
0.0467313
0.0451224
0.0432041
0.0409371
0.0383036
0.0352646
0.0318136
0.0279073
0.0235417
0.0186449
0.0131839
0.00700062
-6.68703e-05
-0.00851811
0.0411172
0.0409044
0.0404762
0.0398293
0.0389624
0.0378645
0.0365262
0.0349276
0.0330572
0.0308915
0.0284223
0.0256241
0.0224928
0.018997
0.0151358
0.010867
0.0061901
0.00102882
-0.0046876
-0.0112786
0.0320509
0.0318451
0.0314318
0.0308076
0.0299718
0.028918
0.0276423
0.0261332
0.0243853
0.0223842
0.0201261
0.0175939
0.0147873
0.0116874
0.00830178
0.00461191
0.00063878
-0.00364127
-0.00821166
-0.0131611
0.0239966
0.023806
0.0234237
0.022846
0.0220721
0.0210978
0.0199223
0.0185392
0.0169472
0.0151374
0.0131103
0.0108557
0.00837895
0.00567039
0.00274413
-0.000406203
-0.00374911
-0.00727661
-0.0109092
-0.0145703
0.0168971
0.0167248
0.0163797
0.0158577
0.0151578
0.0142775
0.0132179
0.0119761
0.0105539
0.00894677
0.00715857
0.00518437
0.00303317
0.000701474
-0.00179254
-0.00444808
-0.0072274
-0.0101062
-0.0129751
-0.0156785
0.0106713
0.0105174
0.0102096
0.0097438
0.00911919
0.00833444
0.00739265
0.00629365
0.00504218
0.00363705
0.0020846
0.000382845
-0.00145759
-0.00343734
-0.00553609
-0.00774811
-0.0100311
-0.0123532
-0.0145964
-0.0165811
0.00523414
0.00509642
0.00482185
0.00440641
0.0038499
0.00315229
0.00231866
0.00135155
0.000258527
-0.000958528
-0.0022908
-0.00373815
-0.00528919
-0.00694422
-0.00868358
-0.0105006
-0.0123509
-0.0141965
-0.0159143
-0.0173202
0.000509397
0.000383724
0.000134274
-0.000242718
-0.00074655
-0.00137581
-0.00212299
-0.00298285
-0.00394432
-0.00500212
-0.00614371
-0.00736609
-0.00865573
-0.0100132
-0.0114206
-0.0128753
-0.014335
-0.0157594
-0.017013
-0.0178888
-0.00355956
-0.00367881
-0.00391504
-0.00427164
-0.00474689
-0.00533797
-0.00603491
-0.00682955
-0.00770627
-0.00865485
-0.00965582
-0.0107
-0.0117671
-0.0128551
-0.0139466
-0.0150472
-0.0161224
-0.0171383
-0.0179475
-0.0183254
-0.00700233
-0.00712143
-0.00735852
-0.00771642
-0.00819318
-0.00878523
-0.00948199
-0.0102733
-0.0111402
-0.012066
-0.0130212
-0.0139819
-0.0149088
-0.0157809
-0.016565
-0.0172707
-0.0178854
-0.0184247
-0.0187576
-0.0186146
-0.00981921
-0.00994368
-0.0101944
-0.0105735
-0.0110803
-0.0117119
-0.0124611
-0.0133195
-0.0142713
-0.0152985
-0.0163676
-0.0174395
-0.0184458
-0.0193154
-0.0199434
-0.0202623
-0.0202112
-0.0198576
-0.0192438
-0.0183333
-0.0119855
-0.0121188
-0.0123906
-0.0128028
-0.0133567
-0.0140525
-0.014889
-0.0158655
-0.0169769
-0.0182184
-0.0195712
-0.0210098
-0.022469
-0.0238499
-0.0249583
-0.0255236
-0.0251536
-0.0234921
-0.0203604
-0.016088
-0.0134614
-0.0136048
-0.0138978
-0.0143426
-0.0149432
-0.015703
-0.0166289
-0.0177277
-0.0190116
-0.0204921
-0.0221878
-0.0241113
-0.026276
-0.0286532
-0.0311511
-0.0334603
-0.0349123
-0.0340688
-0.0284884
-0.0142937
-0.014209
-0.0143602
-0.0146665
-0.0151314
-0.0157603
-0.0165599
-0.0175413
-0.0187174
-0.020111
-0.0217465
-0.0236696
-0.0259277
-0.0286083
-0.0317936
-0.0356051
-0.0400502
-0.0448733
-0.0487009
-0.0471699
-0.0272807
0.127993
0.128563
0.129836
0.131718
0.134352
0.137639
0.141821
0.146756
0.152822
0.159809
0.168306
0.177996
0.189818
0.203267
0.219927
0.238934
0.26315
0.290947
0.327788
0.370199
0.127957
0.128526
0.129799
0.13168
0.134313
0.137598
0.141779
0.146711
0.152773
0.159755
0.168244
0.177924
0.189729
0.203157
0.219779
0.238734
0.262858
0.290518
0.327126
0.369142
0.127884
0.128454
0.129725
0.131605
0.134235
0.137518
0.141694
0.146621
0.152675
0.159647
0.168121
0.177781
0.189553
0.202939
0.219485
0.238338
0.262278
0.289667
0.325807
0.367036
0.127776
0.128345
0.129615
0.131492
0.134119
0.137398
0.141568
0.146486
0.152529
0.159485
0.167938
0.177567
0.189291
0.202613
0.219046
0.237748
0.261413
0.288397
0.323838
0.363894
0.127631
0.1282
0.129468
0.131343
0.133966
0.137238
0.1414
0.146308
0.152336
0.159272
0.167694
0.177283
0.188944
0.20218
0.218466
0.236966
0.260268
0.286717
0.321228
0.359731
0.127451
0.128019
0.129285
0.131157
0.133774
0.13704
0.141192
0.146086
0.152095
0.159006
0.167392
0.17693
0.188513
0.201643
0.217746
0.235996
0.258847
0.284637
0.317989
0.354568
0.127236
0.127804
0.129067
0.130934
0.133546
0.136803
0.140943
0.145821
0.151809
0.158688
0.167031
0.17651
0.188
0.201003
0.216892
0.234844
0.257159
0.282169
0.314133
0.348434
0.126985
0.127553
0.128813
0.130676
0.13328
0.136528
0.140655
0.145514
0.151476
0.158321
0.166615
0.176024
0.187409
0.200264
0.215906
0.233516
0.255214
0.279328
0.309679
0.34136
0.1267
0.127268
0.128525
0.130383
0.132979
0.136216
0.140327
0.145166
0.1511
0.157905
0.166143
0.175472
0.18674
0.199427
0.214796
0.232016
0.25302
0.276129
0.304644
0.333384
0.126381
0.126949
0.128203
0.130056
0.132643
0.135868
0.139962
0.144778
0.15068
0.15744
0.165618
0.174859
0.185998
0.198497
0.213565
0.230353
0.250591
0.27259
0.29905
0.324549
0.126028
0.126596
0.127847
0.129694
0.132272
0.135484
0.13956
0.14435
0.150219
0.15693
0.165042
0.174184
0.185186
0.197476
0.212222
0.228532
0.24794
0.268728
0.292921
0.314903
0.125642
0.126211
0.127458
0.1293
0.131867
0.135066
0.139121
0.143885
0.149716
0.156375
0.164416
0.173452
0.184305
0.196369
0.210772
0.226561
0.245082
0.264563
0.286285
0.304497
0.125223
0.125793
0.127037
0.128873
0.13143
0.134614
0.138648
0.143383
0.149175
0.155777
0.163742
0.172664
0.183361
0.195179
0.209222
0.224449
0.242035
0.260112
0.279173
0.293386
0.124771
0.125344
0.126585
0.128415
0.130961
0.13413
0.138141
0.142845
0.148595
0.155137
0.163023
0.171823
0.182356
0.193911
0.20758
0.222203
0.238817
0.255394
0.271622
0.281624
0.124289
0.124864
0.126103
0.127927
0.130461
0.133614
0.137601
0.142273
0.147979
0.154458
0.16226
0.17093
0.181293
0.192569
0.205852
0.219832
0.235446
0.250427
0.263673
0.269258
0.123775
0.124354
0.12559
0.127409
0.12993
0.133067
0.137029
0.141667
0.147326
0.153738
0.161452
0.169985
0.180169
0.191151
0.204038
0.217338
0.231937
0.245226
0.255383
0.256328
0.123231
0.123815
0.12505
0.126863
0.129372
0.132491
0.136427
0.14103
0.14664
0.152983
0.160603
0.168995
0.178993
0.189667
0.202147
0.214734
0.228309
0.239804
0.24681
0.242865
0.122658
0.123249
0.124484
0.126295
0.128793
0.131898
0.13581
0.140382
0.145948
0.152226
0.159759
0.168011
0.177828
0.18819
0.200265
0.212106
0.224655
0.234218
0.238002
0.228769
0.122055
0.122655
0.123894
0.125705
0.128198
0.131294
0.135189
0.139737
0.145267
0.151491
0.158948
0.167072
0.17672
0.186773
0.198451
0.20952
0.22104
0.228508
0.228978
0.213365
0.12142
0.122022
0.123255
0.125055
0.127523
0.130592
0.134439
0.138934
0.144379
0.150504
0.157808
0.165745
0.175112
0.184795
0.195937
0.206219
0.216643
0.222198
0.219827
0.196948
0.121434
0.122036
0.123269
0.12507
0.127538
0.130608
0.134455
0.138952
0.144397
0.150525
0.157831
0.16577
0.175139
0.184826
0.195973
0.20626
0.216691
0.222254
0.219895
0.197032
0.122069
0.122669
0.123908
0.125719
0.128212
0.131309
0.135205
0.139754
0.145285
0.15151
0.158969
0.167095
0.176746
0.186803
0.198485
0.209559
0.221085
0.228562
0.229043
0.213444
0.122671
0.123262
0.124497
0.126308
0.128807
0.131913
0.135825
0.140398
0.145965
0.152244
0.159779
0.168033
0.177853
0.188217
0.200297
0.212143
0.224698
0.234269
0.238063
0.228844
0.123243
0.123827
0.125062
0.126876
0.129385
0.132505
0.136441
0.141045
0.146656
0.153
0.160622
0.169016
0.179016
0.189693
0.202176
0.214769
0.228349
0.239852
0.246868
0.242936
0.123786
0.124366
0.125602
0.127421
0.129942
0.13308
0.137042
0.141681
0.147341
0.153755
0.16147
0.170005
0.180191
0.191176
0.204066
0.217371
0.231975
0.245271
0.255437
0.256395
0.124299
0.124875
0.126114
0.127938
0.130472
0.133626
0.137614
0.142287
0.147993
0.154474
0.162277
0.170949
0.181314
0.192592
0.205879
0.219863
0.235482
0.250469
0.263724
0.269321
0.124781
0.125354
0.126595
0.128426
0.130971
0.134141
0.138153
0.142858
0.148609
0.155152
0.163039
0.17184
0.182376
0.193933
0.207605
0.222232
0.23885
0.255433
0.271669
0.281682
0.125232
0.125803
0.127047
0.128883
0.13144
0.134624
0.138659
0.143394
0.149187
0.15579
0.163757
0.17268
0.183379
0.195199
0.209245
0.224475
0.242066
0.260148
0.279217
0.29344
0.12565
0.126219
0.127467
0.129309
0.131876
0.135075
0.139131
0.143895
0.149728
0.156387
0.164429
0.173467
0.184322
0.196387
0.210793
0.226586
0.245111
0.264596
0.286326
0.304547
0.126036
0.126604
0.127855
0.129702
0.13228
0.135493
0.139569
0.14436
0.150229
0.156941
0.165054
0.174198
0.185201
0.197493
0.212241
0.228554
0.247966
0.268759
0.292958
0.314949
0.126388
0.126956
0.12821
0.130063
0.13265
0.135876
0.13997
0.144787
0.15069
0.157451
0.165629
0.174871
0.186012
0.198512
0.213583
0.230373
0.250615
0.272618
0.299083
0.324591
0.126706
0.127274
0.128532
0.13039
0.132986
0.136223
0.140335
0.145174
0.151108
0.157914
0.166153
0.175483
0.186753
0.199441
0.214811
0.232034
0.253041
0.276154
0.304674
0.333421
0.126991
0.127559
0.128819
0.130682
0.133286
0.136534
0.140661
0.145521
0.151484
0.158329
0.166623
0.176033
0.187419
0.200276
0.21592
0.233532
0.255232
0.27935
0.309705
0.341393
0.127241
0.127809
0.129072
0.130939
0.133551
0.136808
0.140949
0.145827
0.151815
0.158695
0.167039
0.176519
0.18801
0.201014
0.216904
0.234858
0.257176
0.282188
0.314156
0.348463
0.127455
0.128023
0.129289
0.131161
0.133779
0.137045
0.141197
0.146091
0.152101
0.159012
0.167398
0.176938
0.188521
0.201652
0.217756
0.236008
0.258861
0.284653
0.318008
0.354592
0.127635
0.128203
0.129471
0.131346
0.133969
0.137242
0.141404
0.146312
0.15234
0.159276
0.167699
0.177289
0.18895
0.202187
0.218474
0.236975
0.260279
0.28673
0.321244
0.35975
0.127778
0.128347
0.129617
0.131495
0.134122
0.137401
0.141571
0.14649
0.152533
0.159489
0.167942
0.177571
0.189296
0.202618
0.219053
0.237755
0.261422
0.288407
0.323851
0.363909
0.127886
0.128455
0.129727
0.131607
0.134237
0.13752
0.141696
0.146623
0.152678
0.159649
0.168124
0.177784
0.189557
0.202943
0.219489
0.238344
0.262285
0.289674
0.325816
0.367047
0.127958
0.128527
0.1298
0.131681
0.134314
0.1376
0.14178
0.146712
0.152774
0.159756
0.168246
0.177926
0.189731
0.20316
0.219782
0.238738
0.262862
0.290523
0.327131
0.369149
0.127994
0.128563
0.129836
0.131718
0.134352
0.137639
0.141822
0.146756
0.152822
0.159809
0.168307
0.177997
0.189818
0.203268
0.219928
0.238935
0.263151
0.290948
0.32779
0.370201
-0.0141267
-0.0142757
-0.0145825
-0.0150487
-0.0156803
-0.016482
-0.0174669
-0.0186473
-0.0200482
-0.0216954
-0.0236378
-0.0259313
-0.0286728
-0.031976
-0.0359997
-0.0408345
-0.0462816
-0.0509383
-0.0498203
-0.0273461
-0.0133777
-0.0135208
-0.0138146
-0.01426
-0.0148624
-0.0156233
-0.0165525
-0.0176538
-0.0189453
-0.0204335
-0.0221476
-0.0240928
-0.0262965
-0.0287083
-0.0312235
-0.0334303
-0.0345468
-0.0330235
-0.0269409
-0.0147664
-0.0119006
-0.0120357
-0.0123079
-0.0127203
-0.0132739
-0.0139699
-0.014807
-0.0157845
-0.0168977
-0.0181401
-0.0194925
-0.0209201
-0.0223472
-0.0236411
-0.0245754
-0.0248405
-0.0241066
-0.0222505
-0.0196317
-0.0171167
-0.00973518
-0.00986121
-0.0101115
-0.0104899
-0.0109946
-0.011625
-0.0123711
-0.0132265
-0.0141705
-0.015186
-0.0162292
-0.0172582
-0.0181885
-0.018951
-0.0194475
-0.0196755
-0.0196674
-0.0196091
-0.0194942
-0.0189401
-0.0069199
-0.00703919
-0.0072752
-0.00763133
-0.00810519
-0.00869366
-0.00938471
-0.0101679
-0.0110211
-0.0119267
-0.0128512
-0.013773
-0.0146558
-0.015498
-0.0162914
-0.0170822
-0.0178651
-0.0186196
-0.0191089
-0.0189906
-0.0034791
-0.00359759
-0.00383241
-0.00418674
-0.00465883
-0.00524541
-0.00593624
-0.00672234
-0.00758814
-0.00852371
-0.0095126
-0.0105508
-0.0116272
-0.0127496
-0.0139061
-0.0150939
-0.016253
-0.0173135
-0.0181139
-0.0184668
0.000586974
0.000462145
0.000213933
-0.000161236
-0.000662751
-0.00128901
-0.0020329
-0.00288945
-0.00384905
-0.00490815
-0.00605746
-0.00729657
-0.00861398
-0.0100072
-0.0114508
-0.0129282
-0.0143868
-0.0157875
-0.0170206
-0.017924
0.00530738
0.00517003
0.00489596
0.00448113
0.00392514
0.00322769
0.00239334
0.00142389
0.000325928
-0.000899504
-0.00224392
-0.0037062
-0.00527227
-0.00693812
-0.00868
-0.0104902
-0.0123294
-0.0141702
-0.0158989
-0.0173272
0.0107388
0.0105848
0.0102767
0.00981021
0.00918451
0.00839795
0.00745334
0.00635027
0.00509345
0.00368205
0.00212338
0.000416753
-0.00142582
-0.00340466
-0.0055008
-0.0077121
-0.0100004
-0.0123355
-0.0145957
-0.0165924
0.0169583
0.0167857
0.0164399
0.0159167
0.0152152
0.0143329
0.013271
0.0120264
0.0106016
0.00899217
0.00720247
0.00522765
0.00307617
0.000743373
-0.00175415
-0.00441674
-0.00720639
-0.0100966
-0.0129744
-0.0156807
0.0240522
0.0238613
0.0234784
0.0228998
0.0221247
0.0211492
0.0199725
0.0185883
0.0169954
0.0151848
0.0131568
0.010901
0.00842192
0.00570971
0.00277836
-0.000377845
-0.00372638
-0.0072581
-0.0108934
-0.0145564
0.032102
0.0318961
0.0314824
0.0308578
0.0300215
0.0289672
0.027691
0.0261813
0.0244329
0.0224309
0.0201715
0.0176374
0.0148285
0.0117258
0.00833749
0.00464545
0.000670899
-0.00360999
-0.00818168
-0.0131347
0.0411649
0.040952
0.0405237
0.0398767
0.0390097
0.0379115
0.036573
0.0349741
0.0331031
0.0309367
0.0284666
0.0256673
0.022535
0.0190384
0.0151765
0.0109075
0.00623056
0.00106901
-0.00464857
-0.0112427
0.0512452
0.0510414
0.05063
0.0500074
0.0491699
0.0480989
0.046776
0.0451671
0.0432487
0.0409816
0.038348
0.0353091
0.0318583
0.0279525
0.0235873
0.018691
0.0132302
0.00704681
-2.10786e-05
-0.00847219
0.0622556
0.0620878
0.0617462
0.0612259
0.0605199
0.0595996
0.0584341
0.0569703
0.0551645
0.0529498
0.0502842
0.0470971
0.0433643
0.0390218
0.0340709
0.0284283
0.0220605
0.0147353
0.00619331
-0.00427177
0.0739715
0.0738794
0.0736828
0.073377
0.0729489
0.0723638
0.0715758
0.0705159
0.0691127
0.0672678
0.064891
0.0618568
0.0580734
0.0534102
0.0478231
0.041214
0.0335976
0.0247752
0.014479
0.0017619
0.0859935
0.0860267
0.0860652
0.0861095
0.0861374
0.0861199
0.0859947
0.085697
0.0851227
0.0841655
0.0826677
0.0804614
0.0773196
0.0730012
0.0672398
0.0597877
0.0505044
0.0392842
0.0260623
0.00994906
0.0977435
0.0979461
0.0983036
0.0988284
0.0994867
0.100272
0.101109
0.10197
0.102722
0.103304
0.103488
0.103145
0.101885
0.0994439
0.0951703
0.0885606
0.07864
0.0647475
0.0461848
0.023208
0.108526
0.108907
0.109627
0.110708
0.11211
0.113856
0.115878
0.118208
0.120716
0.123429
0.126095
0.128716
0.130797
0.132254
0.132102
0.129989
0.123848
0.112387
0.0904853
0.0523637
0.117652
0.118173
0.119238
0.120839
0.122977
0.125664
0.128922
0.132772
0.137231
0.142302
0.14797
0.154176
0.160809
0.167632
0.174227
0.17979
0.1828
0.18022
0.165435
0.123499
0.00715505
0.0192203
0.0229168
0.0203755
0.0166551
0.0139752
0.0122394
0.0108107
0.00935864
0.00786375
0.00639924
0.00500811
0.00369251
0.00243991
0.0012405
8.99325e-05
-0.00101364
-0.00207201
-0.00308752
-0.00406267
-0.00442666
-0.000869173
0.000365769
-0.000245826
-0.00126885
-0.00204054
-0.00257446
-0.00305213
-0.00356859
-0.00412683
-0.00470199
-0.0052783
-0.00585256
-0.00642625
-0.00700016
-0.0075736
-0.00814523
-0.00871388
-0.0092787
-0.00983902
-0.0158009
-0.0153188
-0.0148083
-0.0143935
-0.0140841
-0.0138545
-0.0136845
-0.0135655
-0.0134945
-0.0134694
-0.0134871
-0.0135441
-0.0136369
-0.0137622
-0.0139171
-0.0140987
-0.0143046
-0.0145323
-0.0147795
-0.015044
-0.0184342
-0.018201
-0.0179291
-0.017703
-0.0175378
-0.0174178
-0.0173286
-0.0172655
-0.0172289
-0.01722
-0.0172383
-0.0172826
-0.0173512
-0.0174429
-0.0175563
-0.0176903
-0.0178436
-0.0180149
-0.018203
-0.0184066
-0.0186675
-0.0185465
-0.0185344
-0.0186184
-0.0187295
-0.018833
-0.0189291
-0.0190283
-0.019137
-0.0192564
-0.0193859
-0.019525
-0.0196739
-0.0198329
-0.0200022
-0.0201818
-0.0203717
-0.0205716
-0.0207812
-0.0210004
-0.0184959
-0.0185134
-0.0186584
-0.0188956
-0.0191476
-0.0193823
-0.0196039
-0.0198238
-0.0200476
-0.0202758
-0.0205076
-0.0207427
-0.0209815
-0.0212245
-0.0214721
-0.0217247
-0.0219824
-0.0222453
-0.0225135
-0.022787
-0.0183447
-0.0185024
-0.0187668
-0.0191046
-0.0194523
-0.0197849
-0.0201065
-0.0204263
-0.0207483
-0.0210726
-0.0213982
-0.0217249
-0.0220527
-0.0223823
-0.0227138
-0.0230474
-0.0233834
-0.0237219
-0.0240629
-0.0244067
-0.0180707
-0.0183419
-0.0187115
-0.0191465
-0.019589
-0.0200171
-0.020435
-0.0208512
-0.021269
-0.0216883
-0.0221079
-0.0225276
-0.0229473
-0.0233674
-0.0237882
-0.0242098
-0.0246322
-0.0250557
-0.0254802
-0.0259059
-0.0176933
-0.01809
-0.0185736
-0.0191144
-0.0196607
-0.0201937
-0.0207177
-0.0212403
-0.0217641
-0.0222886
-0.0228129
-0.0233365
-0.0238597
-0.0243824
-0.0249051
-0.0254276
-0.0259501
-0.0264726
-0.0269953
-0.0275182
-0.0172572
-0.0178168
-0.0184282
-0.0190781
-0.0197333
-0.0203809
-0.0210234
-0.0216651
-0.0223074
-0.0229498
-0.0235917
-0.0242328
-0.0248732
-0.025513
-0.0261522
-0.0267909
-0.027429
-0.0280667
-0.0287041
-0.0293411
-0.0168109
-0.017597
-0.0183573
-0.019118
-0.019887
-0.0206629
-0.0214417
-0.0222205
-0.0229985
-0.0237759
-0.0245531
-0.0253302
-0.0261072
-0.0268838
-0.0276598
-0.0284353
-0.0292103
-0.0299848
-0.0307589
-0.0315326
-0.0163155
-0.0174012
-0.0183391
-0.0192222
-0.0201229
-0.0210533
-0.021997
-0.0229401
-0.0238795
-0.0248174
-0.025756
-0.0266956
-0.0276359
-0.0285761
-0.0295162
-0.0304559
-0.0313955
-0.0323349
-0.0332741
-0.0342131
-0.0155688
-0.0170106
-0.0181734
-0.0192292
-0.0203175
-0.0214589
-0.0226209
-0.0237789
-0.024929
-0.0260763
-0.0272247
-0.0283748
-0.0295257
-0.0306766
-0.0318273
-0.0329777
-0.034128
-0.0352782
-0.0364284
-0.0375787
-0.0141155
-0.0159893
-0.0174857
-0.0188248
-0.0202003
-0.0216424
-0.0231073
-0.0245622
-0.0260032
-0.0274378
-0.0288714
-0.0303051
-0.0317376
-0.0331681
-0.0345968
-0.0360239
-0.0374499
-0.0388752
-0.0402999
-0.0417246
-0.0114186
-0.0138475
-0.0158689
-0.017685
-0.0195202
-0.0214183
-0.0233328
-0.0252282
-0.0271014
-0.0289615
-0.0308149
-0.0326625
-0.0345036
-0.0363379
-0.038166
-0.0399884
-0.0418058
-0.0436187
-0.0454275
-0.0472327
-0.00693264
-0.00996228
-0.012684
-0.0152422
-0.017798
-0.020373
-0.0229316
-0.025454
-0.0279416
-0.0304006
-0.0328346
-0.035246
-0.0376368
-0.0400096
-0.0423667
-0.0447103
-0.047043
-0.0493672
-0.0516856
-0.0540005
-0.000880785
-0.00464529
-0.00828457
-0.0119104
-0.0155066
-0.0190682
-0.0226159
-0.0261507
-0.0296493
-0.0330926
-0.0364796
-0.0398182
-0.0431136
-0.0463657
-0.0495723
-0.0527323
-0.0558465
-0.0589163
-0.0619432
-0.0649286
0.00709009
0.000990849
-0.0044287
-0.00901966
-0.0131961
-0.0174765
-0.0220212
-0.0266628
-0.0312137
-0.0356321
-0.0399733
-0.0442905
-0.0485976
-0.0528867
-0.0571514
-0.061394
-0.065622
-0.0698434
-0.0740653
-0.0782945
0.0208578
0.00696642
-0.00518534
-0.012585
-0.0181313
-0.0245811
-0.0320914
-0.0396461
-0.0466601
-0.0531895
-0.0594601
-0.0655682
-0.0714885
-0.0771744
-0.0826062
-0.0877861
-0.0927198
-0.0974084
-0.101848
-0.106031
0.0777697
0.0495327
0.0287853
0.0189596
0.0101921
-0.00169301
-0.0150516
-0.0279522
-0.0400916
-0.051886
-0.0635806
-0.0751477
-0.0864929
-0.0975734
-0.108396
-0.118985
-0.129364
-0.139558
-0.149601
-0.159537
-0.00499985
-0.00590123
-0.00676881
-0.00760444
-0.00840989
-0.00918681
-0.00993677
-0.0106612
-0.0113615
-0.0120389
-0.0126947
-0.0133299
-0.0139456
-0.0145427
-0.0151223
-0.0156852
-0.0162321
-0.0167639
-0.0172813
-0.0177862
-0.0103943
-0.0109439
-0.0114875
-0.0120246
-0.0125549
-0.0130781
-0.0135939
-0.0141022
-0.0146027
-0.0150955
-0.0155803
-0.0160572
-0.016526
-0.0169868
-0.0174395
-0.0178843
-0.018321
-0.0187499
-0.0191712
-0.0195867
-0.015324
-0.0156176
-0.0159231
-0.016239
-0.0165637
-0.016896
-0.0172347
-0.0175786
-0.0179267
-0.0182781
-0.0186319
-0.0189873
-0.0193436
-0.0197002
-0.0200566
-0.0204121
-0.0207664
-0.0211192
-0.0214706
-0.0218226
-0.0186246
-0.0188558
-0.0190991
-0.0193533
-0.0196174
-0.0198904
-0.0201714
-0.0204594
-0.0207535
-0.0210529
-0.0213568
-0.0216646
-0.0219755
-0.0222888
-0.022604
-0.0229206
-0.023238
-0.0235559
-0.0238751
-0.0241973
-0.0212286
-0.0214656
-0.0217108
-0.0219638
-0.0222242
-0.0224913
-0.0227647
-0.0230439
-0.0233283
-0.0236174
-0.0239108
-0.0242077
-0.0245079
-0.0248108
-0.025116
-0.025423
-0.0257315
-0.0260411
-0.0263533
-0.0266694
-0.0230658
-0.0233498
-0.023639
-0.0239331
-0.0242319
-0.0245353
-0.024843
-0.0251547
-0.0254701
-0.025789
-0.026111
-0.0264359
-0.0267632
-0.0270928
-0.0274242
-0.0277571
-0.0280915
-0.0284268
-0.0287656
-0.0291082
-0.0247531
-0.0251024
-0.0254544
-0.0258091
-0.0261665
-0.0265266
-0.0268891
-0.027254
-0.0276211
-0.0279902
-0.0283613
-0.028734
-0.0291083
-0.0294838
-0.0298604
-0.0302378
-0.0306162
-0.0309949
-0.0313776
-0.0317635
-0.0263328
-0.0267611
-0.0271908
-0.0276218
-0.0280543
-0.0284881
-0.0289234
-0.0293599
-0.0297977
-0.0302368
-0.030677
-0.0311182
-0.0315603
-0.0320032
-0.0324469
-0.032891
-0.0333361
-0.033781
-0.0342312
-0.0346842
-0.0280414
-0.028565
-0.029089
-0.0296135
-0.0301385
-0.0306641
-0.0311903
-0.0317171
-0.0322445
-0.0327724
-0.033301
-0.0338301
-0.0343597
-0.0348897
-0.0354203
-0.035951
-0.0364827
-0.037014
-0.0375521
-0.0380927
-0.0299779
-0.0306145
-0.0312511
-0.0318877
-0.0325243
-0.0331612
-0.0337983
-0.0344357
-0.0350735
-0.0357116
-0.0363503
-0.0369895
-0.0376292
-0.0382694
-0.0389103
-0.0395515
-0.0401943
-0.0408368
-0.0414887
-0.0421433
-0.0323059
-0.033079
-0.0338519
-0.0346247
-0.0353975
-0.0361706
-0.0369438
-0.0377174
-0.0384915
-0.0392662
-0.0400416
-0.0408177
-0.0415948
-0.0423728
-0.043152
-0.043932
-0.0447147
-0.0454973
-0.0462931
-0.0470927
-0.0351521
-0.0360912
-0.0370304
-0.0379699
-0.0389099
-0.0398505
-0.040792
-0.0417345
-0.0426781
-0.0436232
-0.0445698
-0.0455182
-0.0464686
-0.047421
-0.048376
-0.0493329
-0.0502943
-0.0512567
-0.0522377
-0.0532252
-0.0387291
-0.0398797
-0.0410309
-0.0421827
-0.0433354
-0.0444892
-0.0456444
-0.0468013
-0.0479601
-0.0491211
-0.0502848
-0.0514514
-0.0526214
-0.053795
-0.054973
-0.0561549
-0.0573445
-0.0585376
-0.0597585
-0.0609942
-0.0431497
-0.0445756
-0.0460028
-0.047432
-0.0488636
-0.0502983
-0.0517366
-0.0531793
-0.0546269
-0.0560801
-0.0575396
-0.0590058
-0.0604795
-0.061961
-0.0634515
-0.0649499
-0.066461
-0.0679788
-0.0695338
-0.0711118
-0.0490349
-0.0508347
-0.0526326
-0.0544293
-0.0562255
-0.058022
-0.0598195
-0.0616189
-0.063421
-0.0652268
-0.0670375
-0.0688539
-0.0706777
-0.0725101
-0.0743541
-0.0762108
-0.0780902
-0.0799916
-0.0819644
-0.0840178
-0.0563146
-0.0586303
-0.0609501
-0.0632765
-0.065612
-0.0679592
-0.0703205
-0.0726985
-0.0750958
-0.0775149
-0.0799583
-0.0824279
-0.0849254
-0.0874507
-0.0900036
-0.0925779
-0.0951719
-0.0977654
-0.100382
-0.102994
-0.0678738
-0.0707801
-0.0736489
-0.0764812
-0.0792782
-0.0820405
-0.0847686
-0.0874628
-0.0901231
-0.0927496
-0.0953428
-0.0979044
-0.100438
-0.102954
-0.105466
-0.108005
-0.110618
-0.113378
-0.116443
-0.120045
-0.0825385
-0.0868059
-0.0911062
-0.0954495
-0.0998469
-0.10431
-0.108851
-0.113482
-0.118215
-0.123062
-0.128029
-0.133117
-0.138314
-0.143591
-0.148879
-0.154088
-0.159045
-0.163592
-0.167436
-0.170454
-0.109951
-0.113597
-0.116958
-0.12002
-0.122764
-0.12517
-0.127214
-0.128874
-0.130126
-0.130955
-0.131356
-0.131353
-0.131002
-0.130455
-0.129907
-0.129788
-0.130446
-0.132769
-0.137016
-0.14533
-0.169417
-0.179306
-0.18928
-0.199424
-0.209832
-0.220612
-0.231877
-0.243752
-0.256355
-0.269793
-0.284127
-0.299341
-0.315234
-0.331414
-0.347002
-0.360989
-0.371489
-0.377824
-0.377723
-0.375826
-0.0219791
-0.027302
-0.0308163
-0.0329303
-0.0339153
-0.033863
-0.032802
-0.0308735
-0.0283152
-0.0253855
-0.0223502
-0.0193995
-0.0166006
-0.0139805
-0.0115514
-0.00922488
-0.00694153
-0.00478096
-0.00281134
-0.000962395
-0.0230853
-0.0280228
-0.0314403
-0.0335116
-0.0344262
-0.0342782
-0.0331174
-0.0310952
-0.0284468
-0.0254388
-0.022351
-0.0193692
-0.016555
-0.0139371
-0.0115117
-0.00917465
-0.00688369
-0.00474092
-0.00279856
-0.00096183
-0.0248636
-0.0293706
-0.0326208
-0.0346045
-0.0353989
-0.0350823
-0.033734
-0.0315287
-0.0287022
-0.0255398
-0.0223473
-0.0193031
-0.0164602
-0.0138486
-0.0114294
-0.00906973
-0.00676597
-0.0046614
-0.00277276
-0.000959624
-0.0270506
-0.0312619
-0.03434
-0.0362008
-0.0368347
-0.0362858
-0.0346616
-0.0321727
-0.0290691
-0.0256741
-0.0223278
-0.0191919
-0.0163113
-0.0137131
-0.011298
-0.00889992
-0.00658333
-0.004544
-0.00273496
-0.000954524
-0.0295296
-0.0336535
-0.0366171
-0.0383315
-0.0387506
-0.0378974
-0.0359091
-0.0330281
-0.029531
-0.0258162
-0.0222694
-0.0190211
-0.0161052
-0.0135303
-0.011107
-0.00864877
-0.00632922
-0.00439188
-0.00268617
-0.000944203
-0.0322693
-0.0365489
-0.0394921
-0.0410586
-0.0411902
-0.039923
-0.0374641
-0.0340821
-0.030073
-0.0259421
-0.0221403
-0.0187653
-0.0158349
-0.0132986
-0.0108413
-0.00829675
-0.00599816
-0.00420863
-0.00262511
-0.000924887
-0.0353762
-0.0400164
-0.0430282
-0.0444606
-0.0442459
-0.0424233
-0.0393207
-0.0352859
-0.0306531
-0.0260329
-0.0219239
-0.0184036
-0.0154861
-0.0130022
-0.010475
-0.00782494
-0.00559112
-0.00399914
-0.00254665
-0.000890842
-0.0389778
-0.0441941
-0.0473355
-0.0485938
-0.0479697
-0.0454904
-0.041544
-0.0365985
-0.0311661
-0.0260117
-0.0216009
-0.0179482
-0.0150638
-0.0126116
-0.00995973
-0.00720808
-0.00511407
-0.00376988
-0.00244365
-0.000835713
-0.0432599
-0.0492765
-0.0526357
-0.0536104
-0.0523703
-0.0491102
-0.0442042
-0.038087
-0.0315608
-0.0257414
-0.0210679
-0.017392
-0.0146019
-0.0121189
-0.00924921
-0.00641845
-0.00456724
-0.00351702
-0.00230413
-0.000755938
-0.0484358
-0.0554742
-0.059177
-0.0598223
-0.0576327
-0.0531994
-0.0471318
-0.0397273
-0.0319208
-0.025227
-0.0202149
-0.0166262
-0.0140514
-0.0115
-0.00833394
-0.00547121
-0.00396334
-0.00322328
-0.002102
-0.000645308
-0.0547987
-0.063072
-0.0671708
-0.0674958
-0.0641756
-0.0580008
-0.0501016
-0.0411111
-0.0320996
-0.0246077
-0.01919
-0.0156347
-0.0132573
-0.0105905
-0.00715565
-0.00440834
-0.00334755
-0.00289011
-0.00182078
-0.000494582
-0.0627401
-0.0724773
-0.0769025
-0.0767333
-0.0722385
-0.0640156
-0.053367
-0.0418801
-0.0315034
-0.0236288
-0.0181717
-0.0146774
-0.0122495
-0.00923176
-0.00557937
-0.00318999
-0.00270518
-0.00249812
-0.00146883
-0.000324321
-0.0728676
-0.0842743
-0.0888018
-0.0876954
-0.081734
-0.0713113
-0.0573445
-0.0423419
-0.0298749
-0.0216983
-0.016787
-0.0137606
-0.0111718
-0.00753272
-0.0036741
-0.00182119
-0.0019609
-0.00194823
-0.000996424
-0.000148122
-0.0860776
-0.0993799
-0.103565
-0.100842
-0.0925982
-0.0792671
-0.0616292
-0.0428623
-0.0278429
-0.0189269
-0.0145618
-0.0122786
-0.00966724
-0.00550154
-0.00166217
-0.000492409
-0.00116977
-0.00124475
-0.000383799
9.29795e-05
-0.103462
-0.119016
-0.122427
-0.11734
-0.105287
-0.0870117
-0.064722
-0.0427183
-0.0259557
-0.0162921
-0.0118997
-0.0098485
-0.00708973
-0.00276007
0.000541482
0.000807681
-0.000328012
-0.000452385
0.00022336
0.000326099
-0.12623
-0.144347
-0.1473
-0.139483
-0.121219
-0.0942553
-0.0649838
-0.0401382
-0.0234281
-0.014176
-0.00960114
-0.00690792
-0.00347279
0.0007716
0.00307131
0.00233993
0.000834129
0.000596686
0.00087128
0.000386678
-0.15422
-0.175642
-0.180428
-0.170508
-0.142448
-0.101754
-0.0622256
-0.0340482
-0.0186033
-0.0112229
-0.00711498
-0.00357159
0.000700583
0.00456266
0.00565107
0.00408204
0.00241238
0.00199494
0.00178085
0.000764981
-0.187691
-0.211546
-0.223213
-0.212681
-0.170082
-0.110899
-0.0586506
-0.0262622
-0.0114695
-0.00607592
-0.00287815
0.00101611
0.00537343
0.00816496
0.00789521
0.00572998
0.00398774
0.00329169
0.00251943
0.000993227
-0.212014
-0.249479
-0.273792
-0.261275
-0.198838
-0.120151
-0.0565559
-0.0196065
-0.00348389
0.00159189
0.0042828
0.00782435
0.0110606
0.0120383
0.0103858
0.00778205
0.00582903
0.00459868
0.00316738
0.00110749
-0.248009
-0.290823
-0.331096
-0.302391
-0.215203
-0.123687
-0.0570638
-0.0151073
0.00367269
0.0111037
0.0139513
0.016326
0.0172879
0.0162033
0.0134255
0.0105198
0.00812433
0.00617418
0.00399231
0.00157755
-0.28092
-0.328057
-0.368498
-0.314879
-0.211579
-0.118317
-0.0587888
-0.0124219
0.00673696
0.017177
0.0198313
0.021084
0.0202294
0.0182275
0.0150319
0.0120324
0.00926378
0.00698637
0.00440916
0.00186825
-0.285166
-0.333217
-0.372226
-0.313795
-0.207894
-0.115469
-0.057372
-0.010885
0.00783196
0.0183812
0.020775
0.0217774
0.020646
0.0185097
0.0152521
0.0122345
0.00941714
0.00709524
0.00446226
0.00190963
-0.287427
-0.336668
-0.373025
-0.310539
-0.202739
-0.111839
-0.0549212
-0.00877658
0.00922999
0.0195951
0.0216101
0.0223542
0.0209929
0.0187446
0.0154341
0.0123973
0.00954251
0.00718346
0.00450391
0.00194504
-0.289062
-0.339405
-0.373366
-0.307988
-0.198701
-0.109008
-0.0529213
-0.00695054
0.0104963
0.0207219
0.0223929
0.0229018
0.02133
0.0189777
0.0156163
0.0125583
0.00966583
0.00727012
0.00454555
0.00197997
-0.290612
-0.341828
-0.373651
-0.305818
-0.19519
-0.106536
-0.0511743
-0.0052956
0.0116655
0.0217932
0.023147
0.023435
0.0216612
0.0192087
0.0157973
0.0127169
0.00978652
0.00735493
0.00458671
0.00201422
-0.292064
-0.343893
-0.373655
-0.303562
-0.191721
-0.10412
-0.0494321
-0.00367869
0.0127988
0.0228232
0.0238672
0.0239445
0.0219788
0.0194311
0.0159715
0.0128684
0.00990118
0.00743543
0.00462586
0.00204702
-0.293371
-0.34556
-0.373316
-0.301184
-0.188298
-0.101769
-0.0476829
-0.00209987
0.0138969
0.0238051
0.0245468
0.0244247
0.0222798
0.0196428
0.0161374
0.0130113
0.0100089
0.00751091
0.00466261
0.00207808
-0.294505
-0.346833
-0.372668
-0.298742
-0.185003
-0.0995342
-0.0459688
-0.000588484
0.0149447
0.0247299
0.0251823
0.024874
0.0225634
0.019843
0.0162945
0.0131453
0.0101096
0.00758129
0.00469696
0.00210731
-0.295441
-0.34772
-0.371736
-0.296253
-0.181861
-0.0974297
-0.044311
0.000838911
0.0159325
0.0255918
0.0257716
0.0252913
0.0228288
0.0200311
0.0164424
0.0132701
0.010203
0.00764642
0.00472883
0.00213457
-0.296156
-0.34823
-0.370532
-0.293718
-0.178879
-0.0954592
-0.0427205
0.00217284
0.0168544
0.0263866
0.0263129
0.0256753
0.0230751
0.0202062
0.0165802
0.0133852
0.0102891
0.00770616
0.00475813
0.00215974
-0.296639
-0.348382
-0.369074
-0.291147
-0.176071
-0.0936295
-0.0412098
0.00340438
0.017705
0.0271106
0.0268045
0.0260249
0.0233013
0.0203675
0.0167075
0.0134904
0.0103674
0.00776037
0.00478479
0.00218271
-0.296893
-0.348206
-0.367397
-0.288567
-0.173454
-0.0919501
-0.0397942
0.00452488
0.0184791
0.0277611
0.0272455
0.0263394
0.0235069
0.0205144
0.0168237
0.0135853
0.0104381
0.00780897
0.00480876
0.00220341
-0.296937
-0.34775
-0.36555
-0.286013
-0.171049
-0.0904309
-0.0384895
0.00552698
0.0191722
0.0283361
0.0276354
0.0266185
0.0236911
0.0206463
0.0169284
0.0136699
0.0105009
0.00785195
0.00482999
0.00222176
-0.296803
-0.347075
-0.363603
-0.283535
-0.168876
-0.089081
-0.0373112
0.00640498
0.0197808
0.0288349
0.0279742
0.0268619
0.0238537
0.0207628
0.0170211
0.013744
0.0105558
0.0078893
0.00484847
0.00223773
-0.296538
-0.346258
-0.361639
-0.281194
-0.166957
-0.0879092
-0.0362744
0.0071548
0.0203022
0.0292576
0.0282623
0.02707
0.0239944
0.0208638
0.0171017
0.0138076
0.0106028
0.00792107
0.00486416
0.00225128
-0.296196
-0.345383
-0.359759
-0.279061
-0.165311
-0.0869232
-0.0353932
0.00777388
0.0207345
0.029605
0.0285004
0.0272432
0.0241129
0.020949
0.0171697
0.0138608
0.010642
0.00794731
0.00487706
0.00226242
-0.295835
-0.344541
-0.358065
-0.277211
-0.163956
-0.0861297
-0.0346803
0.0082609
0.0210764
0.0298784
0.0286896
0.027382
0.0242091
0.0210184
0.0172252
0.0139036
0.0106733
0.00796807
0.00488717
0.00227114
-0.295512
-0.343818
-0.35666
-0.275715
-0.162911
-0.085534
-0.0341466
0.00861555
0.0213271
0.0300795
0.0288308
0.0274869
0.0242831
0.021072
0.0172678
0.0139361
0.0106967
0.00798344
0.00489448
0.00227747
-0.295276
-0.343286
-0.355633
-0.274636
-0.162187
-0.0851401
-0.0338005
0.00883821
0.0214864
0.0302097
0.0289248
0.0275586
0.0243348
0.0211096
0.0172976
0.0139583
0.0107124
0.00799346
0.00489899
0.00228141
-0.295164
-0.343002
-0.355052
-0.274024
-0.161795
-0.0849505
-0.0336478
0.00892957
0.0215542
0.0302704
0.0289723
0.0275973
0.0243641
0.0211314
0.0173143
0.0139704
0.0107203
0.00799819
0.00490072
0.00228298
)
;

boundaryField
{
    inlet
    {
        type            zeroGradient;
    }
    outlet
    {
        type            fixedValue;
        value           uniform 0;
    }
    cylinder
    {
        type            zeroGradient;
    }
    top
    {
        type            symmetryPlane;
    }
    bottom
    {
        type            symmetryPlane;
    }
    defaultFaces
    {
        type            empty;
    }
}


// ************************************************************************* //
