1.22 	3.45254e-18 	-6.98323e-18 	-0.0625158 	-0.420204 	-1.40154e-21
1.66 	3.45254e-18 	-6.96118e-18 	0.331219 	0.0661759 	-7.73547e-23
2.1 	3.45254e-18 	-6.93894e-18 	0.697984 	0.532836 	-3.26082e-21
2.54 	3.45254e-18 	-8.30431e-18 	0.471285 	0.715181 	3.78368e-23
2.98 	3.45254e-18 	-8.28171e-18 	0.526634 	0.518286 	8.45319e-22
3.42 	3.45254e-18 	-6.87115e-18 	0.816148 	-0.0342726 	1.56682e-21
3.86 	3.45254e-18 	-6.84819e-18 	0.972615 	-0.404382 	4.13336e-22
4.3 	3.45254e-18 	-6.82504e-18 	0.92679 	-0.614586 	1.39112e-21
4.74 	3.45254e-18 	-5.41391e-18 	0.860819 	-0.593522 	-6.70745e-22
5.18 	3.45254e-18 	-2.61482e-18 	0.950484 	-0.367595 	-4.79282e-22
5.62 	3.45254e-18 	-1.2033e-18 	1.02456 	0.0155922 	3.25191e-22
6.06 	3.45254e-18 	-1.17937e-18 	1.05186 	0.294317 	1.08704e-21
6.5 	3.45254e-18 	-1.15524e-18 	1.00579 	0.466609 	-5.16441e-22
