1.22 	3.45254e-18 	-6.98323e-18 	0.0978687 	0.206778 	-1.5311e-21
1.66 	3.45254e-18 	-6.96118e-18 	0.429357 	-0.324773 	-1.29416e-22
2.1 	3.45254e-18 	-6.93894e-18 	0.591943 	-0.674477 	-2.70258e-21
2.54 	3.45254e-18 	-8.30431e-18 	0.275785 	-0.679358 	8.55927e-23
2.98 	3.45254e-18 	-8.28171e-18 	0.668206 	-0.126823 	1.20501e-21
3.42 	3.45254e-18 	-6.87115e-18 	0.890019 	0.339223 	1.87778e-21
3.86 	3.45254e-18 	-6.84819e-18 	0.91248 	0.566111 	3.54375e-22
4.3 	3.45254e-18 	-6.82504e-18 	0.830175 	0.675093 	1.07192e-21
4.74 	3.45254e-18 	-5.41391e-18 	0.870535 	0.404057 	-6.36531e-22
5.18 	3.45254e-18 	-2.61482e-18 	0.985577 	0.0726012 	-5.79228e-22
5.62 	3.45254e-18 	-1.2033e-18 	1.04966 	-0.218332 	3.22736e-22
6.06 	3.45254e-18 	-1.17937e-18 	1.02891 	-0.463295 	9.37708e-22
6.5 	3.45254e-18 	-1.15524e-18 	0.964388 	-0.509755 	-3.79648e-22
