1.22 	3.45254e-18 	-6.98323e-18 	-0.123231 	0.01349 	-4.18967e-22
1.66 	3.45254e-18 	-6.96118e-18 	-0.238079 	0.00733666 	-2.09367e-23
2.1 	3.45254e-18 	-6.93894e-18 	-0.258821 	-0.039009 	-1.18371e-21
2.54 	3.45254e-18 	-8.30431e-18 	-0.328717 	-0.101409 	5.27757e-24
2.98 	3.45254e-18 	-8.28171e-18 	-0.339385 	-0.113295 	1.22988e-21
3.42 	3.45254e-18 	-6.87115e-18 	-0.379195 	-0.0302881 	1.38341e-21
3.86 	3.45254e-18 	-6.84819e-18 	-0.321894 	0.0909196 	2.90735e-22
4.3 	3.45254e-18 	-6.82504e-18 	-0.300793 	0.165601 	1.07466e-21
4.74 	3.45254e-18 	-5.41391e-18 	-0.21638 	0.168328 	-5.80368e-22
5.18 	3.45254e-18 	-2.61482e-18 	-0.139351 	0.109588 	-2.71125e-22
5.62 	3.45254e-18 	-1.2033e-18 	-0.0206664 	0.0301059 	1.05843e-22
6.06 	3.45254e-18 	-1.17937e-18 	0.0701298 	-0.0435473 	2.38016e-22
6.5 	3.45254e-18 	-1.15524e-18 	0.148459 	-0.0990823 	-7.53194e-23
