1.275 	2.15223e-18 	-2.76991e-20 	-0.153191 	0.00710787 	-2.83459e-22
1.825 	2.15223e-18 	-1.39322e-20 	-0.372745 	0.00615938 	4.28619e-21
2.375 	2.15223e-18 	1.38775e-18 	-0.459453 	0.00055553 	-2.13097e-21
2.925 	2.15223e-18 	2.78958e-18 	-0.476163 	-0.00687809 	1.78448e-22
3.475 	2.15223e-18 	4.53849e-18 	-0.250291 	-0.00727271 	-6.98373e-22
4.025 	2.15223e-18 	6.28755e-18 	-0.19146 	-0.00406542 	-2.63807e-23
4.575 	2.15223e-18 	6.30203e-18 	-0.00700373 	-0.00310306 	5.82372e-22
5.125 	2.15223e-18 	6.31666e-18 	0.0958508 	-0.00187328 	-1.19317e-22
5.675 	2.15223e-18 	6.33144e-18 	0.232398 	-0.00227796 	2.8811e-23
6.225 	2.15223e-18 	4.61166e-18 	0.335332 	-0.00242793 	1.44448e-22
