1.22 	3.45254e-18 	-6.98323e-18 	-0.102626 	-0.0165678 	-4.98834e-22
1.66 	3.45254e-18 	-6.96118e-18 	-0.212868 	0.0917044 	-2.37952e-23
2.1 	3.45254e-18 	-6.93894e-18 	-0.197449 	0.34732 	-1.37575e-21
2.54 	3.45254e-18 	-8.30431e-18 	-0.167691 	0.283062 	-5.05107e-24
2.98 	3.45254e-18 	-8.28171e-18 	0.167441 	-0.119497 	1.5546e-21
3.42 	3.45254e-18 	-6.87115e-18 	0.209277 	-0.42989 	1.40763e-21
3.86 	3.45254e-18 	-6.84819e-18 	0.119353 	-0.610398 	2.52391e-22
4.3 	3.45254e-18 	-6.82504e-18 	0.0963689 	-0.484178 	1.02626e-21
4.74 	3.45254e-18 	-5.41391e-18 	0.345948 	-0.081953 	-8.29565e-22
5.18 	3.45254e-18 	-2.61482e-18 	0.469136 	0.251929 	-5.12024e-22
5.62 	3.45254e-18 	-1.2033e-18 	0.540899 	0.438142 	2.19104e-22
6.06 	3.45254e-18 	-1.17937e-18 	0.453168 	0.562089 	5.17335e-22
6.5 	3.45254e-18 	-1.15524e-18 	0.345921 	0.54001 	-2.91748e-22
