1.275 	2.15223e-18 	-2.76991e-20 	-0.137847 	0.00492246 	-2.53708e-22
1.825 	2.15223e-18 	-1.39322e-20 	-0.264682 	-0.0103944 	3.4332e-21
2.375 	2.15223e-18 	1.38775e-18 	-0.326779 	-0.0312478 	-1.60881e-21
2.925 	2.15223e-18 	2.78958e-18 	-0.458515 	-0.0194409 	1.72496e-22
3.475 	2.15223e-18 	4.53849e-18 	-0.386608 	0.0230371 	-1.21132e-21
4.025 	2.15223e-18 	6.28755e-18 	-0.346082 	0.0540869 	-9.75199e-23
4.575 	2.15223e-18 	6.30203e-18 	-0.174802 	0.0532357 	1.41669e-21
5.125 	2.15223e-18 	6.31666e-18 	-0.109142 	0.0261982 	-9.78196e-22
5.675 	2.15223e-18 	6.33144e-18 	0.0233525 	-0.0149486 	-1.21481e-22
6.225 	2.15223e-18 	4.61166e-18 	0.0974862 	-0.0464137 	-1.339e-22
