1.275 	2.15223e-18 	-2.76991e-20 	-0.00705515 	-0.17037 	-4.43375e-22
1.825 	2.15223e-18 	-1.39322e-20 	0.20526 	0.334875 	5.7749e-21
2.375 	2.15223e-18 	1.38775e-18 	0.00883439 	0.650466 	-2.05795e-21
2.925 	2.15223e-18 	2.78958e-18 	0.40588 	0.332241 	-3.402e-22
3.475 	2.15223e-18 	4.53849e-18 	0.820871 	-0.282618 	-1.32212e-21
4.025 	2.15223e-18 	6.28755e-18 	0.880307 	-0.544686 	-3.14442e-23
4.575 	2.15223e-18 	6.30203e-18 	0.79364 	-0.618745 	1.03988e-21
5.125 	2.15223e-18 	6.31666e-18 	0.879155 	-0.305907 	-1.25179e-21
5.675 	2.15223e-18 	6.33144e-18 	0.985796 	0.187567 	-4.85414e-22
6.225 	2.15223e-18 	4.61166e-18 	0.970987 	0.448377 	-8.24428e-22
