/*--------------------------------*- C++ -*----------------------------------*\
  =========                 |
  \\      /  F ield         | OpenFOAM: The Open Source CFD Toolbox
   \\    /   O peration     | Website:  https://openfoam.org
    \\  /    A nd           | Version:  6.0
     \\/     M anipulation  |
\*---------------------------------------------------------------------------*/
FoamFile
{
    version     2.0;
    format      ascii;
    class       volScalarField;
    location    "80";
    object      p;
}
// * * * * * * * * * * * * * * * * * * * * * * * * * * * * * * * * * * * * * //

dimensions      [0 2 -2 0 0 0 0];

internalField   nonuniform List<scalar> 
8000
(
-0.448004
-0.4486
-0.448767
-0.448776
-0.448932
-0.449383
-0.450187
-0.45134
-0.452802
-0.454524
-0.456456
-0.458556
-0.460789
-0.463133
-0.465565
-0.46806
-0.47061
-0.473352
-0.476392
-0.478365
-0.438616
-0.439626
-0.439982
-0.440051
-0.440179
-0.440512
-0.441104
-0.44195
-0.443016
-0.444255
-0.445626
-0.447093
-0.448631
-0.450225
-0.451865
-0.453533
-0.455231
-0.457083
-0.459176
-0.460342
-0.429095
-0.430506
-0.431047
-0.431173
-0.431272
-0.431484
-0.43186
-0.432393
-0.433052
-0.433794
-0.434583
-0.435392
-0.436203
-0.437009
-0.437808
-0.438595
-0.439378
-0.440266
-0.441331
-0.441633
-0.41958
-0.42138
-0.422099
-0.422281
-0.422352
-0.422445
-0.422603
-0.422821
-0.423067
-0.423304
-0.4235
-0.423633
-0.423694
-0.423685
-0.423611
-0.423479
-0.423306
-0.423183
-0.423175
-0.422586
-0.410217
-0.412393
-0.413285
-0.413523
-0.413566
-0.41354
-0.413481
-0.413384
-0.413216
-0.412943
-0.412538
-0.411986
-0.411284
-0.41044
-0.409473
-0.4084
-0.407247
-0.406091
-0.404996
-0.403521
-0.401161
-0.403699
-0.404755
-0.405046
-0.405061
-0.404916
-0.404641
-0.404229
-0.403647
-0.402863
-0.401855
-0.400611
-0.399136
-0.397448
-0.395574
-0.393546
-0.391403
-0.389208
-0.387031
-0.384699
-0.392571
-0.39545
-0.396661
-0.397001
-0.396985
-0.39672
-0.39623
-0.395503
-0.394509
-0.393216
-0.391603
-0.389665
-0.387412
-0.384869
-0.382076
-0.379082
-0.37594
-0.372702
-0.369455
-0.366302
-0.384608
-0.387801
-0.389153
-0.389534
-0.389484
-0.389097
-0.388393
-0.387356
-0.385955
-0.384156
-0.381942
-0.379307
-0.376269
-0.37286
-0.369131
-0.365152
-0.360993
-0.356699
-0.35238
-0.348438
-0.37743
-0.380899
-0.382375
-0.382789
-0.3827
-0.382193
-0.381278
-0.379939
-0.378139
-0.375845
-0.373035
-0.369707
-0.365878
-0.361587
-0.356899
-0.351901
-0.346685
-0.341297
-0.335875
-0.331154
-0.371188
-0.374881
-0.376458
-0.376896
-0.376766
-0.376141
-0.375027
-0.373399
-0.37122
-0.368449
-0.365061
-0.36105
-0.356429
-0.35124
-0.345556
-0.339488
-0.33315
-0.326589
-0.319994
-0.31447
-0.366011
-0.369864
-0.371513
-0.371966
-0.371796
-0.371065
-0.369768
-0.367879
-0.36535
-0.362136
-0.358201
-0.353529
-0.348127
-0.342029
-0.335314
-0.328108
-0.32055
-0.312698
-0.304799
-0.298401
-0.362002
-0.365936
-0.367625
-0.368084
-0.367879
-0.367057
-0.365607
-0.363493
-0.36066
-0.357052
-0.352621
-0.347333
-0.341179
-0.334181
-0.326406
-0.317992
-0.309099
-0.29979
-0.290391
-0.282981
-0.359229
-0.363149
-0.36484
-0.365297
-0.365064
-0.364174
-0.362605
-0.360313
-0.357234
-0.353298
-0.348439
-0.342604
-0.335757
-0.327894
-0.319061
-0.309387
-0.299043
-0.288087
-0.27692
-0.268275
-0.357709
-0.361514
-0.363164
-0.363608
-0.363353
-0.362417
-0.360768
-0.35835
-0.355088
-0.350897
-0.345692
-0.339395
-0.331939
-0.323282
-0.313433
-0.302493
-0.290618
-0.277839
-0.264596
-0.254389
-0.357416
-0.360998
-0.362558
-0.362971
-0.362696
-0.361732
-0.360034
-0.357535
-0.354146
-0.349768
-0.344298
-0.337628
-0.32966
-0.320308
-0.309531
-0.297379
-0.283972
-0.26927
-0.253666
-0.241481
-0.358271
-0.361525
-0.362942
-0.363298
-0.362992
-0.362005
-0.360275
-0.357722
-0.354246
-0.349732
-0.344056
-0.337089
-0.328699
-0.318761
-0.307177
-0.293936
-0.279097
-0.262522
-0.244418
-0.229811
-0.360158
-0.362986
-0.3642
-0.364463
-0.364101
-0.363076
-0.36131
-0.358709
-0.355158
-0.350527
-0.344678
-0.337461
-0.328719
-0.318292
-0.306038
-0.291882
-0.27582
-0.25762
-0.237158
-0.219753
-0.362932
-0.36525
-0.366199
-0.366318
-0.365859
-0.364761
-0.362932
-0.360262
-0.356621
-0.351869
-0.345852
-0.338406
-0.329359
-0.318531
-0.305743
-0.290864
-0.273837
-0.254366
-0.231901
-0.211408
-0.366441
-0.36818
-0.368802
-0.368716
-0.3681
-0.366878
-0.364938
-0.362158
-0.358395
-0.353499
-0.347309
-0.339658
-0.33037
-0.319261
-0.30614
-0.290832
-0.273197
-0.252816
-0.228622
-0.204727
-0.370535
-0.371648
-0.37188
-0.371522
-0.37068
-0.369266
-0.367156
-0.364212
-0.360287
-0.355224
-0.348866
-0.341057
-0.331649
-0.320496
-0.307466
-0.292439
-0.275292
-0.255531
-0.231721
-0.206702
-0.375094
-0.37555
-0.375334
-0.374632
-0.373491
-0.371812
-0.369464
-0.366302
-0.362171
-0.35692
-0.350404
-0.342497
-0.333102
-0.322162
-0.309687
-0.295785
-0.280696
-0.264788
-0.249292
-0.240651
-0.380029
-0.379812
-0.379097
-0.377984
-0.376469
-0.374455
-0.371806
-0.36837
-0.363995
-0.358534
-0.351864
-0.343894
-0.33458
-0.323948
-0.312112
-0.299309
-0.285937
-0.272594
-0.260453
-0.253394
-0.385298
-0.384399
-0.383143
-0.381557
-0.379604
-0.37719
-0.374182
-0.370425
-0.365768
-0.360076
-0.353245
-0.345218
-0.336002
-0.325679
-0.314428
-0.302538
-0.290416
-0.278592
-0.267764
-0.259827
-0.390898
-0.389313
-0.38748
-0.385373
-0.382927
-0.380061
-0.376644
-0.372523
-0.367547
-0.361592
-0.354572
-0.34646
-0.337297
-0.327201
-0.316375
-0.305099
-0.293722
-0.282628
-0.272204
-0.263324
-0.396863
-0.394586
-0.392148
-0.389482
-0.386504
-0.383145
-0.379278
-0.37475
-0.369411
-0.363146
-0.355885
-0.347621
-0.338421
-0.328423
-0.317829
-0.306892
-0.295893
-0.285101
-0.274746
-0.265177
-0.403254
-0.40027
-0.397207
-0.393957
-0.390418
-0.386534
-0.382179
-0.377196
-0.371438
-0.364795
-0.35721
-0.348698
-0.339342
-0.329291
-0.318743
-0.307924
-0.297061
-0.286359
-0.275973
-0.266036
-0.410143
-0.406429
-0.402724
-0.398876
-0.394756
-0.390318
-0.385432
-0.379937
-0.373684
-0.36657
-0.358555
-0.349673
-0.340027
-0.329774
-0.31911
-0.308241
-0.297364
-0.286645
-0.276206
-0.266104
-0.417599
-0.413124
-0.408764
-0.404309
-0.399593
-0.394568
-0.389098
-0.383014
-0.376167
-0.368467
-0.359895
-0.350509
-0.340435
-0.329845
-0.318933
-0.307894
-0.296906
-0.286114
-0.27562
-0.265468
-0.425676
-0.420405
-0.415379
-0.410311
-0.404979
-0.399325
-0.393201
-0.386428
-0.378866
-0.370444
-0.361175
-0.35115
-0.340522
-0.329478
-0.318215
-0.306922
-0.295759
-0.284856
-0.274296
-0.264128
-0.434404
-0.428299
-0.422599
-0.41691
-0.410934
-0.404591
-0.397718
-0.390134
-0.381713
-0.372422
-0.362315
-0.351525
-0.340234
-0.328645
-0.316959
-0.305353
-0.293971
-0.282926
-0.272283
-0.262087
-0.443781
-0.436807
-0.430427
-0.424104
-0.417439
-0.410325
-0.402584
-0.394041
-0.384605
-0.374294
-0.363216
-0.351552
-0.339514
-0.327318
-0.31516
-0.303203
-0.291573
-0.28036
-0.269609
-0.259355
-0.453766
-0.445899
-0.438833
-0.431852
-0.424436
-0.416442
-0.407686
-0.398019
-0.387405
-0.37593
-0.363769
-0.351148
-0.338307
-0.325465
-0.312809
-0.300482
-0.288584
-0.277183
-0.2663
-0.255956
-0.464282
-0.45551
-0.447751
-0.440076
-0.431821
-0.422811
-0.412871
-0.401904
-0.389954
-0.37719
-0.363858
-0.350227
-0.336553
-0.323052
-0.309891
-0.297186
-0.285012
-0.27341
-0.262375
-0.251917
-0.475208
-0.465534
-0.457077
-0.448655
-0.439447
-0.429257
-0.417948
-0.405505
-0.392077
-0.377927
-0.363368
-0.348703
-0.334193
-0.320039
-0.306381
-0.293304
-0.280854
-0.269046
-0.257847
-0.247264
-0.486384
-0.475827
-0.466664
-0.457421
-0.447121
-0.435567
-0.422699
-0.408618
-0.393596
-0.377995
-0.362186
-0.346493
-0.331167
-0.316383
-0.302248
-0.288813
-0.276096
-0.264085
-0.25272
-0.242013
-0.497606
-0.486205
-0.47632
-0.466163
-0.454607
-0.441494
-0.426884
-0.411026
-0.39433
-0.377251
-0.360204
-0.343514
-0.327412
-0.312034
-0.297452
-0.283683
-0.270715
-0.258513
-0.246988
-0.23617
-0.508633
-0.496441
-0.485813
-0.474627
-0.461636
-0.446769
-0.430253
-0.412517
-0.394108
-0.375562
-0.357317
-0.339685
-0.322859
-0.306937
-0.291947
-0.277874
-0.26468
-0.252307
-0.240636
-0.229731
-0.519186
-0.506268
-0.494867
-0.482521
-0.467908
-0.451105
-0.432554
-0.412881
-0.392764
-0.372799
-0.353425
-0.334923
-0.31744
-0.30103
-0.285679
-0.271341
-0.257954
-0.245435
-0.233642
-0.222681
-0.528951
-0.515385
-0.503171
-0.489521
-0.473104
-0.454213
-0.433543
-0.411923
-0.390146
-0.368841
-0.348429
-0.329145
-0.311083
-0.29425
-0.278593
-0.264035
-0.250493
-0.237863
-0.225978
-0.215001
-0.53759
-0.523461
-0.510387
-0.495286
-0.476902
-0.455809
-0.432987
-0.409459
-0.386111
-0.363576
-0.342237
-0.32227
-0.303717
-0.286532
-0.27063
-0.255905
-0.242254
-0.229553
-0.217615
-0.206666
-0.544745
-0.530144
-0.516157
-0.499464
-0.478981
-0.455624
-0.430672
-0.405327
-0.380531
-0.3569
-0.334759
-0.314221
-0.295269
-0.277814
-0.261734
-0.246901
-0.233195
-0.220469
-0.208522
-0.197651
-0.550049
-0.535068
-0.520114
-0.501706
-0.479036
-0.453409
-0.426407
-0.399378
-0.373291
-0.348718
-0.325914
-0.304924
-0.285675
-0.268034
-0.251851
-0.236976
-0.223273
-0.210576
-0.198669
-0.187931
-0.553134
-0.537869
-0.521898
-0.501681
-0.476786
-0.448946
-0.420025
-0.391485
-0.364289
-0.338943
-0.315624
-0.29431
-0.274871
-0.257139
-0.240934
-0.226089
-0.212454
-0.199844
-0.188032
-0.177486
-0.553647
-0.538191
-0.521165
-0.499081
-0.471982
-0.442044
-0.411386
-0.381542
-0.353439
-0.327502
-0.303826
-0.28232
-0.262806
-0.245081
-0.228941
-0.214204
-0.200708
-0.188248
-0.176593
-0.1663
-0.551254
-0.535699
-0.517597
-0.493635
-0.464413
-0.432549
-0.400376
-0.369463
-0.34067
-0.314333
-0.290463
-0.268904
-0.249435
-0.23182
-0.215838
-0.201293
-0.188012
-0.175771
-0.164339
-0.154364
-0.545655
-0.530092
-0.510915
-0.485114
-0.453909
-0.420342
-0.386912
-0.355182
-0.325929
-0.299389
-0.275492
-0.254023
-0.234722
-0.217328
-0.201602
-0.187338
-0.174353
-0.162403
-0.151266
-0.141677
-0.536589
-0.521108
-0.500886
-0.473337
-0.440345
-0.40534
-0.370937
-0.338658
-0.309179
-0.282637
-0.258884
-0.237652
-0.218647
-0.201587
-0.186219
-0.172329
-0.159724
-0.148144
-0.137376
-0.128242
-0.523845
-0.508537
-0.48733
-0.458174
-0.423641
-0.387496
-0.352423
-0.319871
-0.290405
-0.264062
-0.240623
-0.219777
-0.201199
-0.184589
-0.169685
-0.156266
-0.144131
-0.133003
-0.122684
-0.114073
-0.507266
-0.492223
-0.470123
-0.439551
-0.403762
-0.366803
-0.331373
-0.298825
-0.269607
-0.243663
-0.220711
-0.200398
-0.182379
-0.166339
-0.152008
-0.13916
-0.127586
-0.116996
-0.107209
-0.0991912
-0.486754
-0.47207
-0.449201
-0.417446
-0.380719
-0.343286
-0.307816
-0.275547
-0.246809
-0.22146
-0.199161
-0.17953
-0.162201
-0.146851
-0.133203
-0.12103
-0.110113
-0.100154
-0.090986
-0.0836335
-0.462276
-0.448045
-0.424563
-0.391893
-0.354569
-0.317008
-0.281811
-0.250088
-0.222053
-0.197487
-0.176005
-0.157198
-0.140689
-0.126148
-0.113295
-0.101901
-0.0917419
-0.0825102
-0.0740579
-0.0674506
-0.433859
-0.42018
-0.396265
-0.362976
-0.325408
-0.288065
-0.253446
-0.222523
-0.195404
-0.171799
-0.151288
-0.133443
-0.117879
-0.104262
-0.092314
-0.0818037
-0.0725038
-0.0641027
-0.0564712
-0.0506962
-0.401597
-0.38857
-0.364423
-0.33083
-0.293375
-0.256588
-0.222835
-0.192952
-0.166945
-0.144468
-0.12507
-0.108314
-0.0938118
-0.0812303
-0.0702921
-0.0607682
-0.0524292
-0.0449664
-0.0382672
-0.0334018
-0.365643
-0.353368
-0.32921
-0.295636
-0.258647
-0.222738
-0.190122
-0.161499
-0.136784
-0.115583
-0.0974275
-0.0818748
-0.068539
-0.0570924
-0.0472625
-0.038823
-0.0315473
-0.0251356
-0.0194782
-0.0155643
-0.32621
-0.314789
-0.290848
-0.257621
-0.221439
-0.186709
-0.155479
-0.128313
-0.105049
-0.0852548
-0.0684511
-0.0541975
-0.042116
-0.0318887
-0.0232525
-0.0159886
-0.00987868
-0.00463492
-0.000123098
0.00280814
-0.283566
-0.273098
-0.249608
-0.217049
-0.181998
-0.148727
-0.119105
-0.0935708
-0.0718941
-0.0536155
-0.038252
-0.0253716
-0.0146094
-0.00566347
0.00171331
0.00772616
0.0125797
0.0165439
0.0197801
0.0215679
-0.238028
-0.228608
-0.205803
-0.174222
-0.140602
-0.109042
-0.0812255
-0.057474
-0.0374984
-0.020821
-0.0069622
0.00449614
0.0138995
0.0215263
0.0275995
0.0323078
0.0358373
0.0383998
0.0400954
0.0402874
-0.189957
-0.181675
-0.159783
-0.129471
-0.0975592
-0.0679341
-0.0420948
-0.0202517
-0.00206694
0.012949
0.0252676
0.0352889
0.043332
0.0496408
0.0544036
0.0577877
0.0599352
0.0608746
0.0604768
0.0584972
-0.139748
-0.132688
-0.111925
-0.0831557
-0.0531997
-0.0257076
-0.00199222
0.0178377
0.0341625
0.0474807
0.0582563
0.0668726
0.0736236
0.0787168
0.0823024
0.0845157
0.0853777
0.0845081
0.081435
0.0772671
-0.0878293
-0.0820656
-0.0626343
-0.0356534
-0.00787353
0.0173138
0.0387786
0.0565057
0.0709124
0.0825056
0.0917471
0.0990161
0.104601
0.108707
0.111494
0.113112
0.113445
0.11161
0.106937
0.102425
-0.0346499
-0.030246
-0.0123298
0.0126434
0.0380567
0.0607929
0.0798989
0.0954436
0.107874
0.117703
0.125391
0.13132
0.135791
0.139046
0.141331
0.142918
0.143759
0.142849
0.139982
0.143533
0.019334
0.0223229
0.0385607
0.0613363
0.0842232
0.104388
0.121046
0.13434
0.14474
0.152756
0.15884
0.163367
0.166636
0.168901
0.170424
0.171462
0.171989
0.171537
0.171053
0.176708
0.0736507
0.0751825
0.0896031
0.110025
0.130258
0.147759
0.161902
0.172893
0.181216
0.187376
0.191813
0.194889
0.1969
0.198095
0.198723
0.198997
0.19889
0.19812
0.197643
0.202138
0.127829
0.127875
0.140367
0.158312
0.1758
0.190573
0.202157
0.21081
0.217023
0.221289
0.224032
0.225597
0.226264
0.226272
0.225847
0.225179
0.224257
0.22287
0.2218
0.224722
0.181401
0.179946
0.190426
0.205811
0.220496
0.232511
0.241518
0.24782
0.25191
0.254264
0.255286
0.2553
0.254568
0.253307
0.251719
0.249963
0.248019
0.245703
0.24373
0.245194
0.233909
0.230954
0.239369
0.252144
0.264006
0.273264
0.279705
0.283668
0.285643
0.286088
0.285382
0.28383
0.281671
0.279102
0.276301
0.273402
0.270367
0.267038
0.264084
0.264155
0.284906
0.280466
0.286795
0.296951
0.306007
0.31254
0.316453
0.318115
0.318008
0.316568
0.314153
0.311043
0.307457
0.303572
0.299544
0.295481
0.291337
0.286981
0.283046
0.281804
0.333965
0.32807
0.33232
0.339884
0.346186
0.35006
0.351513
0.350937
0.348804
0.345529
0.341445
0.336811
0.331826
0.326648
0.321411
0.316204
0.310978
0.305624
0.300738
0.298251
0.380675
0.373371
0.375582
0.380618
0.384252
0.385562
0.384649
0.381923
0.377842
0.372802
0.367112
0.36101
0.354675
0.348248
0.341845
0.335538
0.329277
0.322978
0.317183
0.313523
0.424648
0.415996
0.416236
0.418841
0.419927
0.418798
0.415639
0.410873
0.404945
0.39823
0.391016
0.383519
0.375903
0.36829
0.360782
0.353435
0.346203
0.339019
0.332368
0.327606
0.46552
0.455596
0.453962
0.454266
0.452954
0.449537
0.444274
0.4376
0.429945
0.421663
0.413023
0.404222
0.395407
0.386687
0.378147
0.369833
0.361702
0.353702
0.346252
0.340464
0.502955
0.491847
0.488461
0.486625
0.483093
0.477564
0.470362
0.46193
0.452685
0.44296
0.433006
0.423005
0.413087
0.403348
0.393861
0.384661
0.375711
0.366969
0.358785
0.352052
0.536641
0.524453
0.519463
0.515674
0.510124
0.502681
0.493724
0.483702
0.473018
0.461988
0.450847
0.43976
0.428845
0.418187
0.407845
0.397848
0.388163
0.378756
0.369906
0.362317
0.566299
0.553146
0.54672
0.541192
0.533849
0.524709
0.514198
0.502767
0.490809
0.478625
0.466433
0.454386
0.44259
0.431118
0.420021
0.409322
0.39899
0.388999
0.379558
0.371207
0.591681
0.577688
0.570016
0.562981
0.55409
0.543487
0.531638
0.518995
0.50594
0.492761
0.479664
0.46679
0.454235
0.442064
0.430318
0.419015
0.40813
0.397637
0.387686
0.378676
0.612569
0.597873
0.589159
0.58087
0.570695
0.558877
0.545917
0.532268
0.518303
0.504299
0.49045
0.476889
0.463705
0.450953
0.438669
0.426866
0.415524
0.404616
0.394237
0.384677
0.628782
0.613525
0.603991
0.594716
0.583531
0.570761
0.556928
0.542488
0.527808
0.513155
0.498715
0.484614
0.470935
0.457726
0.445019
0.432822
0.42112
0.409886
0.39917
0.389175
0.640171
0.624504
0.614381
0.604402
0.592495
0.579042
0.564584
0.549576
0.534382
0.519261
0.504396
0.489906
0.47587
0.462332
0.449319
0.436839
0.424879
0.413409
0.402447
0.392138
0.646624
0.630703
0.620231
0.609838
0.597505
0.583647
0.568817
0.55347
0.537968
0.522567
0.507446
0.492722
0.478469
0.464733
0.451536
0.438884
0.426768
0.415155
0.404041
0.393543
0.648065
0.632048
0.621475
0.610965
0.598507
0.584527
0.569582
0.554129
0.538528
0.523036
0.507831
0.49303
0.478706
0.464903
0.451643
0.438935
0.426765
0.415102
0.403936
0.393374
0.644455
0.628503
0.618078
0.607751
0.595473
0.581657
0.566857
0.551532
0.536043
0.520652
0.505536
0.490815
0.476565
0.462829
0.449631
0.436979
0.424861
0.413243
0.402121
0.391625
0.635792
0.620065
0.610037
0.600194
0.588401
0.575035
0.56064
0.545676
0.530512
0.515412
0.50056
0.486079
0.472047
0.458511
0.445498
0.433017
0.421055
0.409577
0.398599
0.388296
0.622111
0.606767
0.597384
0.588321
0.577316
0.564683
0.550951
0.536583
0.521953
0.507335
0.492919
0.478835
0.465165
0.451962
0.439257
0.427062
0.41536
0.404116
0.393378
0.383395
0.603482
0.588678
0.58018
0.572189
0.562268
0.550648
0.537833
0.52429
0.510402
0.496453
0.482644
0.469112
0.455947
0.443209
0.430934
0.419137
0.407798
0.39688
0.386477
0.376938
0.580015
0.5659
0.558518
0.551881
0.543335
0.533
0.521351
0.508857
0.495914
0.482818
0.469783
0.456955
0.444435
0.432289
0.420563
0.409275
0.3984
0.387901
0.377926
0.36895
0.551853
0.53857
0.532526
0.527513
0.520619
0.511831
0.501589
0.490363
0.47856
0.466495
0.454395
0.44242
0.43068
0.419253
0.408191
0.397521
0.387211
0.377219
0.367761
0.359462
0.519175
0.506858
0.502358
0.499223
0.494245
0.487257
0.478652
0.468902
0.458429
0.447566
0.436557
0.425577
0.414749
0.40416
0.393875
0.383928
0.374279
0.364883
0.356026
0.348513
0.482195
0.470968
0.468201
0.467179
0.464366
0.459414
0.452665
0.444588
0.435624
0.426127
0.416357
0.406507
0.396715
0.38708
0.377681
0.368556
0.359664
0.35095
0.342772
0.336146
0.441157
0.431135
0.430269
0.431575
0.431154
0.428459
0.423769
0.417551
0.410265
0.402284
0.393893
0.385301
0.376662
0.36809
0.359677
0.351474
0.343429
0.335479
0.328056
0.32241
0.39634
0.387624
0.388805
0.392629
0.394805
0.394568
0.392125
0.387937
0.382482
0.376159
0.369274
0.362057
0.35468
0.347272
0.339942
0.332749
0.32564
0.318533
0.311936
0.307356
0.348053
0.34073
0.34408
0.350582
0.355538
0.357938
0.357908
0.355903
0.352419
0.34788
0.342616
0.336881
0.330863
0.324712
0.31855
0.312453
0.306361
0.300174
0.294467
0.291035
0.296632
0.290775
0.29639
0.305702
0.313588
0.318779
0.32131
0.321622
0.320231
0.317586
0.314044
0.309882
0.30531
0.300494
0.295577
0.29065
0.285653
0.280458
0.2757
0.273492
0.242443
0.23811
0.246054
0.258274
0.269213
0.277324
0.282537
0.285279
0.286083
0.285424
0.283688
0.281174
0.278116
0.2747
0.271091
0.267398
0.263561
0.259424
0.25567
0.254758
0.185875
0.183108
0.193418
0.208609
0.222689
0.233817
0.241809
0.247071
0.250151
0.251549
0.251681
0.250872
0.249377
0.247407
0.245148
0.242733
0.240108
0.237085
0.234382
0.23484
0.127344
0.126169
0.138848
0.157036
0.174311
0.188523
0.199364
0.20721
0.212621
0.216126
0.218166
0.219094
0.21919
0.218687
0.217797
0.216681
0.215295
0.213419
0.211799
0.213701
0.0672837
0.0677115
0.0827308
0.103903
0.12439
0.141722
0.155451
0.165919
0.173695
0.179331
0.183295
0.185966
0.187649
0.1886
0.189057
0.189215
0.189045
0.1883
0.187763
0.191203
0.00614965
0.00817437
0.0254735
0.049578
0.0732564
0.0937093
0.110338
0.123441
0.133589
0.141356
0.147234
0.151627
0.154863
0.157221
0.15897
0.160339
0.161311
0.161607
0.162076
0.167124
-0.0555884
-0.051988
-0.0325016
-0.00555554
0.0212564
0.0447996
0.064312
0.0800366
0.0925417
0.102418
0.110179
0.11625
0.120974
0.124647
0.127562
0.129974
0.131848
0.132822
0.133941
0.140741
-0.117449
-0.112309
-0.0907584
-0.0610999
-0.0312491
-0.00467825
0.017674
0.035985
0.0508121
0.0627564
0.0723479
0.0800241
0.0861375
0.0909874
0.094884
0.0981354
0.100712
0.102039
0.103159
0.11129
-0.178941
-0.172313
-0.148851
-0.116646
-0.0838868
-0.0543806
-0.0292552
-0.00841013
0.00869325
0.0226613
0.0340363
0.0432664
0.0507076
0.0566478
0.0613814
0.0652411
0.0681831
0.0690211
0.0674374
0.0731105
-0.239574
-0.231521
-0.206329
-0.171779
-0.136275
-0.103954
-0.0761426
-0.05283
-0.0335048
-0.017562
-0.00445557
0.00626221
0.0149331
0.0218009
0.0270629
0.0309097
0.0332329
0.0330133
0.0293674
0.0255102
-0.298866
-0.289462
-0.262742
-0.22608
-0.188028
-0.153039
-0.122649
-0.0969454
-0.0754533
-0.0575724
-0.0427514
-0.0305367
-0.0205809
-0.0126385
-0.00652994
-0.00208704
0.000737071
0.00150612
-0.000442322
-0.00407051
-0.356339
-0.345671
-0.317646
-0.279138
-0.238765
-0.201281
-0.168435
-0.140427
-0.116821
-0.0970214
-0.0804656
-0.0666794
-0.0552854
-0.0459958
-0.0385888
-0.0328622
-0.0286293
-0.0258477
-0.0247735
-0.0259071
-0.411535
-0.399697
-0.370612
-0.330549
-0.288116
-0.248336
-0.21318
-0.182966
-0.157308
-0.135616
-0.117315
-0.101906
-0.0889797
-0.0782073
-0.0693256
-0.0621088
-0.0563204
-0.0517011
-0.0482267
-0.0468206
-0.464021
-0.451116
-0.421228
-0.379931
-0.335727
-0.293881
-0.256584
-0.224287
-0.19666
-0.173128
-0.153107
-0.136079
-0.121609
-0.109341
-0.0989823
-0.0902885
-0.0830034
-0.076799
-0.0715652
-0.0682889
-0.513399
-0.499535
-0.469111
-0.426922
-0.381268
-0.337615
-0.298377
-0.264144
-0.234659
-0.209369
-0.187687
-0.169082
-0.153104
-0.139375
-0.127583
-0.117468
-0.108759
-0.101107
-0.094424
-0.0898206
-0.559309
-0.544599
-0.513912
-0.47119
-0.424434
-0.379267
-0.338315
-0.302322
-0.271114
-0.244173
-0.220916
-0.200808
-0.183385
-0.168256
-0.155097
-0.14364
-0.133603
-0.124623
-0.116633
-0.110893
-0.601441
-0.585997
-0.555319
-0.512437
-0.464953
-0.418591
-0.376182
-0.338631
-0.305862
-0.2774
-0.25268
-0.231165
-0.212385
-0.195943
-0.181506
-0.168802
-0.157546
-0.147365
-0.138178
-0.13133
-0.639534
-0.62347
-0.593064
-0.5504
-0.502581
-0.455371
-0.411789
-0.372908
-0.338762
-0.308934
-0.282882
-0.260078
-0.240051
-0.2224
-0.20679
-0.192944
-0.180581
-0.16932
-0.159056
-0.151141
-0.673387
-0.656813
-0.62693
-0.584859
-0.537111
-0.489423
-0.444976
-0.405016
-0.369697
-0.338676
-0.311443
-0.287484
-0.266335
-0.247593
-0.230923
-0.216045
-0.202685
-0.190465
-0.179247
-0.170352
-0.70286
-0.685881
-0.656752
-0.615638
-0.568372
-0.520591
-0.475609
-0.434841
-0.398575
-0.366548
-0.338298
-0.313331
-0.291193
-0.271486
-0.253874
-0.23808
-0.223835
-0.210768
-0.198716
-0.188941
-0.727873
-0.710592
-0.682422
-0.642606
-0.596232
-0.548754
-0.503582
-0.462295
-0.42532
-0.39249
-0.363397
-0.337577
-0.314591
-0.294048
-0.275617
-0.259022
-0.244001
-0.230196
-0.217418
-0.206853
-0.748417
-0.730927
-0.703889
-0.665684
-0.620596
-0.573821
-0.528817
-0.487312
-0.44988
-0.416458
-0.386704
-0.360191
-0.336501
-0.315255
-0.296127
-0.278845
-0.263155
-0.248715
-0.235308
-0.224036
-0.764544
-0.746935
-0.721167
-0.684845
-0.641416
-0.595737
-0.551263
-0.509851
-0.472221
-0.438426
-0.408198
-0.381157
-0.356909
-0.335092
-0.315388
-0.297531
-0.281275
-0.266295
-0.252353
-0.240452
-0.776371
-0.758728
-0.734331
-0.700116
-0.658683
-0.61448
-0.570897
-0.529893
-0.492332
-0.458387
-0.427876
-0.40047
-0.37581
-0.353553
-0.333393
-0.315069
-0.298347
-0.282919
-0.268532
-0.25608
-0.784076
-0.76648
-0.743514
-0.711578
-0.672435
-0.630062
-0.587722
-0.547442
-0.510219
-0.47635
-0.445746
-0.418141
-0.393214
-0.370646
-0.350144
-0.33146
-0.314368
-0.298581
-0.283834
-0.27091
-0.787893
-0.770424
-0.748913
-0.719366
-0.682755
-0.642531
-0.60177
-0.562525
-0.525907
-0.492341
-0.461836
-0.434194
-0.409142
-0.386387
-0.365658
-0.346715
-0.329346
-0.313284
-0.298258
-0.28494
-0.788109
-0.770843
-0.750775
-0.723668
-0.689769
-0.651971
-0.613099
-0.575188
-0.539441
-0.506401
-0.476184
-0.448667
-0.423627
-0.400808
-0.37996
-0.360856
-0.343298
-0.327041
-0.311813
-0.298176
-0.785051
-0.768065
-0.749401
-0.724724
-0.693649
-0.6585
-0.621795
-0.585499
-0.550879
-0.518588
-0.488844
-0.461608
-0.436716
-0.41395
-0.393086
-0.373915
-0.356252
-0.339874
-0.324517
-0.310633
-0.779081
-0.762454
-0.74513
-0.722816
-0.694609
-0.662271
-0.627969
-0.593546
-0.560298
-0.52897
-0.499881
-0.473081
-0.448465
-0.425864
-0.405083
-0.385933
-0.368244
-0.351815
-0.336396
-0.322336
-0.770586
-0.754397
-0.738332
-0.718268
-0.692902
-0.66347
-0.631758
-0.599435
-0.567786
-0.537627
-0.509371
-0.483155
-0.458943
-0.436614
-0.416009
-0.396962
-0.37932
-0.362907
-0.347487
-0.333315
-0.759968
-0.744298
-0.729402
-0.711432
-0.688816
-0.662316
-0.633321
-0.603288
-0.573445
-0.544649
-0.517398
-0.491909
-0.468221
-0.446267
-0.425926
-0.40706
-0.389534
-0.373196
-0.357833
-0.343612
-0.74763
-0.732558
-0.718742
-0.702683
-0.682668
-0.659054
-0.632844
-0.605245
-0.577386
-0.550134
-0.524049
-0.499429
-0.476382
-0.4549
-0.434906
-0.416293
-0.398947
-0.382739
-0.367483
-0.35327
-0.733969
-0.719572
-0.706749
-0.692403
-0.674792
-0.653955
-0.630531
-0.605458
-0.579728
-0.554182
-0.529417
-0.5058
-0.483509
-0.462594
-0.443025
-0.424731
-0.407623
-0.391595
-0.376491
-0.36234
-0.719364
-0.705714
-0.693807
-0.680973
-0.665537
-0.647307
-0.626606
-0.604097
-0.580602
-0.556898
-0.533596
-0.511111
-0.489685
-0.469428
-0.450361
-0.432448
-0.41563
-0.399827
-0.384914
-0.370871
-0.704168
-0.69133
-0.680273
-0.668758
-0.655248
-0.63941
-0.621307
-0.60134
-0.580142
-0.55839
-0.536676
-0.515446
-0.494993
-0.475484
-0.45699
-0.439519
-0.423039
-0.4075
-0.392809
-0.378915
-0.6887
-0.67673
-0.666471
-0.656097
-0.644262
-0.630568
-0.614884
-0.59738
-0.57849
-0.558765
-0.538747
-0.518886
-0.499511
-0.480839
-0.462991
-0.446016
-0.429919
-0.414678
-0.400236
-0.386523
-0.673243
-0.662184
-0.652683
-0.643294
-0.632892
-0.621075
-0.607589
-0.592416
-0.575794
-0.558134
-0.539895
-0.521504
-0.503309
-0.485563
-0.468432
-0.45201
-0.436338
-0.421425
-0.407249
-0.393741
-0.658037
-0.647917
-0.639144
-0.630611
-0.621417
-0.61121
-0.599674
-0.58665
-0.572208
-0.556606
-0.5402
-0.523367
-0.506448
-0.489719
-0.47338
-0.457568
-0.442361
-0.427801
-0.413903
-0.400613
-0.643277
-0.634113
-0.626045
-0.61826
-0.610079
-0.601224
-0.591375
-0.580286
-0.567889
-0.554295
-0.539744
-0.524536
-0.508982
-0.493358
-0.477889
-0.462746
-0.448046
-0.433863
-0.420249
-0.407177
-0.62912
-0.620911
-0.613529
-0.606408
-0.599071
-0.591335
-0.582913
-0.57352
-0.562994
-0.551316
-0.538604
-0.525066
-0.510953
-0.496522
-0.482006
-0.467598
-0.453448
-0.439665
-0.426334
-0.413471
-0.615681
-0.608414
-0.601698
-0.595174
-0.588542
-0.581718
-0.574476
-0.566537
-0.55768
-0.547788
-0.536863
-0.525007
-0.512397
-0.499244
-0.485766
-0.472166
-0.458617
-0.445259
-0.43221
-0.419531
-0.603045
-0.596692
-0.590618
-0.584634
-0.578595
-0.572508
-0.566223
-0.559499
-0.552096
-0.54383
-0.534604
-0.524415
-0.513348
-0.501548
-0.489197
-0.476487
-0.463599
-0.450699
-0.437931
-0.425405
-0.591273
-0.58579
-0.580327
-0.574832
-0.569292
-0.563797
-0.558277
-0.552548
-0.546385
-0.539566
-0.531919
-0.523348
-0.51384
-0.503457
-0.492321
-0.48059
-0.468438
-0.456041
-0.443563
-0.431156
-0.580409
-0.575737
-0.570843
-0.565788
-0.560668
-0.555646
-0.550729
-0.545802
-0.540673
-0.535115
-0.528908
-0.521877
-0.513916
-0.504995
-0.495156
-0.484503
-0.473179
-0.46135
-0.449191
-0.436891
-0.570487
-0.566553
-0.562174
-0.557508
-0.552741
-0.548094
-0.543649
-0.539359
-0.53508
-0.5306
-0.525679
-0.520086
-0.513631
-0.506193
-0.497724
-0.48825
-0.477861
-0.466692
-0.454909
-0.442732
-0.561542
-0.558254
-0.554327
-0.549996
-0.54552
-0.541171
-0.537092
-0.533304
-0.529714
-0.526144
-0.522352
-0.518074
-0.513059
-0.507099
-0.500054
-0.491859
-0.482527
-0.47214
-0.460841
-0.448912
-0.553601
-0.55085
-0.547306
-0.543258
-0.539022
-0.534908
-0.531115
-0.527721
-0.524689
-0.521876
-0.51906
-0.515964
-0.512296
-0.507779
-0.502186
-0.495354
-0.487202
-0.477734
-0.467044
-0.455546
-0.546684
-0.544348
-0.541115
-0.537303
-0.533265
-0.529343
-0.525779
-0.522701
-0.520119
-0.517935
-0.515951
-0.513898
-0.511464
-0.508325
-0.50418
-0.498774
-0.491923
-0.483524
-0.473611
-0.462971
-0.540792
-0.53874
-0.535747
-0.532132
-0.528267
-0.524514
-0.521147
-0.518334
-0.516127
-0.514466
-0.513187
-0.51204
-0.510713
-0.508857
-0.506121
-0.50217
-0.496712
-0.489479
-0.480221
-0.470653
-0.535895
-0.533996
-0.531178
-0.527735
-0.524034
-0.520448
-0.517273
-0.514704
-0.512827
-0.511614
-0.510934
-0.510565
-0.510211
-0.509524
-0.508126
-0.50564
-0.501704
-0.495964
-0.48782
-0.47775
-0.531925
-0.530055
-0.527358
-0.524073
-0.520544
-0.517146
-0.514184
-0.511869
-0.510309
-0.509501
-0.509344
-0.509646
-0.510136
-0.510487
-0.510331
-0.509284
-0.506985
-0.503135
-0.497239
-0.488703
-0.528776
-0.526828
-0.524209
-0.521079
-0.517744
-0.51457
-0.511864
-0.509839
-0.508614
-0.508202
-0.508524
-0.509414
-0.510634
-0.511884
-0.51282
-0.51307
-0.512266
-0.51007
-0.5059
-0.499244
-0.526301
-0.524194
-0.521622
-0.518655
-0.515545
-0.512644
-0.510249
-0.508569
-0.50772
-0.507723
-0.508511
-0.50994
-0.511799
-0.513818
-0.515683
-0.517043
-0.517534
-0.516783
-0.514123
-0.509546
-0.524327
-0.52201
-0.51947
-0.516678
-0.513827
-0.51125
-0.509227
-0.507954
-0.507536
-0.507991
-0.509257
-0.511205
-0.513645
-0.516337
-0.518999
-0.521314
-0.52295
-0.52354
-0.522431
-0.520065
-0.522666
-0.520123
-0.517612
-0.51501
-0.512452
-0.510246
-0.508652
-0.507843
-0.507909
-0.508857
-0.510626
-0.513091
-0.51608
-0.51938
-0.522739
-0.525883
-0.528524
-0.53033
-0.530753
-0.530482
-0.521124
-0.518372
-0.515903
-0.513509
-0.511269
-0.509472
-0.508348
-0.508046
-0.508635
-0.51011
-0.512399
-0.515384
-0.518902
-0.522761
-0.52674
-0.530601
-0.534101
-0.536957
-0.538775
-0.540284
-0.519518
-0.516601
-0.514196
-0.512027
-0.510126
-0.508756
-0.508123
-0.508349
-0.509477
-0.511487
-0.514299
-0.517792
-0.521813
-0.526186
-0.530713
-0.535189
-0.539405
-0.543132
-0.546136
-0.549014
-0.517679
-0.514663
-0.512353
-0.510422
-0.508866
-0.507927
-0.507781
-0.508524
-0.510177
-0.512701
-0.516008
-0.519976
-0.524457
-0.529285
-0.534284
-0.539273
-0.544069
-0.548492
-0.552446
-0.556287
-0.515456
-0.512422
-0.510241
-0.508556
-0.50734
-0.506812
-0.507125
-0.508346
-0.510476
-0.513461
-0.517205
-0.521583
-0.526454
-0.531661
-0.537043
-0.542437
-0.54768
-0.552634
-0.557315
-0.561779
-0.512723
-0.509757
-0.507739
-0.5063
-0.505404
-0.50525
-0.505968
-0.507602
-0.510133
-0.513496
-0.517589
-0.522287
-0.527452
-0.532939
-0.538599
-0.544283
-0.549842
-0.555181
-0.560399
-0.565228
-0.509377
-0.506564
-0.504738
-0.50354
-0.502931
-0.503098
-0.504148
-0.506108
-0.508944
-0.512581
-0.516912
-0.521818
-0.527164
-0.532816
-0.538637
-0.54449
-0.550241
-0.555833
-0.561429
-0.56644
-0.505343
-0.502762
-0.50115
-0.500176
-0.499814
-0.500237
-0.501537
-0.503725
-0.506756
-0.510548
-0.514998
-0.519988
-0.525392
-0.531086
-0.536946
-0.542848
-0.54867
-0.5544
-0.560239
-0.565296
-0.500573
-0.49829
-0.496908
-0.496137
-0.495975
-0.496584
-0.498046
-0.500359
-0.503473
-0.507304
-0.51175
-0.516699
-0.522038
-0.527652
-0.533433
-0.539266
-0.545048
-0.550805
-0.556762
-0.56176
-0.495046
-0.493115
-0.491969
-0.491376
-0.491364
-0.492092
-0.49363
-0.495971
-0.499061
-0.502819
-0.507145
-0.511939
-0.517096
-0.522515
-0.528102
-0.533757
-0.539391
-0.545069
-0.551021
-0.555866
-0.488768
-0.487229
-0.48632
-0.485877
-0.48597
-0.486753
-0.488289
-0.490571
-0.493543
-0.497127
-0.501231
-0.505764
-0.510633
-0.515753
-0.521041
-0.526413
-0.531794
-0.537283
-0.543102
-0.547705
-0.481772
-0.480649
-0.479973
-0.479656
-0.479813
-0.480595
-0.482066
-0.484214
-0.486987
-0.490312
-0.494105
-0.498285
-0.502773
-0.507496
-0.512388
-0.517374
-0.522399
-0.527585
-0.533134
-0.537406
-0.474112
-0.473421
-0.472969
-0.472756
-0.472943
-0.473682
-0.475033
-0.476988
-0.479498
-0.482493
-0.485901
-0.489649
-0.493673
-0.497912
-0.502314
-0.506817
-0.511379
-0.516139
-0.521277
-0.525123
-0.465866
-0.465609
-0.465372
-0.465245
-0.465436
-0.466099
-0.467292
-0.469008
-0.471203
-0.473813
-0.476774
-0.480025
-0.483512
-0.487188
-0.491012
-0.494935
-0.498928
-0.503137
-0.507716
-0.511038
-0.457127
-0.4573
-0.45727
-0.457215
-0.457393
-0.457957
-0.458964
-0.460409
-0.462251
-0.464433
-0.466898
-0.469596
-0.472483
-0.475524
-0.478689
-0.481939
-0.485259
-0.488793
-0.492669
-0.495366
-0.465973
-0.390407
-0.210501
-0.219332
-0.176634
-0.0698754
-0.0843912
-0.157454
-0.129235
-0.0829459
-0.0803659
-0.119322
-0.110615
-0.0846544
-0.0769172
-0.0719655
-0.0773298
-0.0669922
-0.0470456
-0.00272234
-0.44437
-0.385315
-0.215228
-0.223894
-0.174488
-0.0713554
-0.0874806
-0.160943
-0.130501
-0.0826317
-0.0775144
-0.115327
-0.108235
-0.0829767
-0.0776402
-0.0736313
-0.078956
-0.0690017
-0.0479902
-0.00225467
-0.421561
-0.379609
-0.222227
-0.227723
-0.172371
-0.0726059
-0.0905139
-0.164277
-0.13169
-0.0821697
-0.0746323
-0.111231
-0.105822
-0.0812227
-0.0782158
-0.075161
-0.080507
-0.070939
-0.0488582
-0.00177651
-0.398144
-0.373654
-0.231593
-0.231246
-0.170267
-0.0735883
-0.0934446
-0.167395
-0.132796
-0.0815742
-0.071751
-0.107073
-0.103387
-0.0794016
-0.0786355
-0.0765461
-0.0819717
-0.0727914
-0.0496441
-0.00129148
-0.374751
-0.367678
-0.243091
-0.234712
-0.168162
-0.0742702
-0.0962248
-0.170232
-0.133815
-0.080861
-0.0688987
-0.10289
-0.100938
-0.0775222
-0.0788928
-0.0777794
-0.0833388
-0.0745456
-0.0503434
-0.00080341
-0.351935
-0.361743
-0.25619
-0.23822
-0.166045
-0.0746261
-0.0988066
-0.172723
-0.13474
-0.0800467
-0.0661006
-0.0987155
-0.0984854
-0.075593
-0.0789827
-0.0788548
-0.0845974
-0.0761892
-0.0509519
-0.0003158
-0.330089
-0.355763
-0.270167
-0.241765
-0.16391
-0.0746379
-0.101141
-0.17481
-0.135563
-0.0791476
-0.0633806
-0.0945811
-0.0960375
-0.073622
-0.0789023
-0.0797676
-0.0857367
-0.0777094
-0.0514652
0.000167151
-0.30942
-0.349561
-0.284242
-0.245285
-0.161753
-0.0742955
-0.103182
-0.176438
-0.136272
-0.0781803
-0.0607595
-0.0905135
-0.0936018
-0.0716172
-0.0786503
-0.080514
-0.0867464
-0.0790941
-0.0518794
0.000641354
-0.28997
-0.342942
-0.297699
-0.248698
-0.159574
-0.0735962
-0.10488
-0.17756
-0.136855
-0.0771608
-0.0582554
-0.0865365
-0.0911851
-0.0695859
-0.0782269
-0.0810909
-0.0876168
-0.0803318
-0.0521915
0.00110274
-0.271681
-0.335746
-0.309979
-0.25192
-0.157373
-0.0725431
-0.106195
-0.178139
-0.137297
-0.0761037
-0.0558835
-0.0826707
-0.0887937
-0.0675355
-0.0776348
-0.0814963
-0.0883392
-0.0814119
-0.0523984
0.00154723
-0.254475
-0.327888
-0.320712
-0.254885
-0.155155
-0.0711452
-0.107088
-0.17815
-0.137583
-0.0750228
-0.0536565
-0.0789334
-0.0864332
-0.065473
-0.0768788
-0.0817288
-0.0889055
-0.0823246
-0.0524979
0.0019708
-0.238318
-0.319365
-0.329717
-0.257554
-0.152942
-0.0694245
-0.10753
-0.177582
-0.137694
-0.0739302
-0.0515847
-0.0753392
-0.0841092
-0.0634056
-0.0759637
-0.081788
-0.0893092
-0.0830611
-0.052488
0.00236945
-0.223271
-0.310241
-0.336953
-0.259931
-0.150801
-0.0674261
-0.107494
-0.17644
-0.137611
-0.0728365
-0.0496757
-0.0718999
-0.0818264
-0.0613402
-0.0748885
-0.0816743
-0.089545
-0.0836141
-0.0523675
0.00273927
-0.209516
-0.300637
-0.342477
-0.262032
-0.148778
-0.0652058
-0.106948
-0.174748
-0.137316
-0.0717507
-0.0479348
-0.0686246
-0.0795865
-0.0592822
-0.0736479
-0.0813873
-0.0896091
-0.0839773
-0.0521356
0.0030764
-0.19733
-0.290706
-0.346391
-0.26378
-0.146737
-0.0627641
-0.105912
-0.172545
-0.136787
-0.07068
-0.046365
-0.0655221
-0.0773884
-0.0572342
-0.0722603
-0.0809275
-0.0894995
-0.0841462
-0.0517921
0.00337704
-0.187023
-0.280637
-0.348841
-0.264974
-0.144325
-0.0599978
-0.104544
-0.169887
-0.136007
-0.0696297
-0.0449667
-0.0626019
-0.0752385
-0.0552035
-0.0708194
-0.0803055
-0.0892161
-0.0841176
-0.0513374
0.0036375
-0.178846
-0.270641
-0.350068
-0.265775
-0.141726
-0.0568994
-0.102981
-0.166869
-0.134955
-0.0686035
-0.0437381
-0.0598654
-0.073174
-0.0532214
-0.0694543
-0.0795534
-0.0887629
-0.0838907
-0.0507725
0.00385407
-0.172889
-0.260868
-0.350292
-0.26754
-0.140867
-0.0540314
-0.100693
-0.163649
-0.133622
-0.0676029
-0.0426724
-0.0572735
-0.0712345
-0.051331
-0.0680008
-0.0786935
-0.0881518
-0.0834683
-0.0500995
0.0040222
-0.168773
-0.251288
-0.349097
-0.27147
-0.143723
-0.0523623
-0.0963514
-0.160132
-0.132026
-0.0666349
-0.0417597
-0.054792
-0.069274
-0.0494393
-0.0655528
-0.0776164
-0.0873941
-0.0828558
-0.0493219
0.00413576
-0.165057
-0.24256
-0.34526
-0.272535
-0.144519
-0.051141
-0.0908706
-0.155386
-0.129955
-0.0657183
-0.0411092
-0.0527711
-0.066812
-0.0471263
-0.0612235
-0.0760596
-0.0864728
-0.0820333
-0.0484491
0.00419807
-0.141965
-0.197725
-0.314149
-0.252046
-0.120204
-0.0388002
-0.0664697
-0.119038
-0.105861
-0.0566832
-0.0413969
-0.0461761
-0.050602
-0.0311075
-0.0331784
-0.0646119
-0.0800984
-0.0760412
-0.04301
0.00439711
-0.135942
-0.17589
-0.23371
-0.187524
-0.0706814
0.00380685
-0.0121957
-0.0455886
-0.0489395
-0.0315083
-0.0373976
-0.0482502
-0.0395225
-0.0118151
0.000467595
-0.0297345
-0.0534453
-0.0547784
-0.0273415
0.00621867
-0.120885
-0.136907
-0.141845
-0.122635
-0.0651484
-2.78191e-06
0.0245986
0.0273442
0.0119053
-0.00788034
-0.0280292
-0.0347666
-0.019016
-0.00424787
0.0102871
-3.9336e-05
-0.018466
-0.021438
-0.00645315
0.00463097
-0.0869653
-0.0927032
-0.10049
-0.0948218
-0.0414658
0.0172913
0.0370199
0.0410146
0.0278341
0.00449769
-0.0156033
-0.0189864
0.00377322
0.0117311
0.0214068
0.019698
0.0107798
0.00922868
0.00877342
0.001453
-0.0599886
-0.0698248
-0.073024
-0.0631021
-0.0242497
0.0209825
0.036365
0.0339057
0.025874
0.0170208
0.00585668
-0.00193579
0.0116892
0.0146709
0.0253392
0.0313971
0.029169
0.0263918
0.0162074
0.000303473
-0.0417001
-0.0509356
-0.0491658
-0.039817
-0.0140835
0.0160465
0.027806
0.0291207
0.0295322
0.0245843
0.0114112
0.00442369
0.0176954
0.0217024
0.0272022
0.0308568
0.0312035
0.0283833
0.0163537
0.000723164
-0.0273501
-0.0343111
-0.0314114
-0.0261813
-0.0114145
0.0118624
0.025716
0.0285105
0.0260596
0.0220031
0.0160162
0.0120945
0.0205775
0.0235931
0.0256297
0.0275543
0.0277071
0.025371
0.0155124
0.00241644
-0.0157785
-0.0215118
-0.0209256
-0.0177883
-0.00639691
0.0125079
0.0231769
0.0230692
0.0210114
0.0220621
0.0206622
0.0158096
0.0198072
0.0229016
0.0234093
0.0244685
0.024153
0.0218925
0.0142487
0.00347907
-0.00715307
-0.0126984
-0.0130751
-0.00923113
-0.000936906
0.0111093
0.0182468
0.0194775
0.0205745
0.0225366
0.0213166
0.0164127
0.0183812
0.0220939
0.0220581
0.0218425
0.0206401
0.018317
0.0127298
0.00388697
-0.000778444
-0.00557471
-0.00585668
-0.00272856
0.00176497
0.00931249
0.0162385
0.0192709
0.0201608
0.0203537
0.0198189
0.0171064
0.0181944
0.0212436
0.0204138
0.0189576
0.0175044
0.0155639
0.0113111
0.00378845
0.0043123
0.000432323
-0.00035582
0.00124859
0.00400436
0.00988534
0.0160425
0.0181604
0.017994
0.0182984
0.0195036
0.0182638
0.0177248
0.0193126
0.0184135
0.0167415
0.0153942
0.0135606
0.00982057
0.0033741
0.00842001
0.00507691
0.00367973
0.00456508
0.00686541
0.0109787
0.014986
0.0163272
0.016891
0.0180282
0.0193225
0.0179999
0.0164364
0.0174022
0.0171341
0.0155235
0.0138137
0.011696
0.00830984
0.00295226
0.0117085
0.00871151
0.00715687
0.00764611
0.00913017
0.0113765
0.0140473
0.0157385
0.0169251
0.0176121
0.0180104
0.016979
0.015722
0.0164623
0.0163086
0.0143814
0.0121746
0.0100211
0.00716084
0.00268221
0.0144579
0.011763
0.0101503
0.0100107
0.0106211
0.0119178
0.0140813
0.0157272
0.0164994
0.0165404
0.0167885
0.0165851
0.0156995
0.0156886
0.0150645
0.0130723
0.0109003
0.00894665
0.00641099
0.00242676
0.0168867
0.0143243
0.0125316
0.0118099
0.0119415
0.0128117
0.0143322
0.0153633
0.0157689
0.0159084
0.0163838
0.0164082
0.0153269
0.0145821
0.0138328
0.0122585
0.0102468
0.00823276
0.00573398
0.00211487
0.0190787
0.0164445
0.0144305
0.013339
0.0131604
0.0135702
0.0143671
0.0149882
0.0154784
0.015819
0.0160667
0.0157864
0.0146465
0.0138079
0.0131928
0.0118446
0.00975058
0.0075179
0.0050704
0.00187668
0.0211235
0.0182115
0.0159709
0.0146086
0.0140901
0.0140733
0.0144627
0.014969
0.0154511
0.0156147
0.0155066
0.015163
0.0143248
0.01354
0.0127482
0.0113283
0.00921154
0.00693366
0.00462347
0.00175813
0.0229897
0.0196456
0.0171514
0.0155449
0.0147441
0.0145028
0.0147156
0.0150591
0.0153067
0.0152747
0.0151091
0.0149092
0.014266
0.0133213
0.0122176
0.0107819
0.00882731
0.00665193
0.00440179
0.00165339
0.0245634
0.0206885
0.0179442
0.0161733
0.0152302
0.0148734
0.0149129
0.0150482
0.0151576
0.0151381
0.0150014
0.0147712
0.014095
0.0130472
0.0118679
0.0105164
0.00867687
0.00649531
0.00420967
0.00155141
0.0255714
0.0212492
0.0183481
0.016516
0.0155223
0.0150784
0.0149773
0.0150098
0.0151325
0.0151787
0.0149965
0.0146227
0.0138795
0.0128852
0.0117962
0.0105053
0.00864745
0.00634023
0.00403263
0.00151283
-0.140482
-0.147526
-0.154277
-0.160768
-0.167037
-0.173123
-0.179069
-0.184921
-0.190722
-0.196508
-0.202299
-0.208086
-0.213784
-0.219243
-0.224087
-0.227895
-0.229773
-0.229498
-0.226132
-0.223434
-0.0790772
-0.0820582
-0.0848086
-0.0873264
-0.0896073
-0.0916455
-0.0934337
-0.094964
-0.0962279
-0.0972192
-0.0979342
-0.0983822
-0.098583
-0.0985987
-0.0985106
-0.0985097
-0.0987659
-0.0997006
-0.101531
-0.105376
-0.0423836
-0.0455234
-0.0486527
-0.0517773
-0.0549031
-0.0580364
-0.0611828
-0.0643474
-0.067535
-0.0707492
-0.073991
-0.0772582
-0.0805421
-0.0838251
-0.0870762
-0.090245
-0.0932724
-0.0960677
-0.0986462
-0.100966
-0.0249197
-0.0269751
-0.028986
-0.0309545
-0.0328829
-0.0347735
-0.0366288
-0.0384513
-0.0402437
-0.0420092
-0.0437515
-0.0454749
-0.0471858
-0.0488916
-0.050607
-0.0523455
-0.0541494
-0.0560448
-0.0582018
-0.0607415
-0.0112073
-0.0128057
-0.0144007
-0.0159937
-0.0175869
-0.0191822
-0.020781
-0.0223847
-0.0239946
-0.0256119
-0.0272373
-0.0288714
-0.0305145
-0.0321651
-0.033824
-0.0354843
-0.0371544
-0.0388127
-0.0405321
-0.0422796
-0.0030681
-0.00429414
-0.00551502
-0.00673129
-0.00794373
-0.00915319
-0.0103604
-0.0115664
-0.0127719
-0.0139782
-0.0151864
-0.0163977
-0.0176136
-0.0188349
-0.0200653
-0.0213032
-0.0225618
-0.023829
-0.0251774
-0.0265648
0.00339476
0.0024399
0.00148559
0.0005314
-0.00042339
-0.00137959
-0.00233786
-0.00329886
-0.00426329
-0.00523187
-0.00620533
-0.00718427
-0.00816956
-0.00916138
-0.0101615
-0.0111681
-0.0121892
-0.0132129
-0.014291
-0.0153764
0.008073
0.00731574
0.00656006
0.00580588
0.00505286
0.00430066
0.00354903
0.00279767
0.00204625
0.00129441
0.000541736
-0.000212139
-0.000967813
-0.00172545
-0.00248648
-0.00324962
-0.00402132
-0.00479245
-0.00560486
-0.00641656
0.0117189
0.0111106
0.0105037
0.00989803
0.00929344
0.00868975
0.00808679
0.00748439
0.00688235
0.0062805
0.00567866
0.0050767
0.00447434
0.0038717
0.00326798
0.00266447
0.00205667
0.00145263
0.000820184
0.000199604
0.0144781
0.013983
0.013489
0.0129961
0.0125041
0.0120129
0.0115224
0.0110325
0.010543
0.0100539
0.00956492
0.0090761
0.00858722
0.00809837
0.00760898
0.00712004
0.00662821
0.00613988
0.00563039
0.0051343
0.0166632
0.0162623
0.0158621
0.0154624
0.0150632
0.0146645
0.014266
0.0138679
0.0134699
0.013072
0.0126741
0.0122762
0.0118782
0.0114801
0.0110816
0.0106835
0.0102832
0.00988569
0.00947232
0.00907008
0.0184159
0.0180929
0.0177698
0.0174466
0.0171233
0.0167997
0.016476
0.016152
0.0158277
0.0155031
0.0151784
0.0148533
0.0145281
0.0142028
0.0138771
0.0135518
0.0132252
0.0129008
0.0125649
0.012238
0.0199295
0.0196725
0.0194142
0.0191547
0.0188939
0.0186318
0.0183684
0.0181037
0.0178378
0.0175706
0.0173024
0.0170331
0.0167628
0.0164916
0.0162197
0.0159473
0.0156734
0.0154009
0.0151193
0.0148442
0.021313
0.0211114
0.0209071
0.0206999
0.02049
0.0202774
0.0200621
0.0198444
0.0196242
0.0194017
0.0191771
0.0189505
0.0187221
0.0184921
0.0182606
0.018028
0.0177936
0.0175596
0.0173182
0.0170807
0.0228241
0.0226697
0.0225099
0.0223451
0.0221752
0.0220005
0.0218213
0.0216377
0.0214501
0.0212586
0.0210635
0.0208652
0.0206639
0.02046
0.0202536
0.0200452
0.0198345
0.0196231
0.0194054
0.0191893
0.024499
0.0243775
0.0242475
0.0241094
0.0239636
0.0238107
0.0236511
0.0234853
0.0233138
0.0231372
0.0229559
0.0227704
0.0225812
0.0223887
0.0221933
0.0219957
0.0217956
0.0215944
0.0213882
0.0211823
0.0269924
0.026865
0.0267251
0.0265739
0.0264125
0.0262417
0.0260626
0.025876
0.0256828
0.0254838
0.0252797
0.0250713
0.0248591
0.0246439
0.0244261
0.0242065
0.023985
0.023763
0.0235373
0.0233121
0.0302071
0.0300075
0.0297958
0.0295735
0.029342
0.0291027
0.0288566
0.028605
0.0283488
0.0280888
0.027826
0.0275611
0.0272946
0.0270274
0.0267598
0.0264925
0.0262256
0.0259601
0.0256936
0.0254296
0.0350973
0.0346344
0.0341776
0.0337271
0.0332834
0.0328465
0.0324168
0.0319944
0.0315793
0.0311718
0.0307717
0.0303793
0.0299944
0.029617
0.0292472
0.0288848
0.0285297
0.0281822
0.0278402
0.0275066
0.0404471
0.0396298
0.0388462
0.0380946
0.037373
0.0366797
0.0360133
0.0353722
0.034755
0.0341604
0.0335871
0.0330341
0.0325001
0.0319843
0.0314857
0.0310034
0.0305363
0.0300843
0.0296448
0.0292204
0.0867302
0.0578573
0.0373216
0.0281622
0.0200332
0.00865255
-0.00423412
-0.0165995
-0.028113
-0.0391999
-0.0501121
-0.0608146
-0.0711964
-0.0811969
-0.0908054
-0.100027
-0.108865
-0.117321
-0.125401
-0.133115
0.0352378
0.0225282
0.0120537
0.00559163
0.000566236
-0.00529712
-0.0120669
-0.0188293
-0.0250651
-0.0308291
-0.0363291
-0.0416548
-0.0467839
-0.0516742
-0.0563092
-0.0606938
-0.0648374
-0.068746
-0.0724216
-0.0758652
0.0288131
0.0239349
0.0202088
0.0165992
0.0129285
0.00918841
0.00537192
0.00155099
-0.00218109
-0.00579764
-0.00933097
-0.0128165
-0.016265
-0.019671
-0.0230293
-0.0263412
-0.0296116
-0.0328463
-0.0360502
-0.0392278
0.0261783
0.0234123
0.0211323
0.0183902
0.0153251
0.0122923
0.00940351
0.00660735
0.00385606
0.00114724
-0.00150657
-0.00410015
-0.00663499
-0.00911303
-0.0115346
-0.0138997
-0.0162089
-0.0184638
-0.020666
-0.0228174
0.0244159
0.0222154
0.0205867
0.0188054
0.0167799
0.0147197
0.0127562
0.0108835
0.00905433
0.0072454
0.00545797
0.00369813
0.00196691
0.000261237
-0.00142264
-0.00308762
-0.00473599
-0.0063699
-0.00799159
-0.00960331
0.023239
0.0214877
0.0203154
0.0191367
0.0177729
0.01633
0.0149193
0.0135626
0.0122346
0.0109145
0.00959824
0.00828975
0.00699207
0.00570534
0.00442835
0.00316002
0.00189976
0.000647233
-0.000597955
-0.00183625
0.0231208
0.0217919
0.0209392
0.0201088
0.0191391
0.018092
0.0170511
0.0160416
0.0150511
0.0140649
0.0130782
0.0120931
0.0111121
0.0101358
0.00916379
0.00819546
0.00723032
0.00626805
0.00530831
0.00435069
0.0235557
0.0225729
0.0219048
0.021247
0.0204953
0.0196886
0.0188807
0.0180901
0.0173108
0.0165338
0.0157558
0.0149779
0.0142017
0.0134279
0.0126565
0.0118874
0.0111205
0.0103556
0.00959281
0.00883197
0.0241309
0.0234417
0.0229008
0.022337
0.0217157
0.021068
0.0204226
0.0197871
0.0191576
0.0185297
0.017902
0.017275
0.0166497
0.0160265
0.0154053
0.0147862
0.0141691
0.0135538
0.0129404
0.0123288
0.0245615
0.0241012
0.0236615
0.0231668
0.0226373
0.0221041
0.0215792
0.021061
0.0205454
0.0200308
0.0195171
0.019005
0.0184947
0.0179865
0.0174801
0.0169756
0.0164728
0.0159718
0.0154723
0.0149745
0.0247849
0.0244879
0.0241375
0.0237143
0.0232687
0.0228324
0.0224082
0.0219894
0.0215715
0.021154
0.0207378
0.0203233
0.0199107
0.0194999
0.0190907
0.0186829
0.0182766
0.0178715
0.0174677
0.0170649
0.0248438
0.0246613
0.0243923
0.0240452
0.0236818
0.0233325
0.0229965
0.022665
0.0223334
0.0220016
0.0216707
0.0213412
0.0210131
0.0206861
0.02036
0.0200347
0.0197101
0.019386
0.0190623
0.018739
0.0248348
0.0247443
0.0245538
0.0242836
0.0239991
0.02373
0.0234741
0.0232221
0.0229694
0.0227157
0.0224622
0.0222095
0.0219572
0.0217052
0.0214531
0.0212007
0.0209479
0.0206945
0.0204404
0.0201854
0.0248161
0.0248165
0.0247048
0.0245079
0.0242968
0.0241023
0.0239214
0.0237441
0.0235652
0.0233845
0.023203
0.0230211
0.0228385
0.0226548
0.0224695
0.0222823
0.0220932
0.0219018
0.0217081
0.0215119
0.024821
0.0249402
0.0249283
0.0248167
0.0246875
0.0245767
0.0244809
0.024388
0.0242918
0.0241914
0.0240878
0.0239813
0.0238715
0.0237577
0.0236395
0.0235165
0.0233885
0.0232553
0.0231169
0.0229732
0.0247372
0.0249683
0.0250965
0.02513
0.0251355
0.0251479
0.0251677
0.0251847
0.0251926
0.0251899
0.0251772
0.0251548
0.0251227
0.0250805
0.0250279
0.0249649
0.0248915
0.024808
0.0247145
0.0246114
0.0250888
0.0254068
0.0257776
0.0261122
0.0263876
0.026616
0.026812
0.0269815
0.0271242
0.0272395
0.0273274
0.0273892
0.0274264
0.0274404
0.0274325
0.0274038
0.0273556
0.0272891
0.0272057
0.0271064
0.0278151
0.0284056
0.0290212
0.0295324
0.0299345
0.0302573
0.0305216
0.0307355
0.0309013
0.0310211
0.0310981
0.0311358
0.0311378
0.0311072
0.0310471
0.0309601
0.0308489
0.0307158
0.0305631
0.0303929
0.0392798
0.0429989
0.0443492
0.0438162
0.0428651
0.0421711
0.0417198
0.041326
0.0408935
0.0404192
0.0399284
0.0394369
0.0389479
0.0384599
0.0379719
0.0374847
0.0369994
0.0365174
0.0360392
0.0355657
0.0511268
0.0632013
0.0669032
0.0644154
0.0607808
0.0581913
0.0565387
0.0551879
0.0538133
0.0523978
0.0510144
0.0497052
0.0484719
0.0473019
0.0461853
0.0451179
0.0440978
0.0431231
0.0421915
0.0413003
0.123483
0.123977
0.124976
0.126487
0.128507
0.131064
0.134169
0.137866
0.142164
0.147099
0.15265
0.158806
0.165455
0.172421
0.179294
0.185339
0.189051
0.187403
0.173702
0.132451
0.11752
0.117898
0.118597
0.119652
0.121021
0.122742
0.124742
0.127074
0.129603
0.132386
0.135171
0.137989
0.140361
0.142216
0.142606
0.141146
0.135807
0.125122
0.103968
0.0662217
0.109942
0.110147
0.110523
0.111078
0.111786
0.112639
0.113574
0.114566
0.115499
0.116312
0.116802
0.116838
0.116062
0.114196
0.110626
0.104814
0.095826
0.0829532
0.0655914
0.0439487
0.101347
0.101396
0.101484
0.101607
0.101747
0.101873
0.101936
0.101867
0.101583
0.100974
0.0999038
0.0982031
0.0956681
0.0920577
0.0871293
0.0806376
0.0724683
0.062509
0.0506977
0.0360099
0.0923644
0.0923014
0.0921778
0.0919839
0.0917113
0.091322
0.0907804
0.0900174
0.0889748
0.0875557
0.0856846
0.0832402
0.0801458
0.0762803
0.0716123
0.0660549
0.0596245
0.0521163
0.0432471
0.0320328
0.0835179
0.083389
0.0831345
0.0827472
0.0822225
0.0815314
0.0806491
0.0795246
0.0781227
0.0763807
0.0742654
0.0717133
0.0687076
0.0651948
0.0611797
0.056591
0.0513928
0.0453614
0.0382336
0.0292967
0.0751689
0.0750096
0.074693
0.0742146
0.0735728
0.0727493
0.0717293
0.0704814
0.0689873
0.0672121
0.0651431
0.0627472
0.0600211
0.0569295
0.0534686
0.0495779
0.0452253
0.0402737
0.0345818
0.0277055
0.06752
0.0673541
0.0670235
0.0665251
0.0658587
0.0650141
0.063984
0.0627506
0.0613052
0.0596279
0.0577132
0.0555401
0.0531058
0.0503853
0.0473775
0.0440503
0.0404052
0.0363874
0.0319543
0.0268674
0.0606493
0.0604905
0.0601739
0.0596965
0.0590587
0.0582546
0.0572814
0.0561291
0.0547943
0.0532649
0.0515384
0.049601
0.0474529
0.0450799
0.0424897
0.039672
0.0366488
0.0334136
0.030002
0.0263863
0.0545518
0.0544068
0.0541176
0.0536812
0.0530974
0.0523626
0.0514766
0.050434
0.0492348
0.0478721
0.046347
0.0446518
0.0427909
0.0407577
0.0385651
0.0362124
0.0337312
0.0311415
0.0285337
0.0260253
0.0491762
0.0490474
0.0487907
0.0484025
0.0478824
0.047228
0.0464406
0.0455179
0.0444625
0.0432717
0.0419502
0.0404951
0.0389146
0.0372063
0.0353851
0.0334535
0.0314465
0.0293966
0.0274201
0.0257017
0.0444514
0.0443387
0.0441143
0.0437747
0.0433192
0.0427464
0.0420589
0.0412562
0.0403431
0.0393194
0.0381922
0.036962
0.0356402
0.0342282
0.0327433
0.0311899
0.0296022
0.0280134
0.0265426
0.0253901
0.0403039
0.0402051
0.0400092
0.0397126
0.0393155
0.0388173
0.0382224
0.0375322
0.0367529
0.0358855
0.0349374
0.03391
0.0328158
0.0316597
0.0304637
0.0292378
0.0280184
0.0268355
0.0257979
0.0250974
0.0366703
0.0365814
0.0364057
0.0361404
0.0357864
0.0353453
0.0348237
0.0342264
0.0335621
0.032834
0.0320501
0.0312099
0.0303223
0.0293892
0.0284329
0.0274708
0.0265533
0.0257229
0.0250862
0.0248072
0.0335079
0.0334226
0.033255
0.0330027
0.0326675
0.0322528
0.0317683
0.0312226
0.0306306
0.0300019
0.0293516
0.0286828
0.0280031
0.027303
0.0265889
0.0258619
0.0251769
0.0246048
0.0243047
0.0244742
0.0308004
0.0307118
0.0305383
0.0302771
0.0299309
0.0295025
0.0290036
0.0284441
0.0278455
0.0272252
0.0266158
0.0260384
0.0255263
0.0250783
0.0246963
0.024329
0.023974
0.0236498
0.0235845
0.0241108
0.0285587
0.0284614
0.0282699
0.0279808
0.0275961
0.0271163
0.0265507
0.0259053
0.0252001
0.0244521
0.0237042
0.0229983
0.0224171
0.0220277
0.0219219
0.0220938
0.0224963
0.0229351
0.0234169
0.0243436
0.0268151
0.0267082
0.0264922
0.0261651
0.0257257
0.0251733
0.0245081
0.023731
0.0228452
0.0218577
0.0207859
0.0196653
0.01857
0.0176333
0.0170782
0.0172082
0.0183332
0.0205459
0.0234534
0.0262177
0.0256152
0.0255004
0.0252614
0.0248986
0.0244067
0.0237849
0.0230222
0.0221152
0.0210446
0.0198039
0.0183624
0.0167151
0.0148328
0.0127669
0.0106211
0.00881046
0.00811278
0.0100528
0.0164358
0.0285184
0.0250048
0.0248829
0.0246301
0.0242453
0.0237227
0.0230576
0.0222368
0.0212479
0.020065
0.0186621
0.0169896
0.0149914
0.0125693
0.00960902
0.00594761
0.00148975
-0.00358004
-0.00787457
-0.0064235
0.0164517
0.127081
0.12758
0.128701
0.130355
0.132682
0.135585
0.139302
0.143695
0.149133
0.155421
0.163131
0.171973
0.182866
0.195358
0.211013
0.229056
0.25237
0.279468
0.31595
0.358587
0.127281
0.127782
0.128907
0.130567
0.132901
0.135815
0.139544
0.143953
0.149408
0.155718
0.163452
0.172325
0.183249
0.195781
0.211469
0.229557
0.252892
0.280008
0.316446
0.358954
0.127449
0.127951
0.12908
0.130745
0.133086
0.136008
0.139747
0.144169
0.149638
0.155965
0.163715
0.172608
0.183545
0.196096
0.211777
0.229857
0.253115
0.280109
0.316256
0.358224
0.127586
0.128089
0.129221
0.13089
0.133236
0.136166
0.139913
0.144344
0.149823
0.156161
0.163919
0.172822
0.183755
0.196302
0.211938
0.229958
0.253043
0.279775
0.315385
0.356408
0.12769
0.128195
0.129329
0.131002
0.133352
0.136287
0.14004
0.144478
0.149962
0.156306
0.164064
0.172967
0.183881
0.196401
0.211953
0.229862
0.252679
0.279014
0.313843
0.353523
0.127762
0.128269
0.129404
0.13108
0.133433
0.136373
0.140128
0.144571
0.150057
0.156401
0.164153
0.173044
0.183922
0.196394
0.211826
0.229572
0.25203
0.277836
0.311639
0.34959
0.127803
0.128311
0.129448
0.131126
0.133481
0.136423
0.14018
0.144623
0.150107
0.156447
0.164184
0.173053
0.183881
0.196283
0.211561
0.229094
0.251101
0.276252
0.308789
0.344635
0.127813
0.128322
0.129459
0.131139
0.133494
0.136437
0.140194
0.144635
0.150113
0.156443
0.16416
0.172996
0.183761
0.19607
0.21116
0.228432
0.249903
0.274277
0.305307
0.33869
0.127791
0.128302
0.129439
0.131119
0.133475
0.136417
0.140171
0.144608
0.150077
0.156392
0.164081
0.172874
0.183562
0.195757
0.210631
0.227592
0.248446
0.271926
0.301213
0.331793
0.127739
0.12825
0.129387
0.131068
0.133422
0.136363
0.140112
0.144542
0.149999
0.156293
0.16395
0.172689
0.183289
0.195347
0.209977
0.22658
0.246741
0.269216
0.296527
0.323985
0.127655
0.128168
0.129305
0.130985
0.133337
0.136275
0.140018
0.144438
0.149879
0.156148
0.163767
0.172443
0.182943
0.194844
0.209205
0.225404
0.244803
0.266164
0.291273
0.315314
0.127542
0.128056
0.129193
0.130872
0.13322
0.136154
0.139888
0.144296
0.14972
0.155958
0.163533
0.172136
0.182528
0.19425
0.208323
0.224069
0.242646
0.262789
0.28548
0.305831
0.127398
0.127915
0.12905
0.130728
0.133072
0.136
0.139725
0.144119
0.149521
0.155725
0.163252
0.171773
0.182047
0.19357
0.207336
0.222584
0.240289
0.259108
0.279178
0.29559
0.127226
0.127744
0.128879
0.130555
0.132894
0.135816
0.139529
0.143907
0.149285
0.155451
0.162924
0.171354
0.181503
0.192808
0.206252
0.220957
0.23775
0.25514
0.272404
0.284643
0.127024
0.127545
0.128678
0.130353
0.132686
0.135601
0.139301
0.143661
0.149011
0.155135
0.16255
0.170883
0.180898
0.191968
0.205077
0.219197
0.235048
0.250902
0.265203
0.273035
0.126793
0.127318
0.12845
0.130123
0.132449
0.135355
0.139041
0.14338
0.1487
0.154778
0.162129
0.170355
0.180228
0.191047
0.203808
0.217303
0.232196
0.246408
0.25763
0.260803
0.126535
0.127064
0.128195
0.129866
0.132185
0.135081
0.13875
0.143067
0.148355
0.154383
0.161667
0.16978
0.179502
0.190054
0.202457
0.21529
0.229211
0.24167
0.249746
0.247979
0.12625
0.126784
0.127916
0.129586
0.1319
0.134789
0.138445
0.142743
0.148003
0.153985
0.161206
0.169209
0.178787
0.189068
0.201116
0.213253
0.2262
0.236751
0.241587
0.234435
0.125937
0.126478
0.127614
0.129286
0.131598
0.134485
0.138133
0.142421
0.147661
0.153609
0.160779
0.168685
0.178132
0.18815
0.199853
0.21127
0.223242
0.231709
0.233184
0.219387
0.125594
0.126138
0.127268
0.128933
0.131226
0.134094
0.137705
0.141953
0.147124
0.152995
0.160037
0.167784
0.176985
0.186668
0.197879
0.208549
0.219465
0.226022
0.224642
0.203272
0.116853
0.117349
0.118348
0.119785
0.121757
0.124188
0.127256
0.130805
0.135144
0.139957
0.145763
0.151929
0.159286
0.166586
0.174969
0.181959
0.188281
0.188953
0.179375
0.14737
0.117618
0.118114
0.119123
0.120576
0.122582
0.125053
0.128185
0.131807
0.136257
0.141199
0.147195
0.153595
0.161291
0.169039
0.178049
0.185968
0.193555
0.19645
0.190055
0.166373
0.118357
0.118845
0.119855
0.121314
0.123337
0.125832
0.129
0.13267
0.137185
0.142218
0.148333
0.154918
0.162847
0.170991
0.180497
0.189342
0.198136
0.203421
0.200775
0.184189
0.119072
0.119554
0.120567
0.122036
0.124079
0.126602
0.12981
0.133533
0.138118
0.14325
0.149491
0.156266
0.164432
0.172971
0.182971
0.192703
0.202695
0.210182
0.211206
0.200479
0.119763
0.120242
0.12126
0.12274
0.124806
0.127358
0.130609
0.134388
0.139047
0.14428
0.150651
0.157617
0.166025
0.174949
0.185446
0.196025
0.207216
0.216746
0.221373
0.21607
0.12043
0.120907
0.12193
0.123423
0.12551
0.128092
0.131385
0.135218
0.139949
0.14528
0.151777
0.158928
0.16757
0.176865
0.187851
0.199239
0.211624
0.223081
0.231245
0.231083
0.121072
0.121547
0.122577
0.124082
0.126191
0.128801
0.132134
0.13602
0.14082
0.146246
0.152863
0.160191
0.16906
0.17871
0.190174
0.20233
0.215895
0.22917
0.240754
0.245498
0.121688
0.122162
0.123199
0.124717
0.126846
0.129484
0.132856
0.136793
0.141659
0.147176
0.153909
0.161408
0.170496
0.180483
0.192414
0.205295
0.220012
0.234999
0.249842
0.259273
0.122277
0.122751
0.123796
0.125326
0.127475
0.130141
0.133549
0.137536
0.142466
0.148071
0.154916
0.162576
0.171875
0.182182
0.194564
0.208126
0.223957
0.240553
0.258462
0.272361
0.122839
0.123314
0.124366
0.125908
0.128077
0.13077
0.134214
0.138248
0.143239
0.148927
0.155879
0.163693
0.173195
0.1838
0.196618
0.210814
0.22771
0.245813
0.266578
0.284707
0.123373
0.12385
0.124909
0.126464
0.128652
0.131369
0.134848
0.138927
0.143976
0.149744
0.156797
0.164755
0.174451
0.185334
0.198567
0.213352
0.231251
0.250762
0.274159
0.296256
0.123879
0.124357
0.125424
0.126991
0.129197
0.131939
0.13545
0.139573
0.144677
0.15052
0.157669
0.165761
0.17564
0.18678
0.200404
0.215733
0.234566
0.255381
0.281179
0.306953
0.124356
0.124836
0.12591
0.127489
0.129713
0.132478
0.13602
0.140183
0.145339
0.151252
0.158491
0.166708
0.176758
0.188135
0.202123
0.217949
0.23764
0.259652
0.287612
0.316749
0.124804
0.125286
0.126367
0.127957
0.130198
0.132985
0.136556
0.140758
0.145962
0.15194
0.159263
0.167595
0.177804
0.189396
0.203718
0.219994
0.240461
0.263557
0.293439
0.325602
0.125221
0.125706
0.126794
0.128395
0.130651
0.13346
0.137058
0.141295
0.146544
0.152582
0.159983
0.168419
0.178773
0.190559
0.205183
0.221862
0.243017
0.267078
0.298639
0.333473
0.125609
0.126096
0.127191
0.128802
0.131073
0.133901
0.137524
0.141794
0.147084
0.153178
0.160649
0.169178
0.179663
0.191621
0.206513
0.223545
0.245298
0.270202
0.303198
0.340327
0.125966
0.126455
0.127556
0.129178
0.131462
0.134308
0.137954
0.142255
0.147582
0.153725
0.16126
0.169873
0.180472
0.192581
0.207703
0.225041
0.247298
0.272915
0.307101
0.346139
0.126292
0.126784
0.127891
0.129521
0.131817
0.13468
0.138347
0.142675
0.148037
0.154224
0.161814
0.1705
0.181199
0.193436
0.20875
0.226342
0.24901
0.275205
0.310335
0.350885
0.126587
0.127081
0.128193
0.129832
0.13214
0.135017
0.138703
0.143056
0.148447
0.154673
0.162311
0.17106
0.181841
0.194184
0.209652
0.227447
0.250427
0.277064
0.312893
0.354549
0.12685
0.127346
0.128463
0.13011
0.132428
0.135319
0.139021
0.143396
0.148813
0.155072
0.16275
0.171551
0.182397
0.194825
0.210407
0.228352
0.251548
0.278487
0.314766
0.357119
-0.00047809
-0.000590023
-0.000822488
-0.00117669
-0.00165778
-0.00227029
-0.00302668
-0.0039391
-0.00503226
-0.00633193
-0.00788636
-0.009751
-0.0120226
-0.0148143
-0.0182873
-0.022535
-0.0273721
-0.0314117
-0.0296974
-0.0065883
8.20632e-05
-2.3151e-05
-0.000242761
-0.000576176
-0.00102838
-0.00159976
-0.00230068
-0.00313402
-0.00411833
-0.00525938
-0.00658683
-0.00810486
-0.00984157
-0.0117446
-0.0137092
-0.01532
-0.0157998
-0.0136274
-0.00700479
0.00531257
0.00118369
0.00108552
0.000887189
0.000586765
0.000183412
-0.00032308
-0.000931794
-0.0016413
-0.00244753
-0.00334274
-0.00430851
-0.00530837
-0.00626733
-0.00705119
-0.00743646
-0.00711945
-0.00579106
-0.00336074
-0.000223328
0.00277958
0.0027858
0.00269584
0.00251917
0.0022525
0.00189809
0.00145713
0.000939545
0.000352236
-0.00028396
-0.000951092
-0.00160519
-0.00220325
-0.00266142
-0.00291179
-0.00286157
-0.00251662
-0.00192333
-0.00127711
-0.00057178
0.000588995
0.0048502
0.00476692
0.00460422
0.00435935
0.00403521
0.00363545
0.00317246
0.00265735
0.00211257
0.0015568
0.00102392
0.000536187
0.00012861
-0.000199016
-0.000443211
-0.000654743
-0.000834307
-0.000964855
-0.000818804
-7.36267e-05
0.00735535
0.00727268
0.00711033
0.00686583
0.00654141
0.00614121
0.00567601
0.00515583
0.00459685
0.00401012
0.0034124
0.00280828
0.00220773
0.00160239
0.0010015
0.000406719
-0.000124259
-0.000523154
-0.000631739
-0.000267477
0.0103051
0.0102151
0.0100372
0.00976852
0.00941006
0.00896457
0.00844001
0.00784278
0.00718338
0.00646678
0.00570299
0.00489358
0.0040505
0.00317728
0.00230014
0.00143721
0.000642444
-4.5079e-05
-0.000520808
-0.000641445
0.0137355
0.0136309
0.0134229
0.0131081
0.0126865
0.012159
0.0115316
0.0108079
0.00999616
0.00909942
0.00812813
0.00708585
0.00598933
0.00484544
0.00368152
0.00250782
0.00136621
0.000281408
-0.000640236
-0.00123511
0.0177152
0.0175904
0.0173413
0.0169641
0.0164584
0.015824
0.0150657
0.0141855
0.013191
0.0120842
0.0108762
0.00956999
0.00818266
0.00671777
0.00519998
0.00363347
0.00206009
0.000505458
-0.000914513
-0.0020371
0.0223407
0.0221919
0.0218943
0.0214441
0.0208409
0.0200838
0.0191768
0.0181201
0.01692
0.0155762
0.0140983
0.012486
0.0107551
0.00890552
0.00696213
0.004927
0.00284533
0.000739553
-0.00127824
-0.00307261
0.0277277
0.0275529
0.0272028
0.0266736
0.0259656
0.0250767
0.0240097
0.0227621
0.0213379
0.0197326
0.0179535
0.0159953
0.0138722
0.0115794
0.00914301
0.00656138
0.00388009
0.00110679
-0.00167294
-0.00440308
0.0339994
0.0337988
0.0333967
0.0327895
0.0319773
0.0309562
0.0297265
0.0282811
0.026621
0.0247363
0.022632
0.0202963
0.0177414
0.014954
0.0119585
0.00874204
0.00534501
0.00174533
-0.00202564
-0.00607025
0.0412691
0.0410475
0.0406026
0.0399305
0.0390309
0.0378949
0.0365184
0.0348856
0.0329929
0.0308215
0.0283747
0.0256322
0.0226064
0.0192714
0.015648
0.0116985
0.00744774
0.00281842
-0.00223928
-0.00806962
0.0496141
0.0493836
0.04892
0.0482184
0.0472767
0.0460775
0.0446083
0.0428381
0.0407537
0.0383189
0.0355315
0.0323554
0.0288068
0.0248445
0.0204954
0.0156871
0.0104217
0.00452374
-0.00216751
-0.0102848
0.0590378
0.0588213
0.0583845
0.0577206
0.0568243
0.0556664
0.0542228
0.0524399
0.0502873
0.0476967
0.0446477
0.0410661
0.0369614
0.0322614
0.0270138
0.0211185
0.0145907
0.00713775
-0.00154302
-0.012504
0.0694207
0.069255
0.0689158
0.0683942
0.0676801
0.0667337
0.0655174
0.0639545
0.0619908
0.0595159
0.0564706
0.0527108
0.0481968
0.0427684
0.0364556
0.0291039
0.0207987
0.011196
-4.38499e-05
-0.0144435
0.0804738
0.0804089
0.0802582
0.0800154
0.079662
0.0791579
0.0784502
0.0774564
0.0760921
0.0742228
0.0717286
0.0683986
0.0640758
0.0584562
0.0513867
0.0425108
0.0318045
0.0188917
0.00360579
-0.0158399
0.0917235
0.0918087
0.091938
0.0921153
0.0923103
0.0925021
0.0926215
0.0926169
0.0923691
0.0917783
0.0906439
0.0887753
0.0858393
0.0814773
0.0751524
0.06621
0.0538502
0.037018
0.0149118
-0.0136445
0.102561
0.102816
0.103283
0.103977
0.104859
0.105942
0.107152
0.108508
0.109866
0.111238
0.112339
0.113162
0.113146
0.112204
0.109226
0.103877
0.0938917
0.0780005
0.0505833
0.00462963
0.11236
0.112758
0.113568
0.114776
0.116381
0.118387
0.12081
0.123657
0.126929
0.130609
0.134652
0.138973
0.143399
0.147652
0.151169
0.153031
0.151328
0.142636
0.119441
0.0664461
0.0281789
0.0402705
0.0440033
0.0415721
0.0380064
0.0354859
0.0338993
0.0326133
0.0313044
0.0299561
0.0286412
0.0274015
0.0262385
0.0251395
0.0240949
0.0231003
0.0221539
0.0212537
0.0203973
0.0195822
0.0162085
0.019972
0.0213736
0.0209008
0.0200139
0.0193847
0.0189979
0.0186692
0.0183027
0.0178958
0.0174735
0.0170516
0.0166331
0.0162165
0.015801
0.0153871
0.0149762
0.0145694
0.0141674
0.0137709
0.00452886
0.00517795
0.00585837
0.00643436
0.00690033
0.00728725
0.0076169
0.00789743
0.00813115
0.00832005
0.00846712
0.00857595
0.00865005
0.00869266
0.00870671
0.00869492
0.00865982
0.0086038
0.00852909
0.00843775
0.00148128
0.0018602
0.00230298
0.0027082
0.00305105
0.00334632
0.00361048
0.0038497
0.00406366
0.00425115
0.00441232
0.0045484
0.0046609
0.00475122
0.00482059
0.00487022
0.0049013
0.00491505
0.00491268
0.00489538
0.000689315
0.00098372
0.00119319
0.0013045
0.00138187
0.00146437
0.00155568
0.00164637
0.00172948
0.00180312
0.0018677
0.00192366
0.00197088
0.00200902
0.00203782
0.00205719
0.00206719
0.00206795
0.00205968
0.00204262
0.000199188
0.00038473
0.000466515
0.000442031
0.000389561
0.000352087
0.000331513
0.000316697
0.000300413
0.000281164
0.000259622
0.000236163
0.000210456
0.000181892
0.000149938
0.00011423
7.45121e-05
3.0595e-05
-1.76683e-05
-7.03782e-05
-0.000537327
-0.000466825
-0.000467994
-0.000565723
-0.000694548
-0.000812327
-0.000913911
-0.0010081
-0.00110143
-0.00119541
-0.00128936
-0.00138275
-0.0014757
-0.00156865
-0.00166203
-0.00175619
-0.00185135
-0.00194776
-0.00204559
-0.00214503
-0.00143754
-0.00145283
-0.00151015
-0.00166584
-0.0018618
-0.00205092
-0.00222326
-0.00238633
-0.00254717
-0.0027078
-0.0028676
-0.00302578
-0.00318224
-0.00333728
-0.00349125
-0.00364443
-0.00379702
-0.00394922
-0.0041012
-0.00425314
-0.00257275
-0.00267371
-0.00277922
-0.00299195
-0.00326012
-0.00352683
-0.00377504
-0.00401114
-0.00424347
-0.00447508
-0.00470546
-0.00493358
-0.00515909
-0.00538215
-0.0056031
-0.00582219
-0.00603959
-0.00625545
-0.00646995
-0.00668323
-0.00404774
-0.00425505
-0.00440156
-0.00466558
-0.00500961
-0.00536245
-0.00569515
-0.00601155
-0.00632199
-0.00663131
-0.00693943
-0.00724497
-0.00754721
-0.0078462
-0.00814221
-0.00843552
-0.00872629
-0.00901464
-0.00930072
-0.00958468
-0.00601973
-0.00637996
-0.00656222
-0.00686778
-0.00729228
-0.00774532
-0.00817753
-0.00858716
-0.00898743
-0.0093864
-0.00978494
-0.0101812
-0.0105738
-0.0109626
-0.0113479
-0.0117298
-0.0121087
-0.0124845
-0.0128574
-0.0132276
-0.00861895
-0.00919854
-0.00941093
-0.00974773
-0.0102641
-0.0108416
-0.0113974
-0.0119199
-0.0124274
-0.0129335
-0.0134408
-0.0139467
-0.0144487
-0.0149462
-0.0154395
-0.015929
-0.016415
-0.0168975
-0.0173766
-0.0178525
-0.0119212
-0.0128016
-0.013047
-0.0134239
-0.0140721
-0.014827
-0.0155543
-0.0162301
-0.0168818
-0.0175325
-0.018187
-0.0188409
-0.0194904
-0.0201341
-0.0207727
-0.0214068
-0.0220367
-0.0226625
-0.0232841
-0.0239019
-0.0158379
-0.0170975
-0.0173935
-0.0178624
-0.0187342
-0.0197628
-0.0207423
-0.0216381
-0.022496
-0.0233527
-0.0242149
-0.0250751
-0.0259271
-0.0267692
-0.0276028
-0.028429
-0.0292485
-0.0300615
-0.0308682
-0.0316689
-0.0201888
-0.0219152
-0.0223365
-0.0230531
-0.0243529
-0.025849
-0.0272431
-0.0285028
-0.0297076
-0.0309128
-0.0321248
-0.0333299
-0.0345191
-0.0356912
-0.0368488
-0.0379941
-0.0391278
-0.0402502
-0.0413612
-0.0424613
-0.0245852
-0.0267959
-0.0274208
-0.0286537
-0.0307181
-0.0329686
-0.0350005
-0.036819
-0.0385607
-0.0402991
-0.0420321
-0.0437374
-0.0454046
-0.0470365
-0.0486395
-0.0502183
-0.0517754
-0.0533129
-0.0548328
-0.0563376
-0.0293276
-0.0321351
-0.0331458
-0.0353375
-0.0386698
-0.0421308
-0.0452473
-0.0481062
-0.0508937
-0.0536742
-0.0564252
-0.059117
-0.0617406
-0.0643001
-0.0668003
-0.0692436
-0.0716313
-0.0739648
-0.0762462
-0.0784781
-0.0340201
-0.0391007
-0.0415054
-0.0447918
-0.0490939
-0.0535595
-0.0578218
-0.0619066
-0.065881
-0.0697669
-0.0735744
-0.0773142
-0.0809907
-0.0846023
-0.0881473
-0.0916278
-0.095048
-0.0984127
-0.101726
-0.10499
-0.0334561
-0.047142
-0.0572479
-0.0641152
-0.0701919
-0.0772031
-0.0850251
-0.0927712
-0.0999686
-0.106693
-0.113161
-0.119464
-0.12558
-0.13147
-0.137119
-0.14254
-0.14775
-0.152763
-0.157591
-0.162243
0.0147296
-0.0198747
-0.0434412
-0.0532429
-0.061961
-0.074699
-0.0892914
-0.103261
-0.116206
-0.128661
-0.140951
-0.153046
-0.164813
-0.176181
-0.18714
-0.1977
-0.207869
-0.217653
-0.22706
-0.236107
0.018806
0.0180663
0.0173612
0.0166887
0.016047
0.0154345
0.0148494
0.0142904
0.0137559
0.0132447
0.0127555
0.0122872
0.0118386
0.0114087
0.0109966
0.0106014
0.0102222
0.00985827
0.00950806
0.00917193
0.0133803
0.0129961
0.0126187
0.0122486
0.0118858
0.0115307
0.0111835
0.0108442
0.010513
0.0101899
0.00987495
0.00956818
0.00926953
0.00897899
0.00869647
0.00842193
0.00815518
0.00789628
0.0076441
0.00739879
0.0083317
0.00821272
0.00808243
0.00794234
0.00779384
0.0076382
0.00747658
0.00731005
0.00713956
0.006966
0.00679016
0.00661276
0.00643445
0.0062558
0.00607734
0.00589954
0.0057227
0.0055473
0.00537229
0.00519746
0.0048643
0.00482056
0.00476524
0.00469938
0.00462398
0.00454
0.00444835
0.00434988
0.00424542
0.00413572
0.00402151
0.00390346
0.00378219
0.0036583
0.00353231
0.00340474
0.0032759
0.00314632
0.00301456
0.00287977
0.00201708
0.00198339
0.00194194
0.00189313
0.0018374
0.0017752
0.00170698
0.00163321
0.00155434
0.00147084
0.00138316
0.00129175
0.00119702
0.00109942
0.000999306
0.000897108
0.000792986
0.000687393
0.00057846
0.00046452
-0.000127585
-0.000189291
-0.000255453
-0.00032599
-0.000400784
-0.00047969
-0.000562533
-0.000649119
-0.000739233
-0.000832647
-0.000929123
-0.00102841
-0.00113026
-0.00123442
-0.00134065
-0.00144866
-0.00155844
-0.00166969
-0.00178474
-0.00190644
-0.00224622
-0.00234928
-0.00245428
-0.00256127
-0.00267029
-0.00278134
-0.00289437
-0.00300934
-0.00312619
-0.00324483
-0.00336515
-0.00348704
-0.00361038
-0.00373501
-0.00386084
-0.00398768
-0.00411563
-0.00424464
-0.00437744
-0.00451892
-0.00440521
-0.00455757
-0.00471034
-0.00486364
-0.00501757
-0.0051722
-0.00532761
-0.00548382
-0.00564088
-0.0057988
-0.00595758
-0.00611721
-0.00627766
-0.00643891
-0.00660094
-0.00676369
-0.00692738
-0.00709223
-0.00726144
-0.00744284
-0.00689548
-0.00710685
-0.00731749
-0.00752754
-0.00773714
-0.00794641
-0.00815546
-0.00836437
-0.00857325
-0.00878216
-0.00899116
-0.00920031
-0.00940965
-0.00961921
-0.00982903
-0.0100392
-0.0102498
-0.0104618
-0.0106785
-0.0109124
-0.00986669
-0.0101469
-0.0104255
-0.0107027
-0.0109787
-0.0112535
-0.0115273
-0.0118003
-0.0120726
-0.0123444
-0.0126157
-0.0128867
-0.0131575
-0.0134282
-0.0136988
-0.0139695
-0.0142407
-0.0145136
-0.0147924
-0.0150963
-0.0135951
-0.0139602
-0.0143231
-0.0146839
-0.0150428
-0.0154001
-0.0157558
-0.0161103
-0.0164637
-0.0168162
-0.017168
-0.0175192
-0.0178701
-0.0182209
-0.0185717
-0.0189229
-0.019275
-0.0196304
-0.0199942
-0.0203959
-0.0183254
-0.0187955
-0.0192631
-0.0197285
-0.0201918
-0.0206535
-0.0211138
-0.0215731
-0.0220316
-0.0224898
-0.0229479
-0.0234062
-0.0238652
-0.0243252
-0.0247864
-0.0252496
-0.0257152
-0.0261874
-0.0266726
-0.0272149
-0.0245159
-0.0251264
-0.0257337
-0.0263381
-0.0269399
-0.0275394
-0.028137
-0.028733
-0.0293278
-0.0299218
-0.0305155
-0.0311091
-0.0317032
-0.0322983
-0.0328946
-0.0334933
-0.034095
-0.0347061
-0.0353351
-0.0360481
-0.0324641
-0.0332544
-0.0340403
-0.0348224
-0.0356013
-0.0363776
-0.0371519
-0.0379248
-0.0386968
-0.0394687
-0.0402409
-0.0410139
-0.0417884
-0.0425649
-0.0433438
-0.0441268
-0.0449141
-0.0457172
-0.0465474
-0.0475129
-0.0435511
-0.0446311
-0.045702
-0.0467644
-0.0478192
-0.0488669
-0.0499087
-0.0509454
-0.0519782
-0.0530082
-0.0540368
-0.0550655
-0.0560956
-0.0571294
-0.0581682
-0.0592168
-0.060277
-0.0613716
-0.0625221
-0.0639083
-0.0578299
-0.0593123
-0.0607872
-0.0622571
-0.0637242
-0.0651909
-0.0666595
-0.0681321
-0.069611
-0.0710986
-0.0725969
-0.0741084
-0.075635
-0.0771796
-0.0787433
-0.0803322
-0.081946
-0.0836181
-0.085372
-0.0874752
-0.0806636
-0.0828058
-0.0849081
-0.086974
-0.0890071
-0.0910107
-0.0929884
-0.0949437
-0.09688
-0.0988006
-0.100709
-0.102608
-0.104501
-0.106392
-0.108286
-0.110193
-0.112126
-0.114144
-0.116342
-0.119155
-0.108211
-0.11139
-0.114534
-0.117647
-0.120734
-0.123799
-0.126848
-0.129887
-0.132921
-0.135958
-0.139004
-0.142067
-0.145152
-0.148268
-0.151411
-0.154598
-0.157818
-0.161157
-0.164714
-0.169222
-0.166731
-0.171068
-0.175267
-0.179339
-0.183293
-0.187138
-0.190881
-0.194528
-0.198086
-0.201561
-0.20496
-0.208294
-0.211575
-0.214839
-0.218108
-0.221506
-0.2251
-0.22935
-0.234648
-0.243105
-0.244818
-0.253227
-0.261374
-0.269303
-0.277061
-0.284699
-0.292269
-0.299833
-0.307451
-0.315188
-0.323103
-0.33126
-0.339686
-0.348442
-0.357445
-0.366794
-0.37615
-0.386111
-0.396002
-0.409477
0.00635067
0.00351435
0.00224985
0.0020724
0.00248584
0.00332724
0.00441886
0.00567347
0.00677422
0.00767636
0.00832575
0.0085829
0.00860854
0.00830277
0.00747893
0.00631332
0.00521817
0.00407365
0.00249297
0.000775658
0.00529863
0.00292612
0.00185409
0.00178096
0.00228445
0.0032071
0.00433219
0.00562312
0.00683575
0.00788397
0.00853461
0.00865934
0.00861495
0.0083623
0.00763258
0.00652163
0.0053715
0.00405649
0.00241327
0.000776603
0.00363414
0.00184482
0.00110645
0.00122257
0.00188508
0.00300194
0.00427576
0.00564957
0.00692917
0.00810868
0.0088471
0.00898276
0.00893214
0.00856075
0.00772405
0.00668119
0.00561172
0.00421151
0.00242761
0.000756252
0.00161906
0.000355361
4.5866e-05
0.000436469
0.00130043
0.0026863
0.00424554
0.00584368
0.00718916
0.00836785
0.0091142
0.00941427
0.00959542
0.00907629
0.00789915
0.0067832
0.00579685
0.00441044
0.00255246
0.000784154
-0.000636696
-0.00150643
-0.00134169
-0.00053657
0.00064503
0.00228408
0.00409118
0.00607229
0.00774157
0.00897717
0.00948274
0.00975585
0.0102404
0.00976194
0.00841211
0.00719667
0.00605445
0.00445894
0.00257763
0.000864708
-0.00309239
-0.00370714
-0.00310252
-0.00179567
-1.26271e-05
0.00202681
0.00390875
0.00613099
0.00830897
0.00995576
0.0103127
0.0103701
0.0108466
0.0102329
0.00896221
0.00794471
0.0066292
0.0046157
0.00252481
0.000875772
-0.00587416
-0.00625343
-0.00516707
-0.00341223
-0.000905155
0.00188871
0.00409387
0.00638421
0.00869499
0.0107108
0.0113458
0.01168
0.0120199
0.010698
0.00928088
0.00858806
0.00726812
0.00502071
0.00266615
0.000877644
-0.00913658
-0.00932185
-0.00753698
-0.00508573
-0.00195261
0.00136881
0.00432698
0.00734595
0.00967623
0.0112601
0.0118424
0.0131059
0.0138474
0.011757
0.0098992
0.00917384
0.00767254
0.0053382
0.00292554
0.00101004
-0.0130351
-0.013099
-0.0105886
-0.0067883
-0.00243391
0.000807852
0.00386839
0.00815479
0.0115483
0.0127523
0.0124471
0.0141218
0.01528
0.0130103
0.0112532
0.0102719
0.00815493
0.00552637
0.00307576
0.00118354
-0.0177784
-0.0175627
-0.0144455
-0.00910784
-0.00253307
0.00121292
0.00373304
0.00818949
0.0127412
0.014692
0.0144218
0.0161119
0.016278
0.0134827
0.0125499
0.011797
0.00911294
0.00594724
0.00323464
0.00137957
-0.0238538
-0.0229887
-0.0185606
-0.0115742
-0.0033305
0.00147138
0.004999
0.00941069
0.013361
0.0151102
0.0163605
0.0196139
0.0183296
0.0140255
0.013235
0.012769
0.0102386
0.00676482
0.00368353
0.00180557
-0.0317945
-0.0303546
-0.0232536
-0.0123874
-0.00338087
-8.15254e-05
0.00515263
0.0120519
0.0159696
0.0155186
0.0171836
0.0223374
0.0206093
0.0157331
0.014375
0.0130866
0.0109389
0.00758162
0.00463412
0.00274579
-0.0419556
-0.0400869
-0.0300295
-0.0122008
-0.000149513
-0.000550992
0.00310903
0.0121618
0.0186718
0.0179908
0.0200228
0.0246014
0.0210618
0.0169589
0.0157328
0.0132862
0.0115157
0.0080246
0.00623721
0.00442117
-0.0553197
-0.0514783
-0.037805
-0.0130913
0.00345258
0.00161341
0.00324982
0.0107835
0.0175953
0.0184894
0.0248366
0.0292827
0.0219006
0.0169551
0.0146882
0.0117738
0.0119799
0.00814288
0.00901594
0.00712538
-0.0750826
-0.0662066
-0.0421453
-0.0104587
0.00358639
0.000285216
0.00457203
0.0109766
0.0156344
0.0159396
0.0269315
0.0328811
0.0237629
0.0185507
0.0114968
0.00560677
0.0100525
0.00738541
0.0134832
0.0113853
-0.103696
-0.0906147
-0.0472089
0.0043027
0.0110082
-0.0101113
-0.00137217
0.0106026
0.0121318
0.0120602
0.026655
0.0323497
0.0201006
0.0162403
0.0064208
-0.00300303
0.00545815
0.00415899
0.0180041
0.0172006
-0.142368
-0.120098
-0.0593198
0.0128115
0.0273085
-0.00967718
-0.0204063
-0.0062518
0.00549786
0.00986218
0.0205326
0.0207033
0.00774499
0.00627483
-0.0052019
-0.0161646
-0.00274451
0.00529051
0.0239121
0.0166652
-0.204772
-0.157397
-0.0566007
0.0242312
0.0147329
-0.0206566
-0.0225125
-0.0234894
-0.026575
-0.0111834
0.010977
0.000946627
-0.0189907
-0.0154302
-0.0138746
-0.0204356
-0.0137179
0.00200552
0.0207135
0.00971502
-0.312178
-0.224336
-0.0553719
0.0595143
0.0239368
-0.0485153
-0.0569646
-0.051323
-0.0391096
-0.00851728
-0.00623636
-0.0521383
-0.0719036
-0.052378
-0.0284777
-0.0208292
-0.024787
-0.00321664
0.0131029
0.00213542
-0.464605
-0.341462
-0.122471
0.0579333
0.0338996
-0.0513316
-0.0787106
-0.0777605
-0.0588311
-0.0354382
-0.0591003
-0.112944
-0.115101
-0.0824104
-0.0447343
-0.0228988
-0.0331563
-0.0162832
-0.00480764
-0.00436355
-0.561134
-0.386795
-0.157841
-0.0067658
-0.0660059
-0.0468758
-0.0585679
-0.094977
-0.092536
-0.0586723
-0.0864691
-0.133541
-0.127712
-0.0914925
-0.0514705
-0.0306155
-0.0423299
-0.0270042
-0.0197876
-0.00639269
-0.575113
-0.385417
-0.156277
-0.016561
-0.0835569
-0.0476324
-0.0571465
-0.0981229
-0.0966931
-0.0618229
-0.0912209
-0.13655
-0.129159
-0.0925451
-0.0524994
-0.03216
-0.0439063
-0.0286941
-0.0220293
-0.0066208
-0.58222
-0.37926
-0.152912
-0.024135
-0.101589
-0.0483294
-0.0567363
-0.100937
-0.0981808
-0.0635649
-0.094369
-0.138912
-0.130209
-0.0934241
-0.0536107
-0.0338438
-0.0454569
-0.0302846
-0.0235074
-0.00672599
-0.5871
-0.378189
-0.157133
-0.0326042
-0.119439
-0.0487359
-0.0563544
-0.103528
-0.099451
-0.0650315
-0.0960529
-0.140878
-0.131035
-0.0941797
-0.054785
-0.0356356
-0.0470408
-0.0319496
-0.0247701
-0.00678705
-0.590793
-0.379567
-0.164805
-0.0418186
-0.136452
-0.0489713
-0.0560676
-0.10615
-0.101206
-0.0666983
-0.097324
-0.142568
-0.131605
-0.0947947
-0.0560193
-0.0375316
-0.0486705
-0.0337046
-0.0261083
-0.00682012
-0.592846
-0.380976
-0.172253
-0.0510113
-0.151951
-0.0491581
-0.055986
-0.108849
-0.103182
-0.0684883
-0.0985012
-0.143947
-0.131897
-0.0952627
-0.0573099
-0.0395245
-0.0503401
-0.035529
-0.0275243
-0.00681735
-0.593258
-0.382337
-0.17888
-0.0599751
-0.165357
-0.0494065
-0.0561424
-0.111597
-0.105152
-0.0702661
-0.0994652
-0.14497
-0.131913
-0.0955804
-0.0586516
-0.0416037
-0.0520455
-0.0374123
-0.0289601
-0.00677436
-0.592366
-0.383976
-0.184916
-0.0688476
-0.176274
-0.0498022
-0.056553
-0.114392
-0.107086
-0.0719824
-0.100096
-0.145614
-0.131658
-0.0957453
-0.0600379
-0.0437572
-0.0537843
-0.0393513
-0.0303903
-0.00669199
-0.590425
-0.385854
-0.190253
-0.0778826
-0.184522
-0.0504035
-0.0572326
-0.117244
-0.109011
-0.0736292
-0.100368
-0.145868
-0.131142
-0.0957555
-0.0614608
-0.0459725
-0.0555541
-0.041343
-0.0318134
-0.00657222
-0.587524
-0.387779
-0.194619
-0.0874267
-0.19014
-0.0512421
-0.0581917
-0.120164
-0.110935
-0.0751969
-0.100289
-0.145721
-0.13038
-0.0956104
-0.0629108
-0.0482361
-0.0573516
-0.043383
-0.0332306
-0.00641656
-0.583635
-0.389624
-0.197899
-0.0978957
-0.193358
-0.0523255
-0.0594352
-0.123162
-0.112846
-0.0766678
-0.0998685
-0.145166
-0.129384
-0.0953101
-0.0643771
-0.0505335
-0.0591728
-0.0454658
-0.0346393
-0.00622615
-0.578674
-0.391363
-0.2002
-0.109673
-0.194552
-0.0536415
-0.0609617
-0.126244
-0.114729
-0.0780224
-0.0991109
-0.144199
-0.128174
-0.0948564
-0.0658476
-0.0528496
-0.0610131
-0.0475855
-0.0360343
-0.00600217
-0.572531
-0.393036
-0.201756
-0.12296
-0.194187
-0.0551639
-0.0627636
-0.129416
-0.116576
-0.0792427
-0.0980253
-0.14282
-0.126766
-0.0942518
-0.0673093
-0.0551688
-0.0628673
-0.0497352
-0.0374102
-0.00574588
-0.565087
-0.394689
-0.202825
-0.137628
-0.192748
-0.0568569
-0.0648276
-0.132681
-0.118376
-0.0803133
-0.0966271
-0.141039
-0.125179
-0.0935001
-0.0687479
-0.0574752
-0.0647293
-0.0519076
-0.0387616
-0.00545865
-0.556228
-0.396301
-0.203614
-0.153141
-0.190671
-0.0586802
-0.0671343
-0.136041
-0.120123
-0.0812214
-0.0949378
-0.13887
-0.123433
-0.0926064
-0.0701488
-0.059753
-0.0665923
-0.0540948
-0.0400828
-0.0051419
-0.545825
-0.397709
-0.204239
-0.168617
-0.188294
-0.0605908
-0.0696592
-0.139491
-0.121811
-0.0819574
-0.0929838
-0.136335
-0.121547
-0.0915765
-0.0714969
-0.0619863
-0.068449
-0.0562879
-0.0413681
-0.00479719
-0.533735
-0.398595
-0.204766
-0.183037
-0.18584
-0.0625446
-0.0723728
-0.143022
-0.123436
-0.0825145
-0.0907949
-0.133463
-0.119538
-0.0904174
-0.0727766
-0.0641597
-0.0702913
-0.0584777
-0.0426115
-0.00442622
-0.519796
-0.398552
-0.205304
-0.195539
-0.183423
-0.0644966
-0.0752409
-0.146614
-0.124992
-0.0828898
-0.0884038
-0.130287
-0.117424
-0.0891373
-0.0739726
-0.0662579
-0.0721101
-0.060654
-0.0438069
-0.00403092
-0.503871
-0.397232
-0.206115
-0.205668
-0.181086
-0.0664004
-0.0782272
-0.150242
-0.126479
-0.0830836
-0.0858452
-0.126844
-0.115223
-0.0877442
-0.0750707
-0.0682672
-0.0738963
-0.0628062
-0.0449484
-0.00361346
-0.4859
-0.394484
-0.207653
-0.213457
-0.178827
-0.0682088
-0.0812918
-0.15387
-0.127894
-0.0830999
-0.0831542
-0.123175
-0.112948
-0.0862466
-0.0760567
-0.0701738
-0.0756396
-0.0649228
-0.0460299
-0.00317638
)
;

boundaryField
{
    inlet
    {
        type            zeroGradient;
    }
    outlet
    {
        type            fixedValue;
        value           uniform 0;
    }
    cylinder
    {
        type            zeroGradient;
    }
    top
    {
        type            symmetryPlane;
    }
    bottom
    {
        type            symmetryPlane;
    }
    defaultFaces
    {
        type            empty;
    }
}


// ************************************************************************* //
