1.22 	3.45254e-18 	-6.98323e-18 	0.799004 	-0.00543288 	3.56188e-23
1.66 	3.45254e-18 	-6.96118e-18 	0.887905 	-0.00236959 	3.03909e-24
2.1 	3.45254e-18 	-6.93894e-18 	0.929629 	-0.00120358 	4.59825e-23
2.54 	3.45254e-18 	-8.30431e-18 	0.954222 	-0.000663758 	-1.22975e-24
2.98 	3.45254e-18 	-8.28171e-18 	0.967952 	-0.000400555 	-4.78829e-24
3.42 	3.45254e-18 	-6.87115e-18 	0.976753 	-0.000257635 	-2.32477e-25
3.86 	3.45254e-18 	-6.84819e-18 	0.982602 	-0.000174152 	6.05128e-25
4.3 	3.45254e-18 	-6.82504e-18 	0.986672 	-0.000122951 	4.44119e-24
4.74 	3.45254e-18 	-5.41391e-18 	0.989603 	-8.9029e-05 	-3.35311e-24
5.18 	3.45254e-18 	-2.61482e-18 	0.991766 	-6.78354e-05 	-2.12984e-24
5.62 	3.45254e-18 	-1.2033e-18 	0.993411 	-5.02195e-05 	1.02164e-24
6.06 	3.45254e-18 	-1.17937e-18 	0.994673 	-4.0186e-05 	2.91313e-24
6.5 	3.45254e-18 	-1.15524e-18 	0.995658 	-3.0559e-05 	-1.62985e-24
