1.275 	2.15223e-18 	-2.76991e-20 	-0.134564 	-0.00795692 	-2.52698e-22
1.825 	2.15223e-18 	-1.39322e-20 	-0.267498 	-0.0361977 	3.43727e-21
2.375 	2.15223e-18 	1.38775e-18 	-0.299226 	-0.0251769 	-1.54929e-21
2.925 	2.15223e-18 	2.78958e-18 	-0.434935 	0.0610291 	1.41735e-22
3.475 	2.15223e-18 	4.53849e-18 	-0.392683 	0.137264 	-1.29552e-21
4.025 	2.15223e-18 	6.28755e-18 	-0.336293 	0.102148 	-1.24131e-22
4.575 	2.15223e-18 	6.30203e-18 	-0.123672 	0.00357936 	1.66569e-21
5.125 	2.15223e-18 	6.31666e-18 	-0.0581944 	-0.0899029 	-1.20116e-21
5.675 	2.15223e-18 	6.33144e-18 	0.0360612 	-0.15264 	-1.45117e-22
6.225 	2.15223e-18 	4.61166e-18 	0.0690255 	-0.137483 	-1.65506e-22
