1.22 	3.45254e-18 	-6.98323e-18 	-0.117893 	-0.0276554 	-4.40409e-22
1.66 	3.45254e-18 	-6.96118e-18 	-0.23239 	-0.0904237 	-2.07373e-23
2.1 	3.45254e-18 	-6.93894e-18 	-0.246332 	-0.125866 	-1.2652e-21
2.54 	3.45254e-18 	-8.30431e-18 	-0.295116 	0.00875553 	1.32992e-24
2.98 	3.45254e-18 	-8.28171e-18 	-0.246748 	0.251053 	1.20968e-21
3.42 	3.45254e-18 	-6.87115e-18 	-0.302626 	0.389798 	1.30676e-21
3.86 	3.45254e-18 	-6.84819e-18 	-0.188916 	0.294785 	3.09307e-22
4.3 	3.45254e-18 	-6.82504e-18 	-0.0184345 	0.0311678 	1.41802e-21
4.74 	3.45254e-18 	-5.41391e-18 	0.113815 	-0.192272 	-8.51546e-22
5.18 	3.45254e-18 	-2.61482e-18 	0.129169 	-0.321459 	-3.82751e-22
5.62 	3.45254e-18 	-1.2033e-18 	0.0873234 	-0.381464 	1.42433e-22
6.06 	3.45254e-18 	-1.17937e-18 	0.0506351 	-0.339787 	3.18775e-22
6.5 	3.45254e-18 	-1.15524e-18 	0.174716 	-0.181362 	-1.85216e-22
