1.275 	2.15223e-18 	-2.76991e-20 	-0.139458 	0.00130872 	-2.55121e-22
1.825 	2.15223e-18 	-1.39322e-20 	-0.26364 	0.00175363 	3.43516e-21
2.375 	2.15223e-18 	1.38775e-18 	-0.340717 	0.020732 	-1.64326e-21
2.925 	2.15223e-18 	2.78958e-18 	-0.462298 	0.0325903 	1.87572e-22
3.475 	2.15223e-18 	4.53849e-18 	-0.374573 	0.0154782 	-1.19782e-21
4.025 	2.15223e-18 	6.28755e-18 	-0.326372 	-0.0183801 	-1.01185e-22
4.575 	2.15223e-18 	6.30203e-18 	-0.164384 	-0.041282 	1.37367e-21
5.125 	2.15223e-18 	6.31666e-18 	-0.104441 	-0.0448266 	-9.01038e-22
5.675 	2.15223e-18 	6.33144e-18 	0.0147338 	-0.0333357 	-9.95136e-23
6.225 	2.15223e-18 	4.61166e-18 	0.0950907 	-0.00746345 	-1.00409e-22
