1.275 	2.15223e-18 	-2.76991e-20 	-0.105648 	0.0274597 	-2.9735e-22
1.825 	2.15223e-18 	-1.39322e-20 	-0.244065 	0.225343 	4.08379e-21
2.375 	2.15223e-18 	1.38775e-18 	-0.151665 	0.241473 	-1.90794e-21
2.925 	2.15223e-18 	2.78958e-18 	0.0519415 	-0.117194 	2.63429e-22
3.475 	2.15223e-18 	4.53849e-18 	0.0928595 	-0.478773 	-1.27794e-21
4.025 	2.15223e-18 	6.28755e-18 	-0.166216 	-0.521431 	-6.69682e-23
4.575 	2.15223e-18 	6.30203e-18 	0.29617 	-0.166957 	1.94273e-21
5.125 	2.15223e-18 	6.31666e-18 	0.490673 	0.209977 	-2.18734e-21
5.675 	2.15223e-18 	6.33144e-18 	0.553356 	0.442537 	-3.55867e-22
6.225 	2.15223e-18 	4.61166e-18 	0.379085 	0.518611 	-5.3626e-22
