1.22 	3.45254e-18 	-6.98323e-18 	-0.464883 	0.00768353 	-7.61597e-22
1.66 	3.45254e-18 	-6.96118e-18 	-0.521092 	-0.00500076 	-6.67751e-23
2.1 	3.45254e-18 	-6.93894e-18 	-0.179753 	-0.00976048 	-6.90009e-22
2.54 	3.45254e-18 	-8.30431e-18 	0.0205508 	-0.00837619 	1.30881e-23
2.98 	3.45254e-18 	-8.28171e-18 	0.279855 	-0.00784158 	-1.95559e-22
3.42 	3.45254e-18 	-6.87115e-18 	0.457723 	-0.00596936 	-3.36886e-22
3.86 	3.45254e-18 	-6.84819e-18 	0.606452 	-0.0045042 	-6.96037e-23
4.3 	3.45254e-18 	-6.82504e-18 	0.709163 	-0.00329302 	-2.81986e-22
4.74 	3.45254e-18 	-5.41391e-18 	0.78934 	-0.00248145 	1.59904e-22
5.18 	3.45254e-18 	-2.61482e-18 	0.849855 	-0.00183983 	8.03666e-23
5.62 	3.45254e-18 	-1.2033e-18 	0.895339 	-0.00132124 	-3.28443e-23
6.06 	3.45254e-18 	-1.17937e-18 	0.927781 	-0.000911747 	-8.2051e-23
6.5 	3.45254e-18 	-1.15524e-18 	0.95025 	-0.000610635 	3.7578e-23
