1.22 	3.45254e-18 	-6.98323e-18 	-0.123132 	0.0091821 	-4.19649e-22
1.66 	3.45254e-18 	-6.96118e-18 	-0.243651 	0.0119962 	-2.1194e-23
2.1 	3.45254e-18 	-6.93894e-18 	-0.264537 	0.00442008 	-1.19217e-21
2.54 	3.45254e-18 	-8.30431e-18 	-0.341375 	-0.0178944 	8.41398e-24
2.98 	3.45254e-18 	-8.28171e-18 	-0.388109 	-0.0415548 	1.31744e-21
3.42 	3.45254e-18 	-6.87115e-18 	-0.435315 	-0.0420909 	1.42908e-21
3.86 	3.45254e-18 	-6.84819e-18 	-0.359126 	-0.016004 	2.81078e-22
4.3 	3.45254e-18 	-6.82504e-18 	-0.309507 	0.0174119 	9.95725e-22
4.74 	3.45254e-18 	-5.41391e-18 	-0.198536 	0.0404514 	-4.99472e-22
5.18 	3.45254e-18 	-2.61482e-18 	-0.126641 	0.0456723 	-2.00236e-22
5.62 	3.45254e-18 	-1.2033e-18 	-0.0255209 	0.0367033 	6.64235e-23
6.06 	3.45254e-18 	-1.17937e-18 	0.0522096 	0.0209575 	1.07339e-22
6.5 	3.45254e-18 	-1.15524e-18 	0.139894 	0.00233828 	-1.36105e-23
