1.22 	3.45254e-18 	-6.98323e-18 	-0.0726061 	-0.550925 	-1.33484e-21
1.66 	3.45254e-18 	-6.96118e-18 	0.141733 	-0.261557 	-4.96694e-23
2.1 	3.45254e-18 	-6.93894e-18 	0.652713 	0.361539 	-3.38818e-21
2.54 	3.45254e-18 	-8.30431e-18 	0.732697 	0.616786 	2.21341e-24
2.98 	3.45254e-18 	-8.28171e-18 	0.583392 	0.710324 	1.08544e-21
3.42 	3.45254e-18 	-6.87115e-18 	0.682647 	0.342639 	9.60569e-22
3.86 	3.45254e-18 	-6.84819e-18 	0.912313 	-0.117123 	3.60864e-22
4.3 	3.45254e-18 	-6.82504e-18 	1.01225 	-0.438457 	1.77808e-21
4.74 	3.45254e-18 	-5.41391e-18 	0.930147 	-0.58879 	-8.52837e-22
5.18 	3.45254e-18 	-2.61482e-18 	0.898178 	-0.554107 	-4.07632e-22
5.62 	3.45254e-18 	-1.2033e-18 	0.968164 	-0.342029 	2.32793e-22
6.06 	3.45254e-18 	-1.17937e-18 	1.03598 	0.0412986 	1.02573e-21
6.5 	3.45254e-18 	-1.15524e-18 	1.04342 	0.245337 	-5.90144e-22
