1.22 	3.45254e-18 	-6.98323e-18 	0.0184263 	0.529278 	-1.24621e-21
1.66 	3.45254e-18 	-6.96118e-18 	-0.147854 	0.485158 	-6.63689e-23
2.1 	3.45254e-18 	-6.93894e-18 	0.575347 	-0.151382 	-3.0702e-21
2.54 	3.45254e-18 	-8.30431e-18 	0.784118 	-0.51103 	-3.16971e-23
2.98 	3.45254e-18 	-8.28171e-18 	0.726795 	-0.691546 	1.33224e-21
3.42 	3.45254e-18 	-6.87115e-18 	0.672318 	-0.578095 	8.73698e-22
3.86 	3.45254e-18 	-6.84819e-18 	0.829797 	-0.166741 	2.78334e-22
4.3 	3.45254e-18 	-6.82504e-18 	0.993138 	0.255092 	1.84147e-21
4.74 	3.45254e-18 	-5.41391e-18 	0.991082 	0.488378 	-1.05268e-21
5.18 	3.45254e-18 	-2.61482e-18 	0.921085 	0.577231 	-4.59793e-22
5.62 	3.45254e-18 	-1.2033e-18 	0.931177 	0.526614 	2.06065e-22
6.06 	3.45254e-18 	-1.17937e-18 	1.00939 	0.172096 	7.66697e-22
6.5 	3.45254e-18 	-1.15524e-18 	1.03928 	-0.0837343 	-5.7887e-22
