1.22 	3.45254e-18 	-6.98323e-18 	-0.168462 	0.00572833 	-8.86862e-22
1.66 	3.45254e-18 	-6.96118e-18 	-0.311778 	0.0030466 	-3.1544e-23
2.1 	3.45254e-18 	-6.93894e-18 	-0.432554 	-0.000966808 	-2.87207e-21
2.54 	3.45254e-18 	-8.30431e-18 	-0.542661 	-0.00617909 	-6.96634e-23
2.98 	3.45254e-18 	-8.28171e-18 	-0.423475 	-0.00530792 	2.32883e-21
3.42 	3.45254e-18 	-6.87115e-18 	-0.356766 	-0.00118631 	1.91724e-21
3.86 	3.45254e-18 	-6.84819e-18 	-0.176972 	0.000950342 	2.71065e-22
4.3 	3.45254e-18 	-6.82504e-18 	-0.0700304 	0.00155006 	5.30269e-22
4.74 	3.45254e-18 	-5.41391e-18 	0.0785254 	-4.75043e-05 	-9.35863e-23
5.18 	3.45254e-18 	-2.61482e-18 	0.187871 	-0.00175231 	8.26569e-23
5.62 	3.45254e-18 	-1.2033e-18 	0.297622 	-0.00337833 	-6.20613e-23
6.06 	3.45254e-18 	-1.17937e-18 	0.382344 	-0.00434953 	-2.50852e-22
6.5 	3.45254e-18 	-1.15524e-18 	0.458609 	-0.00478607 	1.6103e-22
