1.275 	2.15223e-18 	-2.76991e-20 	-0.0827631 	-0.0417091 	-3.66357e-22
1.825 	2.15223e-18 	-1.39322e-20 	-0.165621 	0.396113 	4.53837e-21
2.375 	2.15223e-18 	1.38775e-18 	-0.119195 	0.45233 	-1.76548e-21
2.925 	2.15223e-18 	2.78958e-18 	0.440107 	-0.0327256 	1.7435e-22
3.475 	2.15223e-18 	4.53849e-18 	0.725607 	-0.433986 	-1.25805e-21
4.025 	2.15223e-18 	6.28755e-18 	0.487771 	-0.628433 	5.45741e-23
4.575 	2.15223e-18 	6.30203e-18 	0.5957 	-0.422416 	9.40845e-22
5.125 	2.15223e-18 	6.31666e-18 	0.861491 	0.0875586 	-1.81598e-21
5.675 	2.15223e-18 	6.33144e-18 	0.855726 	0.483642 	-4.01477e-22
6.225 	2.15223e-18 	4.61166e-18 	0.742826 	0.593106 	-5.31554e-22
