1.22 	3.45254e-18 	-6.98323e-18 	-0.100075 	-0.0871267 	-5.27027e-22
1.66 	3.45254e-18 	-6.96118e-18 	-0.207177 	-0.114038 	-2.74405e-23
2.1 	3.45254e-18 	-6.93894e-18 	-0.125859 	0.168858 	-1.41611e-21
2.54 	3.45254e-18 	-8.30431e-18 	-0.191227 	0.517613 	-5.43009e-24
2.98 	3.45254e-18 	-8.28171e-18 	-0.0148296 	0.399087 	1.1941e-21
3.42 	3.45254e-18 	-6.87115e-18 	0.300999 	-0.0679061 	1.48068e-21
3.86 	3.45254e-18 	-6.84819e-18 	0.429138 	-0.382417 	3.05874e-22
4.3 	3.45254e-18 	-6.82504e-18 	0.37266 	-0.581738 	1.00811e-21
4.74 	3.45254e-18 	-5.41391e-18 	0.236835 	-0.610833 	-6.09434e-22
5.18 	3.45254e-18 	-2.61482e-18 	0.369176 	-0.298292 	-4.12068e-22
5.62 	3.45254e-18 	-1.2033e-18 	0.515367 	0.100405 	2.37665e-22
6.06 	3.45254e-18 	-1.17937e-18 	0.628762 	0.357352 	6.98053e-22
6.5 	3.45254e-18 	-1.15524e-18 	0.627 	0.50083 	-3.17162e-22
