1.22 	3.45254e-18 	-6.98323e-18 	-0.116044 	0.0285794 	-4.6666e-22
1.66 	3.45254e-18 	-6.96118e-18 	-0.233584 	-0.00347491 	-2.48666e-23
2.1 	3.45254e-18 	-6.93894e-18 	-0.235085 	-0.173563 	-1.28182e-21
2.54 	3.45254e-18 	-8.30431e-18 	-0.301898 	-0.326697 	6.4348e-24
2.98 	3.45254e-18 	-8.28171e-18 	-0.174875 	-0.202705 	1.32919e-21
3.42 	3.45254e-18 	-6.87115e-18 	-0.0374013 	0.128043 	1.4968e-21
3.86 	3.45254e-18 	-6.84819e-18 	0.00966775 	0.38817 	2.99253e-22
4.3 	3.45254e-18 	-6.82504e-18 	-0.0889429 	0.506834 	1.10035e-21
4.74 	3.45254e-18 	-5.41391e-18 	-0.0326924 	0.406699 	-7.35078e-22
5.18 	3.45254e-18 	-2.61482e-18 	0.171851 	0.119586 	-4.8193e-22
5.62 	3.45254e-18 	-1.2033e-18 	0.32058 	-0.138545 	2.27112e-22
6.06 	3.45254e-18 	-1.17937e-18 	0.403337 	-0.296805 	5.96468e-22
6.5 	3.45254e-18 	-1.15524e-18 	0.387515 	-0.380081 	-2.20513e-22
