1.22 	3.45254e-18 	-6.98323e-18 	-0.16881 	0.00566215 	-8.87284e-22
1.66 	3.45254e-18 	-6.96118e-18 	-0.312664 	0.00289469 	-3.14965e-23
2.1 	3.45254e-18 	-6.93894e-18 	-0.433984 	-0.00106947 	-2.87747e-21
2.54 	3.45254e-18 	-8.30431e-18 	-0.543156 	-0.00600196 	-6.9978e-23
2.98 	3.45254e-18 	-8.28171e-18 	-0.422649 	-0.00494308 	2.32257e-21
3.42 	3.45254e-18 	-6.87115e-18 	-0.35548 	-0.000917113 	1.90939e-21
3.86 	3.45254e-18 	-6.84819e-18 	-0.175439 	0.00103005 	2.69251e-22
4.3 	3.45254e-18 	-6.82504e-18 	-0.0680984 	0.00144592 	5.22365e-22
4.74 	3.45254e-18 	-5.41391e-18 	0.0805698 	-0.000261246 	-8.91693e-23
5.18 	3.45254e-18 	-2.61482e-18 	0.19006 	-0.0019835 	8.46249e-23
5.62 	3.45254e-18 	-1.2033e-18 	0.299749 	-0.00357186 	-6.2784e-23
6.06 	3.45254e-18 	-1.17937e-18 	0.384424 	-0.00447757 	-2.52296e-22
6.5 	3.45254e-18 	-1.15524e-18 	0.460545 	-0.00484449 	1.61491e-22
