1.22 	3.45254e-18 	-6.98323e-18 	-0.122726 	0.0146752 	-7.77726e-22
1.66 	3.45254e-18 	-6.96118e-18 	-0.243975 	0.0174633 	-3.94948e-23
2.1 	3.45254e-18 	-6.93894e-18 	-0.264034 	-0.007923 	-2.21182e-21
2.54 	3.45254e-18 	-8.30431e-18 	-0.341168 	-0.0586907 	1.51377e-23
2.98 	3.45254e-18 	-8.28171e-18 	-0.387695 	-0.0942822 	2.4279e-21
3.42 	3.45254e-18 	-6.87115e-18 	-0.428869 	-0.0660384 	2.63097e-21
3.86 	3.45254e-18 	-6.84819e-18 	-0.341545 	0.00610834 	5.19379e-22
4.3 	3.45254e-18 	-6.82504e-18 	-0.290306 	0.0710645 	1.83782e-21
4.74 	3.45254e-18 	-5.41391e-18 	-0.187367 	0.104601 	-9.21889e-22
5.18 	3.45254e-18 	-2.61482e-18 	-0.120216 	0.0970316 	-3.7292e-22
5.62 	3.45254e-18 	-1.2033e-18 	-0.0149855 	0.0634608 	1.27227e-22
6.06 	3.45254e-18 	-1.17937e-18 	0.0710631 	0.0221556 	2.2643e-22
6.5 	3.45254e-18 	-1.15524e-18 	0.165702 	-0.0185234 	-4.44439e-23
