1.22 	3.45254e-18 	-6.98323e-18 	-0.122244 	0.0162273 	-7.75457e-22
1.66 	3.45254e-18 	-6.96118e-18 	-0.241759 	0.0330271 	-3.87123e-23
2.1 	3.45254e-18 	-6.93894e-18 	-0.262518 	0.0361137 	-2.21781e-21
2.54 	3.45254e-18 	-8.30431e-18 	-0.334534 	-0.00676791 	9.01462e-24
2.98 	3.45254e-18 	-8.28171e-18 	-0.37302 	-0.0824971 	2.42569e-21
3.42 	3.45254e-18 	-6.87115e-18 	-0.423727 	-0.128916 	2.61058e-21
3.86 	3.45254e-18 	-6.84819e-18 	-0.349232 	-0.100035 	5.18029e-22
4.3 	3.45254e-18 	-6.82504e-18 	-0.286046 	-0.0195129 	1.87812e-21
4.74 	3.45254e-18 	-5.41391e-18 	-0.169598 	0.0575053 	-9.68385e-22
5.18 	3.45254e-18 	-2.61482e-18 	-0.106278 	0.103502 	-3.9649e-22
5.62 	3.45254e-18 	-1.2033e-18 	-0.0220185 	0.113072 	1.34828e-22
6.06 	3.45254e-18 	-1.17937e-18 	0.0464619 	0.0947943 	2.35814e-22
6.5 	3.45254e-18 	-1.15524e-18 	0.136703 	0.057981 	-5.63183e-23
