1.22 	3.45254e-18 	-6.98323e-18 	0.109733 	0.00611085 	-8.50007e-22
1.66 	3.45254e-18 	-6.96118e-18 	0.291237 	0.527513 	-7.18551e-23
2.1 	3.45254e-18 	-6.93894e-18 	-0.0179068 	0.723345 	-1.19697e-21
2.54 	3.45254e-18 	-8.30431e-18 	0.492852 	0.272141 	7.39322e-23
2.98 	3.45254e-18 	-8.28171e-18 	0.826958 	-0.320298 	1.10018e-21
3.42 	3.45254e-18 	-6.87115e-18 	0.908359 	-0.550231 	8.72893e-22
3.86 	3.45254e-18 	-6.84819e-18 	0.797278 	-0.69851 	1.50127e-22
4.3 	3.45254e-18 	-6.82504e-18 	0.840524 	-0.484443 	4.8259e-22
4.74 	3.45254e-18 	-5.41391e-18 	0.946236 	-0.0634384 	-5.36449e-22
5.18 	3.45254e-18 	-2.61482e-18 	1.06105 	0.206312 	-3.82466e-22
5.62 	3.45254e-18 	-1.2033e-18 	1.0265 	0.485557 	1.74462e-22
6.06 	3.45254e-18 	-1.17937e-18 	0.963616 	0.560555 	3.62419e-22
6.5 	3.45254e-18 	-1.15524e-18 	0.970245 	0.463126 	-2.03902e-22
