1.22 	3.45254e-18 	-6.98323e-18 	0.0439762 	0.465675 	-1.25023e-21
1.66 	3.45254e-18 	-6.96118e-18 	-0.31497 	0.571683 	-8.16433e-23
2.1 	3.45254e-18 	-6.93894e-18 	0.514533 	0.00589007 	-2.69671e-21
2.54 	3.45254e-18 	-8.30431e-18 	0.760899 	-0.44491 	-5.35049e-23
2.98 	3.45254e-18 	-8.28171e-18 	0.782933 	-0.657926 	1.53784e-21
3.42 	3.45254e-18 	-6.87115e-18 	0.685043 	-0.653113 	1.00447e-21
3.86 	3.45254e-18 	-6.84819e-18 	0.816421 	-0.273397 	2.65947e-22
4.3 	3.45254e-18 	-6.82504e-18 	0.971022 	0.188902 	1.90376e-21
4.74 	3.45254e-18 	-5.41391e-18 	1.00709 	0.441572 	-1.16451e-21
5.18 	3.45254e-18 	-2.61482e-18 	0.931104 	0.61089 	-5.44046e-22
5.62 	3.45254e-18 	-1.2033e-18 	0.932201 	0.547736 	2.25383e-22
6.06 	3.45254e-18 	-1.17937e-18 	1.00963 	0.207543 	8.26981e-22
6.5 	3.45254e-18 	-1.15524e-18 	1.04818 	-0.0509724 	-6.43212e-22
