1.275 	2.15223e-18 	-2.76991e-20 	-0.412187 	0.0057692 	-3.75722e-22
1.825 	2.15223e-18 	-1.39322e-20 	-0.396644 	-0.00685802 	3.56992e-21
2.375 	2.15223e-18 	1.38775e-18 	-0.0397268 	-0.0101186 	-9.508e-22
2.925 	2.15223e-18 	2.78958e-18 	0.158595 	-0.00811901 	-1.18535e-22
3.475 	2.15223e-18 	4.53849e-18 	0.402018 	-0.0073805 	3.02473e-22
4.025 	2.15223e-18 	6.28755e-18 	0.571165 	-0.00543676 	6.47303e-23
4.575 	2.15223e-18 	6.30203e-18 	0.702821 	-0.0039067 	-5.0992e-22
5.125 	2.15223e-18 	6.31666e-18 	0.793246 	-0.00275937 	4.34379e-22
5.675 	2.15223e-18 	6.33144e-18 	0.860256 	-0.00196891 	7.06653e-23
6.225 	2.15223e-18 	4.61166e-18 	0.908185 	-0.00135478 	1.33338e-22
