1.22 	3.45254e-18 	-6.98323e-18 	-0.160326 	0.00675296 	-8.75334e-22
1.66 	3.45254e-18 	-6.96118e-18 	-0.293763 	0.00707094 	-3.30049e-23
2.1 	3.45254e-18 	-6.93894e-18 	-0.39838 	0.00514622 	-2.74468e-21
2.54 	3.45254e-18 	-8.30431e-18 	-0.528233 	-0.00515486 	-6.10681e-23
2.98 	3.45254e-18 	-8.28171e-18 	-0.440145 	-0.0120443 	2.46623e-21
3.42 	3.45254e-18 	-6.87115e-18 	-0.384482 	-0.0102611 	2.09291e-21
3.86 	3.45254e-18 	-6.84819e-18 	-0.21 	-0.00593975 	3.116e-22
4.3 	3.45254e-18 	-6.82504e-18 	-0.112338 	-0.00089752 	7.0946e-22
4.74 	3.45254e-18 	-5.41391e-18 	0.0335478 	0.00167248 	-1.95753e-22
5.18 	3.45254e-18 	-2.61482e-18 	0.138926 	0.00246359 	3.63312e-23
5.62 	3.45254e-18 	-1.2033e-18 	0.249698 	0.00171514 	-4.48115e-23
6.06 	3.45254e-18 	-1.17937e-18 	0.334729 	0.000342464 	-2.15277e-22
6.5 	3.45254e-18 	-1.15524e-18 	0.413994 	-0.00118126 	1.48757e-22
