1.22 	3.45254e-18 	-6.98323e-18 	-0.117743 	-0.0128476 	-4.48743e-22
1.66 	3.45254e-18 	-6.96118e-18 	-0.231929 	-0.0823684 	-2.16048e-23
2.1 	3.45254e-18 	-6.93894e-18 	-0.24173 	-0.188124 	-1.27066e-21
2.54 	3.45254e-18 	-8.30431e-18 	-0.289653 	-0.135762 	2.69303e-24
2.98 	3.45254e-18 	-8.28171e-18 	-0.188472 	0.115179 	1.30311e-21
3.42 	3.45254e-18 	-6.87115e-18 	-0.208688 	0.366632 	1.30976e-21
3.86 	3.45254e-18 	-6.84819e-18 	-0.222644 	0.446863 	2.81579e-22
4.3 	3.45254e-18 	-6.82504e-18 	-0.095705 	0.269115 	1.28635e-21
4.74 	3.45254e-18 	-5.41391e-18 	0.117145 	-0.00999202 	-8.90793e-22
5.18 	3.45254e-18 	-2.61482e-18 	0.214754 	-0.215069 	-4.59503e-22
5.62 	3.45254e-18 	-1.2033e-18 	0.252277 	-0.337118 	1.77293e-22
6.06 	3.45254e-18 	-1.17937e-18 	0.182651 	-0.39605 	3.68534e-22
6.5 	3.45254e-18 	-1.15524e-18 	0.133931 	-0.353327 	-1.61237e-22
