1.275 	2.15223e-18 	-2.76991e-20 	-0.108528 	0.437472 	-4.03629e-22
1.825 	2.15223e-18 	-1.39322e-20 	-0.0829791 	0.279012 	4.96862e-21
2.375 	2.15223e-18 	1.38775e-18 	0.652962 	-0.23533 	-2.41495e-21
2.925 	2.15223e-18 	2.78958e-18 	0.813662 	-0.529997 	8.23215e-23
3.475 	2.15223e-18 	4.53849e-18 	0.632301 	-0.627587 	-1.77189e-22
4.025 	2.15223e-18 	6.28755e-18 	0.711906 	-0.282504 	1.10842e-23
4.575 	2.15223e-18 	6.30203e-18 	0.975368 	0.124009 	1.65479e-21
5.125 	2.15223e-18 	6.31666e-18 	0.976892 	0.496435 	-1.64172e-21
5.675 	2.15223e-18 	6.33144e-18 	0.915933 	0.577385 	-1.47057e-22
6.225 	2.15223e-18 	4.61166e-18 	0.936139 	0.346438 	-3.68138e-22
