1.22 	3.45254e-18 	-6.98323e-18 	-0.124159 	0.0016018 	-4.2369e-22
1.66 	3.45254e-18 	-6.96118e-18 	-0.247803 	-0.00494627 	-2.16272e-23
2.1 	3.45254e-18 	-6.93894e-18 	-0.266574 	-0.0108617 	-1.19837e-21
2.54 	3.45254e-18 	-8.30431e-18 	-0.358136 	-0.00536171 	1.03586e-23
2.98 	3.45254e-18 	-8.28171e-18 	-0.411891 	0.0129137 	1.36625e-21
3.42 	3.45254e-18 	-6.87115e-18 	-0.446568 	0.0289364 	1.44893e-21
3.86 	3.45254e-18 	-6.84819e-18 	-0.351409 	0.0286438 	2.76064e-22
4.3 	3.45254e-18 	-6.82504e-18 	-0.296034 	0.0143003 	9.54598e-22
4.74 	3.45254e-18 	-5.41391e-18 	-0.175344 	-0.00384399 	-4.6379e-22
5.18 	3.45254e-18 	-2.61482e-18 	-0.0972529 	-0.0189751 	-1.74511e-22
5.62 	3.45254e-18 	-1.2033e-18 	0.0061625 	-0.027071 	5.34944e-23
6.06 	3.45254e-18 	-1.17937e-18 	0.0823347 	-0.0276021 	6.65456e-23
6.5 	3.45254e-18 	-1.15524e-18 	0.166706 	-0.0235639 	8.37595e-24
