1.22 	3.45254e-18 	-6.98323e-18 	-0.00649381 	-0.0793263 	-7.97186e-22
1.66 	3.45254e-18 	-6.96118e-18 	0.179818 	0.482575 	-6.07965e-23
2.1 	3.45254e-18 	-6.93894e-18 	-0.0984551 	0.694225 	-1.31254e-21
2.54 	3.45254e-18 	-8.30431e-18 	0.42611 	0.21909 	4.89652e-23
2.98 	3.45254e-18 	-8.28171e-18 	0.750586 	-0.341424 	1.31828e-21
3.42 	3.45254e-18 	-6.87115e-18 	0.787051 	-0.60524 	1.00857e-21
3.86 	3.45254e-18 	-6.84819e-18 	0.672007 	-0.680434 	1.49204e-22
4.3 	3.45254e-18 	-6.82504e-18 	0.771898 	-0.357165 	5.96953e-22
4.74 	3.45254e-18 	-5.41391e-18 	0.91099 	0.108382 	-6.76449e-22
5.18 	3.45254e-18 	-2.61482e-18 	0.937826 	0.403406 	-4.04788e-22
5.62 	3.45254e-18 	-1.2033e-18 	0.852446 	0.606893 	1.59464e-22
6.06 	3.45254e-18 	-1.17937e-18 	0.858376 	0.532204 	3.20948e-22
6.5 	3.45254e-18 	-1.15524e-18 	0.935531 	0.233221 	-2.80081e-22
