1.22 	3.45254e-18 	-6.98323e-18 	0.129698 	0.0514376 	-1.58944e-21
1.66 	3.45254e-18 	-6.96118e-18 	0.36239 	-0.469929 	-1.38548e-22
2.1 	3.45254e-18 	-6.93894e-18 	0.164839 	-0.734921 	-2.28596e-21
2.54 	3.45254e-18 	-8.30431e-18 	0.406363 	-0.410615 	1.66728e-22
2.98 	3.45254e-18 	-8.28171e-18 	0.788785 	0.229827 	2.02479e-21
3.42 	3.45254e-18 	-6.87115e-18 	0.881006 	0.53161 	1.78873e-21
3.86 	3.45254e-18 	-6.84819e-18 	0.789457 	0.692292 	2.85617e-22
4.3 	3.45254e-18 	-6.82504e-18 	0.829777 	0.512571 	8.6936e-22
4.74 	3.45254e-18 	-5.41391e-18 	0.945463 	0.097262 	-9.75634e-22
5.18 	3.45254e-18 	-2.61482e-18 	1.04012 	-0.219387 	-7.29305e-22
5.62 	3.45254e-18 	-1.2033e-18 	1.00572 	-0.498119 	3.21543e-22
6.06 	3.45254e-18 	-1.17937e-18 	0.949042 	-0.573431 	7.01096e-22
6.5 	3.45254e-18 	-1.15524e-18 	0.973982 	-0.457229 	-4.40852e-22
