1.22 	3.45254e-18 	-6.98323e-18 	0.0677709 	0.348936 	-1.32807e-21
1.66 	3.45254e-18 	-6.96118e-18 	-0.320485 	0.657949 	-1.06357e-22
2.1 	3.45254e-18 	-6.93894e-18 	0.406503 	0.258726 	-2.14855e-21
2.54 	3.45254e-18 	-8.30431e-18 	0.73493 	-0.331911 	-6.07242e-23
2.98 	3.45254e-18 	-8.28171e-18 	0.839232 	-0.602697 	1.70867e-21
3.42 	3.45254e-18 	-6.87115e-18 	0.730665 	-0.671232 	1.03183e-21
3.86 	3.45254e-18 	-6.84819e-18 	0.775609 	-0.464691 	2.14454e-22
4.3 	3.45254e-18 	-6.82504e-18 	0.935675 	-0.0113828 	1.51862e-21
4.74 	3.45254e-18 	-5.41391e-18 	1.01509 	0.324772 	-1.18454e-21
5.18 	3.45254e-18 	-2.61482e-18 	0.998967 	0.486658 	-5.69871e-22
5.62 	3.45254e-18 	-1.2033e-18 	0.920035 	0.614187 	2.32564e-22
6.06 	3.45254e-18 	-1.17937e-18 	0.972931 	0.408242 	5.50196e-22
6.5 	3.45254e-18 	-1.15524e-18 	1.01577 	0.118937 	-5.25573e-22
