/*--------------------------------*- C++ -*----------------------------------*\
  =========                 |
  \\      /  F ield         | OpenFOAM: The Open Source CFD Toolbox
   \\    /   O peration     | Website:  https://openfoam.org
    \\  /    A nd           | Version:  6.0
     \\/     M anipulation  |
\*---------------------------------------------------------------------------*/
FoamFile
{
    version     2.0;
    format      ascii;
    class       surfaceScalarField;
    location    "65";
    object      phi;
}
// * * * * * * * * * * * * * * * * * * * * * * * * * * * * * * * * * * * * * //

dimensions      [0 3 -1 0 0 0 0];

internalField   nonuniform List<scalar> 
7840
(
3.7272e-05
-0.000289211
0.000130346
-0.000894833
0.000259324
-0.00149021
0.000403282
-0.00202792
0.000544002
-0.00247375
0.000668947
-0.00281419
0.000771923
-0.003054
0.000851913
-0.00320912
0.000911203
-0.0032995
0.000953613
-0.00334423
0.000983216
-0.00335904
0.00100362
-0.00335563
0.00101766
-0.00334201
0.0010274
-0.00332334
0.00103428
-0.00330278
0.00103924
-0.00328219
0.00104291
-0.00326266
0.00104571
-0.00324482
0.00104789
-0.00322905
-0.00321568
0.00104961
3.84556e-05
-0.000327666
0.000131721
-0.000988099
0.000257252
-0.00161574
0.000392966
-0.00216363
0.000521147
-0.00260193
0.000630838
-0.00292388
0.000717676
-0.00314084
0.000782141
-0.00327358
0.00082744
-0.00334479
0.000857761
-0.00337455
0.000877142
-0.00337843
0.000888922
-0.00336741
0.000895592
-0.00334868
0.000898881
-0.00332663
0.000899935
-0.00330383
0.000899497
-0.00328175
0.000898051
-0.00326121
0.000895915
-0.00324269
0.000893289
-0.00322642
-0.00321267
0.000890274
3.92066e-05
-0.000366873
0.000131481
-0.00108037
0.000251975
-0.00173624
0.000377975
-0.00228963
0.000492721
-0.00271668
0.000587014
-0.00301817
0.00065824
-0.00321207
0.000708151
-0.00332349
0.000740621
-0.00337726
0.000759996
-0.00339392
0.000770147
-0.00338858
0.000774088
-0.00337135
0.00077396
-0.00334855
0.000771184
-0.00332385
0.000766666
-0.00329931
0.00076098
-0.00327606
0.000754497
-0.00325473
0.000747466
-0.00323565
0.000740037
-0.00321899
-0.00320492
0.000732287
3.94965e-05
-0.000406369
0.000129616
-0.00117049
0.000243635
-0.00185026
0.00035874
-0.00240474
0.000459486
-0.00281742
0.000538512
-0.0030972
0.000594808
-0.00326836
0.000631156
-0.00335984
0.000651865
-0.00339797
0.000661277
-0.00340334
0.000663003
-0.0033903
0.00065971
-0.00336806
0.000653206
-0.00334205
0.000644638
-0.00331528
0.000634713
-0.00328939
0.00062387
-0.00326522
0.000612396
-0.00324325
0.000600482
-0.00322374
0.00058825
-0.00320676
-0.00319243
0.000575757
3.93084e-05
-0.000445678
0.000126157
-0.00125734
0.000232441
-0.00195654
0.000335746
-0.00250804
0.000422214
-0.00290389
0.000486307
-0.00316129
0.000528437
-0.00331049
0.00055218
-0.00338358
0.000562084
-0.00340788
0.000562356
-0.00340361
0.000556298
-0.00338424
0.00054623
-0.00335799
0.000533653
-0.00332947
0.00051948
-0.00330111
0.000504256
-0.00327416
0.000488311
-0.00324928
0.000471865
-0.00322681
0.000455073
-0.00320695
0.000438032
-0.00318972
-0.00317519
0.00042079
3.86373e-05
-0.000484315
0.000121174
-0.00133988
0.000218652
-0.00205402
0.00030951
-0.0025989
0.000381651
-0.00297603
0.000431286
-0.00321092
0.000460043
-0.00333925
0.000472075
-0.00339562
0.000472005
-0.00340781
0.000463816
-0.00339542
0.000450475
-0.0033709
0.000433972
-0.00334149
0.000415537
-0.00331103
0.000395887
-0.00328146
0.00037543
-0.00325371
0.000354415
-0.00322826
0.000333008
-0.0032054
0.000311334
-0.00318527
0.000289479
-0.00316787
-0.00315319
0.000267486
3.7489e-05
-0.000521804
0.000114763
-0.00141715
0.000202559
-0.00214181
0.00028055
-0.00267689
0.000338498
-0.00303398
0.000374239
-0.00324667
0.000390408
-0.00335542
0.00039154
-0.00339675
0.000382203
-0.00339847
0.000366102
-0.00337932
0.000345865
-0.00335067
0.000323176
-0.0033188
0.000299032
-0.00328689
0.000273987
-0.00325642
0.000248341
-0.00322806
0.000222273
-0.00320219
0.000195909
-0.00317904
0.000169351
-0.00315871
0.000142677
-0.00314119
-0.00312645
0.000115933
3.58791e-05
-0.000557683
0.000107047
-0.00148832
0.00018447
-0.00221924
0.000249372
-0.00274179
0.000293399
-0.00307801
0.000315858
-0.00326913
0.000320186
-0.00335975
0.00031114
-0.0033877
0.000293133
-0.00338046
0.000269558
-0.00335574
0.000242715
-0.00332382
0.000214018
-0.0032901
0.000184266
-0.00325714
0.000153879
-0.00322603
0.00012307
-0.00319725
9.19605e-05
-0.00317108
6.06403e-05
-0.00314772
2.9195e-05
-0.00312727
-2.29803e-06
-0.0031097
-0.00309496
-3.37887e-05
3.3832e-05
-0.000591515
9.81625e-05
-0.00155265
0.000164699
-0.00228577
0.000216454
-0.00279355
0.000246931
-0.00310848
0.000256738
-0.00327893
0.000249927
-0.00335294
0.000231334
-0.00336911
0.000205152
-0.00335428
0.000174449
-0.00332504
0.000141217
-0.00329059
0.000106634
-0.00325552
7.13365e-05
-0.00322184
3.56382e-05
-0.00319033
-3.1931e-07
-0.0031613
-3.64653e-05
-0.00313494
-7.27406e-05
-0.00311144
-0.000109074
-0.00309094
-0.000145384
-0.00307339
-0.00305873
-0.000181611
3.13791e-05
-0.000622894
8.82585e-05
-0.00160953
0.000143554
-0.00234107
0.000182242
-0.00283223
0.000199609
-0.00312585
0.00019739
-0.00327671
0.000180083
-0.00333563
0.000152493
-0.00334152
0.000118545
-0.00332033
8.09818e-05
-0.00328748
4.15175e-05
-0.00325113
1.128e-06
-0.00321513
-3.96808e-05
-0.00318103
-8.06789e-05
-0.00314933
-0.000121782
-0.00312019
-0.000162963
-0.00309376
-0.000204194
-0.00307021
-0.000245416
-0.00304971
-0.00028654
-0.00303227
-0.00301778
-0.000327488
2.85574e-05
-0.000651452
7.74882e-05
-0.00165846
0.000121333
-0.00238492
0.000147143
-0.00285804
0.000151886
-0.00313059
0.000138251
-0.00326308
0.000111034
-0.00330841
7.49219e-05
-0.00330541
3.35435e-05
-0.00327896
-1.06713e-05
-0.00324326
-5.62588e-05
-0.00320554
-0.000102411
-0.00316898
-0.000148725
-0.00313472
-0.00019503
-0.00310303
-0.000241288
-0.00307394
-0.000287512
-0.00304753
-0.000333706
-0.00302402
-0.000379825
-0.00300359
-0.000425768
-0.00298632
-0.00297212
-0.00047143
2.54086e-05
-0.00067686
6.60064e-05
-0.00169906
9.8318e-05
-0.00241723
0.000111526
-0.00287125
0.00010416
-0.00312323
7.96946e-05
-0.00323861
4.30987e-05
-0.00327182
-1.12335e-06
-0.00326119
-4.96543e-05
-0.00323042
-0.00010036
-0.00319256
-0.000151999
-0.0031539
-0.0002039
-0.00311708
-0.000255736
-0.00308288
-0.00030738
-0.00305138
-0.000358822
-0.00302249
-0.000410113
-0.00299624
-0.000461294
-0.00297284
-0.000512341
-0.00295255
-0.000563135
-0.00293553
-0.00292172
-0.000613535
2.19774e-05
-0.000698838
5.3966e-05
-0.00173105
7.4773e-05
-0.00243803
7.57261e-05
-0.00287221
5.67783e-05
-0.00310428
2.20424e-05
-0.00320388
-2.3448e-05
-0.00322633
-7.54196e-05
-0.00320921
-0.000130869
-0.00317497
-0.00018794
-0.00313548
-0.000245585
-0.00309626
-0.000303246
-0.00305941
-0.00036065
-0.00302548
-0.000417689
-0.00299434
-0.000474372
-0.00296581
-0.00053078
-0.00293983
-0.000586997
-0.00291662
-0.000643033
-0.00289651
-0.000698757
-0.00287981
-0.00286651
-0.000753966
1.83109e-05
-0.000717149
4.15157e-05
-0.00175425
5.09439e-05
-0.00244746
4.00421e-05
-0.0028613
1.0049e-05
-0.00307429
-3.44236e-05
-0.0031594
-8.83637e-05
-0.00317239
-0.000147762
-0.00314982
-0.000209927
-0.00311281
-0.000273258
-0.00307215
-0.000336881
-0.00303263
-0.000400333
-0.00299596
-0.000463374
-0.00296244
-0.0005259
-0.00293182
-0.000587917
-0.00290379
-0.000649521
-0.00287823
-0.00071085
-0.00285529
-0.000771961
-0.0028354
-0.000832723
-0.00281904
-0.0028064
-0.000892834
1.44571e-05
-0.000731606
2.87988e-05
-0.00176859
2.70573e-05
-0.00244572
4.74365e-06
-0.00283899
-3.5756e-05
-0.00303379
-8.94531e-05
-0.00310571
-0.000151427
-0.00311041
-0.000217954
-0.00308329
-0.000286644
-0.00304412
-0.000356136
-0.00300266
-0.000425713
-0.00296306
-0.000494997
-0.00292668
-0.000563772
-0.00289366
-0.000631918
-0.00286367
-0.000699413
-0.0028363
-0.000766346
-0.0028113
-0.000832893
-0.00278874
-0.000899182
-0.00276911
-0.000965092
-0.00275313
-0.00274131
-0.00103018
1.04646e-05
-0.00074207
1.59509e-05
-0.00177408
3.3205e-06
-0.00243309
-2.99278e-05
-0.00280574
-8.03947e-05
-0.00298332
-0.000142821
-0.00304328
-0.000212431
-0.0030408
-0.000285796
-0.00300992
-0.00036082
-0.0029691
-0.000436363
-0.00292712
-0.000511857
-0.00288756
-0.000587006
-0.00285153
-0.000661623
-0.00281904
-0.000735568
-0.00278973
-0.000808765
-0.0027631
-0.000881256
-0.00273881
-0.000953223
-0.00271678
-0.00102487
-0.00269746
-0.00109611
-0.00268189
-0.00267103
-0.00116639
6.38136e-06
-0.000748452
3.09933e-06
-0.0017708
-2.00781e-05
-0.00240991
-6.37574e-05
-0.00276206
-0.000123652
-0.00292342
-0.000194322
-0.00297261
-0.000271177
-0.00296395
-0.000351088
-0.00293001
-0.000432234
-0.00288795
-0.000513687
-0.00284566
-0.000595022
-0.00280623
-0.000676035
-0.00277052
-0.000756587
-0.00273849
-0.000836535
-0.00270978
-0.000915746
-0.00268389
-0.000994179
-0.00266037
-0.00107199
-0.00263897
-0.00114947
-0.00261998
-0.00122661
-0.00260475
-0.00259457
-0.00130307
2.25369e-06
-0.000750705
-9.63841e-06
-0.00175891
-4.297e-05
-0.00237658
-9.65561e-05
-0.00270848
-0.000165339
-0.00285464
-0.000243772
-0.00289418
-0.000327478
-0.00288024
-0.000413622
-0.00284387
-0.000500645
-0.00280093
-0.000587816
-0.00275849
-0.000674853
-0.00271919
-0.000761665
-0.00268371
-0.000848195
-0.00265196
-0.000934343
-0.00262363
-0.00101996
-0.00259828
-0.00110492
-0.00257541
-0.00118932
-0.00255456
-0.00127358
-0.00253572
-0.00135791
-0.00252042
-0.0025095
-0.00144298
-1.87462e-06
-0.000748831
-2.21565e-05
-0.00173862
-6.52082e-05
-0.00233353
-0.000128162
-0.00264552
-0.000205292
-0.00277751
-0.000291007
-0.00280846
-0.000381156
-0.00279009
-0.000473188
-0.00275184
-0.000565785
-0.00270833
-0.000658399
-0.00266588
-0.000750894
-0.0026267
-0.000843314
-0.00259129
-0.000935744
-0.00255953
-0.00102823
-0.00253115
-0.00112071
-0.0025058
-0.00121306
-0.00248305
-0.00130531
-0.00246232
-0.00139779
-0.00244324
-0.00149111
-0.00242711
-0.00241254
-0.00158806
-5.96344e-06
-0.000742867
-3.43622e-05
-0.00171022
-8.66684e-05
-0.00228122
-0.000158442
-0.00257375
-0.000243383
-0.00269257
-0.000335898
-0.00271595
-0.000432067
-0.00269392
-0.000529599
-0.0026543
-0.00062739
-0.00261054
-0.000725046
-0.00256822
-0.000822557
-0.00252919
-0.000920101
-0.00249374
-0.00101795
-0.00246168
-0.00111642
-0.00243268
-0.0012158
-0.00240642
-0.0013163
-0.00238255
-0.00141804
-0.00236058
-0.00152161
-0.00233967
-0.00162936
-0.00231936
-0.00231181
-0.0017301
-9.96458e-06
-0.000732903
-4.6157e-05
-0.00167403
-0.000107227
-0.00222015
-0.000187272
-0.00249371
-0.000279496
-0.00260035
-0.000378337
-0.00261711
-0.000480098
-0.00259216
-0.000582722
-0.00255168
-0.000685275
-0.00250799
-0.00078747
-0.00246603
-0.000889354
-0.0024273
-0.00099115
-0.00239195
-0.0010932
-0.00235963
-0.00119599
-0.00232989
-0.00130017
-0.00230224
-0.00140659
-0.00227613
-0.00151614
-0.00225103
-0.0016292
-0.00222661
-0.00174671
-0.00220184
-0.0021693
-0.00188922
-1.38698e-05
-0.000719033
-5.75156e-05
-0.00163039
-0.000126855
-0.00215081
-0.000214631
-0.00240593
-0.000313626
-0.00250135
-0.000418332
-0.0025124
-0.000525267
-0.00248523
-0.000632584
-0.00244436
-0.000739486
-0.00240109
-0.000845752
-0.00235976
-0.000951427
-0.00232163
-0.00105667
-0.0022867
-0.00116167
-0.00225462
-0.00126666
-0.0022249
-0.00137189
-0.00219702
-0.00147755
-0.00217047
-0.00158371
-0.00214487
-0.0016906
-0.00211972
-0.00179898
-0.00209347
-0.00206245
-0.00190582
-1.76418e-05
-0.000701391
-6.83694e-05
-0.00157966
-0.000145476
-0.00207371
-0.000240455
-0.00231095
-0.000345728
-0.00239608
-0.000455862
-0.00240227
-0.000567581
-0.00237351
-0.000679222
-0.00233272
-0.000790111
-0.0022902
-0.000900084
-0.00224979
-0.0010092
-0.00221251
-0.00111761
-0.0021783
-0.00122546
-0.00214677
-0.00133289
-0.00211747
-0.00143999
-0.00208992
-0.00154676
-0.0020637
-0.0016532
-0.00203844
-0.00175924
-0.00201368
-0.00186416
-0.00198855
-0.0019622
-0.00196441
-2.12603e-05
-0.000680131
-7.8682e-05
-0.00152224
-0.000163055
-0.00198933
-0.000264727
-0.00220928
-0.000375812
-0.00228499
-0.000490964
-0.00228712
-0.000607101
-0.00225737
-0.000722726
-0.0022171
-0.000837263
-0.00217566
-0.000950589
-0.00213646
-0.00106276
-0.00210033
-0.0011739
-0.00206716
-0.00128409
-0.00203658
-0.00139341
-0.00200815
-0.00150186
-0.00198147
-0.00160936
-0.0019562
-0.00171577
-0.00193203
-0.0018208
-0.00190865
-0.00192377
-0.00188558
-0.00186239
-0.00202358
-2.47095e-05
-0.000655421
-8.84282e-05
-0.00145852
-0.000179576
-0.00189819
-0.000287449
-0.00210141
-0.000403905
-0.00216854
-0.000523695
-0.00216733
-0.000643919
-0.00213715
-0.000763234
-0.00209778
-0.000881153
-0.00205774
-0.000997592
-0.00202002
-0.00111261
-0.00198531
-0.00122632
-0.00195346
-0.00133877
-0.00192412
-0.00145002
-0.0018969
-0.00156004
-0.00187146
-0.00166874
-0.00184749
-0.001776
-0.00182477
-0.00188156
-0.00180309
-0.00198499
-0.00178214
-0.00176168
-0.0020857
-2.79769e-05
-0.000627444
-9.7591e-05
-0.0013889
-0.000195031
-0.00180075
-0.000308636
-0.0019878
-0.000430048
-0.00204712
-0.00055412
-0.00204325
-0.000678129
-0.00201314
-0.000800867
-0.00197504
-0.00092193
-0.00193668
-0.00104127
-0.00190068
-0.00115897
-0.00186761
-0.00127512
-0.00183732
-0.00138978
-0.00180945
-0.001503
-0.00178368
-0.00161476
-0.0017597
-0.00172499
-0.00173725
-0.0018336
-0.00171616
-0.00194043
-0.00169626
-0.00204528
-0.0016773
-0.0016591
-0.00214785
-3.10533e-05
-0.000596391
-0.00010616
-0.0013138
-0.000209422
-0.00169748
-0.00032831
-0.00186891
-0.000454285
-0.00192115
-0.00058231
-0.00191523
-0.000709823
-0.00188563
-0.000835744
-0.00184912
-0.000959746
-0.00181268
-0.00108182
-0.00177861
-0.00120206
-0.00174737
-0.00132057
-0.00171881
-0.00143742
-0.0016926
-0.00155267
-0.00166844
-0.00166632
-0.00164605
-0.00177836
-0.00162522
-0.00188872
-0.0016058
-0.00199735
-0.00158763
-0.00210416
-0.00157049
-0.00155428
-0.00220899
-3.39317e-05
-0.000562459
-0.000114129
-0.0012336
-0.000222756
-0.00158886
-0.000346495
-0.00174518
-0.000476662
-0.00179098
-0.000608326
-0.00178356
-0.000739081
-0.00175487
-0.000867963
-0.00172024
-0.000994716
-0.00168592
-0.00111937
-0.00165396
-0.00124203
-0.00162471
-0.00136282
-0.00159801
-0.00148184
-0.00157358
-0.00159916
-0.00155112
-0.0017148
-0.0015304
-0.0018288
-0.00151123
-0.00194113
-0.00149346
-0.00205181
-0.00147695
-0.00216081
-0.00146149
-0.00144703
-0.00226806
-3.66064e-05
-0.000525853
-0.000121496
-0.00114871
-0.00023504
-0.00147531
-0.000363215
-0.001617
-0.000497218
-0.00165698
-0.000632225
-0.00164856
-0.000765971
-0.00162113
-0.000897602
-0.00158861
-0.00102692
-0.0015566
-0.001154
-0.00152688
-0.00127897
-0.00149974
-0.00140197
-0.00147502
-0.00152311
-0.00145244
-0.00164248
-0.00143175
-0.00176015
-0.00141273
-0.00187617
-0.00139521
-0.00199057
-0.00137906
-0.0021034
-0.00136413
-0.00221466
-0.00135023
-0.00133734
-0.00232435
-3.90732e-05
-0.00048678
-0.000128257
-0.00105953
-0.000246282
-0.00135729
-0.000378494
-0.00148479
-0.000515989
-0.00151948
-0.00065405
-0.0015105
-0.000790545
-0.00148463
-0.000924715
-0.00145444
-0.00105643
-0.00142489
-0.00118578
-0.00139753
-0.00131292
-0.00137259
-0.00143802
-0.00134992
-0.00156121
-0.00132925
-0.0016826
-0.00131036
-0.00180227
-0.00129306
-0.00192031
-0.00127717
-0.00203677
-0.00126259
-0.00215173
-0.00124917
-0.00226523
-0.00123673
-0.00122528
-0.00237729
-4.13284e-05
-0.000445451
-0.000134413
-0.000966442
-0.000256491
-0.00123521
-0.000392348
-0.00134893
-0.000533002
-0.00137883
-0.000673837
-0.00136966
-0.000812839
-0.00134563
-0.000949339
-0.00131794
-0.00108326
-0.00129097
-0.00121472
-0.00126607
-0.0013439
-0.00124341
-0.00147099
-0.00122283
-0.00159612
-0.00120412
-0.00171943
-0.00118705
-0.00184103
-0.00117146
-0.00196102
-0.00115719
-0.00207948
-0.00114413
-0.00219649
-0.00113216
-0.00231213
-0.00112109
-0.00111097
-0.00242643
-4.33685e-05
-0.000402083
-0.00013996
-0.000869851
-0.000265672
-0.0011095
-0.000404792
-0.00120981
-0.000548279
-0.00123534
-0.000691609
-0.00122633
-0.00083288
-0.00120436
-0.000971498
-0.00117932
-0.00110743
-0.00115504
-0.00124083
-0.00113267
-0.0013719
-0.00111234
-0.00150082
-0.00109391
-0.00162777
-0.00107717
-0.00175289
-0.00106193
-0.00187631
-0.00104804
-0.00199813
-0.00103536
-0.00211847
-0.0010238
-0.00223741
-0.00101321
-0.00235505
-0.00100345
-0.000994592
-0.00247143
-4.51906e-05
-0.000356892
-0.000144898
-0.000770143
-0.000273828
-0.000980567
-0.000415837
-0.0010678
-0.000561835
-0.00108934
-0.000707385
-0.00108078
-0.000850682
-0.00106106
-0.0009912
-0.0010388
-0.00112895
-0.0010173
-0.0012641
-0.000997514
-0.00139688
-0.00097956
-0.00152749
-0.000963299
-0.0016561
-0.000948552
-0.00178288
-0.000935151
-0.00190797
-0.000922953
-0.00203149
-0.000911845
-0.00215355
-0.00090173
-0.00227427
-0.000892492
-0.00239372
-0.000883997
-0.00087632
-0.002512
-4.67918e-05
-0.0003101
-0.000149225
-0.00066771
-0.000280962
-0.00084883
-0.000425489
-0.000923278
-0.00057368
-0.000941151
-0.000721174
-0.000933288
-0.000866252
-0.000915984
-0.00100845
-0.000896608
-0.0011478
-0.000877945
-0.00128451
-0.000860799
-0.00141882
-0.000845255
-0.00155093
-0.000831189
-0.00168104
-0.000818445
-0.00180931
-0.000806878
-0.0019359
-0.000796364
-0.00206094
-0.000786804
-0.00218456
-0.000778113
-0.00230686
-0.000770187
-0.00242795
-0.000762912
-0.000756365
-0.0025479
-4.81692e-05
-0.000261931
-0.000152937
-0.000562942
-0.000287075
-0.000714692
-0.000433753
-0.0007766
-0.000583819
-0.000791085
-0.000732982
-0.000784125
-0.000879592
-0.000769374
-0.00102323
-0.000752965
-0.00116398
-0.000737199
-0.00130205
-0.00072273
-0.00143768
-0.000709622
-0.0015711
-0.000697767
-0.00170252
-0.000687033
-0.0018321
-0.000677298
-0.00196
-0.000668458
-0.00208638
-0.000660429
-0.00221135
-0.000653138
-0.00233504
-0.000646496
-0.00245755
-0.000640407
-0.000634946
-0.00257897
-4.93203e-05
-0.000212611
-0.000156033
-0.000456229
-0.000292165
-0.00057856
-0.00044063
-0.000628135
-0.000592256
-0.000639459
-0.000742809
-0.000633572
-0.0008907
-0.000621483
-0.00103556
-0.000608109
-0.00117747
-0.000595284
-0.00131668
-0.000583522
-0.00145343
-0.000572868
-0.00158796
-0.000563236
-0.00172048
-0.000554517
-0.00185117
-0.000546612
-0.00198019
-0.000539438
-0.00210769
-0.000532926
-0.00223381
-0.000527015
-0.00235868
-0.000521634
-0.00248238
-0.000516704
-0.000512294
-0.00260503
-5.0243e-05
-0.000162368
-0.000158509
-0.000347963
-0.000296232
-0.000440837
-0.000446121
-0.000478246
-0.000598991
-0.000486589
-0.000750655
-0.000481908
-0.000899572
-0.000472565
-0.0010454
-0.000462279
-0.00118826
-0.000452428
-0.00132838
-0.000443395
-0.00146604
-0.000435211
-0.00160147
-0.00042781
-0.00173488
-0.000421109
-0.00186646
-0.000415032
-0.00199638
-0.000409515
-0.0021248
-0.000404508
-0.00225185
-0.000399963
-0.00237766
-0.000395824
-0.00250233
-0.000392033
-0.000388645
-0.00262598
-5.09352e-05
-0.000111433
-0.000160364
-0.000238534
-0.000299274
-0.000301927
-0.000450226
-0.000327294
-0.000604025
-0.00033279
-0.000756518
-0.000329415
-0.000906203
-0.00032288
-0.00105276
-0.00031572
-0.00119632
-0.000308866
-0.00133714
-0.000302577
-0.00147548
-0.000296874
-0.00161158
-0.000291709
-0.00174566
-0.000287027
-0.00187792
-0.000282776
-0.00200852
-0.000278912
-0.00213763
-0.0002754
-0.00226538
-0.000272209
-0.00239191
-0.000269298
-0.00251731
-0.00026663
-0.000264242
-0.00264171
-5.13955e-05
-6.00373e-05
-0.000161594
-0.000128336
-0.00030129
-0.000162231
-0.000452943
-0.000175641
-0.000607355
-0.000178379
-0.000760396
-0.000176373
-0.000910589
-0.000172688
-0.00105763
-0.000168677
-0.00120166
-0.000164836
-0.00134294
-0.000161302
-0.00148173
-0.000158085
-0.00161828
-0.00015516
-0.00175281
-0.000152497
-0.00188551
-0.000150069
-0.00201657
-0.000147854
-0.00214614
-0.000145832
-0.00227436
-0.000143986
-0.00240136
-0.000142295
-0.00252726
-0.000140738
-0.000139335
-0.00265216
-5.16229e-05
-8.41444e-06
-0.000162199
-1.77591e-05
-0.000302278
-2.21523e-05
-0.000454272
-2.36464e-05
-0.00060898
-2.36709e-05
-0.000762288
-2.30656e-05
-0.000912726
-2.22496e-05
-0.00106
-2.14002e-05
-0.00120426
-2.05795e-05
-0.00134576
-1.98041e-05
-0.00148477
-1.90755e-05
-0.00162153
-1.83912e-05
-0.00175628
-1.77479e-05
-0.00188921
-1.71429e-05
-0.00202049
-1.65733e-05
-0.00215029
-1.60368e-05
-0.00227874
-1.55314e-05
-0.00240598
-1.50543e-05
-0.00253212
-1.46021e-05
-1.41753e-05
-0.00265728
-5.16169e-05
4.32024e-05
-0.000162179
9.28028e-05
-0.000302239
0.000117908
-0.000454213
0.000128328
-0.000608902
0.000131018
-0.000762191
0.000130223
-0.000912612
0.000128171
-0.00105987
0.00012586
-0.00120411
0.000123662
-0.0013456
0.000121679
-0.00148459
0.00011992
-0.00162135
0.000118365
-0.00175609
0.000116989
-0.001889
0.000115773
-0.00202027
0.000114697
-0.00215006
0.000113749
-0.0022785
0.000112915
-0.00240574
0.000112179
-0.00253187
0.000111527
0.000110979
-0.00265702
-5.13777e-05
9.45802e-05
-0.000161533
0.000202958
-0.000301172
0.000257547
-0.000452766
0.000279922
-0.000607119
0.000285371
-0.000760106
0.000283211
-0.000910248
0.000278313
-0.00105724
0.000272855
-0.00120123
0.000267646
-0.00134246
0.000262912
-0.00148121
0.000258669
-0.00161772
0.000254876
-0.00175221
0.000251483
-0.00188489
0.000248446
-0.00201591
0.000245725
-0.00214545
0.00024329
-0.00227365
0.000241113
-0.00240063
0.000239161
-0.00252651
0.000237401
0.000235871
-0.0026514
-5.09057e-05
0.000145486
-0.000160262
0.000312314
-0.000299078
0.000396363
-0.00044993
0.000430774
-0.000603632
0.000439073
-0.000756035
0.000435613
-0.000905634
0.000427912
-0.00105211
0.000419333
-0.0011956
0.000411131
-0.00133634
0.000403657
-0.00147461
0.000396938
-0.00161065
0.000390913
-0.00174467
0.000385506
-0.00187687
0.000380647
-0.00200743
0.000376278
-0.00213649
0.000372351
-0.0022642
0.000368825
-0.00239069
0.000365649
-0.00251606
0.000362771
0.000360246
-0.00264043
-5.02019e-05
0.000195688
-0.000158367
0.000420478
-0.000295958
0.000533954
-0.000445707
0.000580524
-0.000598441
0.000591807
-0.000749977
0.000587149
-0.000898774
0.000576709
-0.00104449
0.00056505
-0.00118724
0.00055388
-0.00132726
0.000543682
-0.00146483
0.0005345
-0.00160016
0.000526249
-0.00173349
0.00051883
-0.00186499
0.000512149
-0.00199484
0.000506128
-0.00212319
0.000500703
-0.00225018
0.000495819
-0.00237594
0.000491407
-0.00250057
0.000487397
0.000483858
-0.00262418
-4.9268e-05
0.000244956
-0.00015585
0.000527061
-0.000291813
0.000669917
-0.000440097
0.000728809
-0.000591548
0.000743258
-0.000741936
0.000737536
-0.000889671
0.000724444
-0.00103438
0.000709759
-0.00117616
0.000695657
-0.00131524
0.00068276
-0.00145186
0.000671129
-0.00158628
0.000660664
-0.00171869
0.000651237
-0.00184927
0.000642734
-0.0019782
0.000635055
-0.00210562
0.000628122
-0.00223166
0.000621865
-0.00235646
0.000616201
-0.0024801
0.00061104
0.00060646
-0.0026027
-4.81058e-05
0.000293062
-0.000152715
0.00063167
-0.000286645
0.000803846
-0.000433102
0.000875266
-0.000582953
0.000893109
-0.000731912
0.000886495
-0.000878331
0.000870864
-0.00102179
0.000853222
-0.00116237
0.000836232
-0.00130028
0.000820667
-0.00143576
0.00080661
-0.00156904
0.000793942
-0.00170031
0.000782515
-0.00182977
0.000772188
-0.00195756
0.000762845
-0.00208383
0.000754391
-0.00220871
0.000746743
-0.00233231
0.000739806
-0.00245474
0.000733471
0.000727816
-0.0025761
-4.67179e-05
0.000339779
-0.000148964
0.000733916
-0.000280455
0.000935338
-0.000424719
0.00101953
-0.000572654
0.00104104
-0.000719908
0.00103375
-0.000864758
0.00101571
-0.00100674
0.000995202
-0.00114589
0.000975383
-0.00128241
0.000957189
-0.00141653
0.000940732
-0.00154847
0.000925881
-0.00167842
0.000912461
-0.00180654
0.000900311
-0.00193299
0.000889296
-0.00205791
0.000879305
-0.00218141
0.000870245
-0.00230361
0.000862008
-0.00242461
0.000854465
0.000847695
-0.00254448
-4.51069e-05
0.000384886
-0.000144599
0.000833408
-0.000273245
0.00106398
-0.000414949
0.00116123
-0.000560651
0.00118675
-0.00070592
0.00117902
-0.000848953
0.00115875
-0.000989221
0.00113547
-0.00112673
0.00111289
-0.00126166
0.00109212
-0.00139423
0.0010733
-0.00152463
0.00105629
-0.00165306
0.00104089
-0.00177966
0.00102692
-0.00190459
0.00101422
-0.00202796
0.00100267
-0.00214988
0.000992175
-0.00227048
0.000982604
-0.00238983
0.000973815
0.000965876
-0.00250801
-4.32756e-05
0.000428162
-0.000139625
0.000929757
-0.000265014
0.00118937
-0.000403788
0.00130001
-0.000546936
0.00132989
-0.000689946
0.00132203
-0.000830914
0.00129971
-0.000969247
0.0012738
-0.00110491
0.00124855
-0.00123805
0.00122526
-0.00136887
0.00120412
-0.00149757
0.00118498
-0.0016243
0.00116762
-0.00174922
0.00115183
-0.00187244
0.00113745
-0.00199409
0.00112432
-0.00211427
0.00111235
-0.00223308
0.00110141
-0.00235059
0.00109132
0.00108215
-0.00246686
-4.12273e-05
0.000469389
-0.000134043
0.00102257
-0.000255761
0.00131109
-0.000391228
0.00143547
-0.000531501
0.00147017
-0.000671974
0.0014625
-0.000810636
0.00143838
-0.000946815
0.00140998
-0.00108043
0.00138216
-0.0012116
0.00135643
-0.00134051
0.00133303
-0.00146733
0.0013118
-0.00159221
0.0012925
-0.00171529
0.00127491
-0.00183668
0.00125883
-0.00195646
0.00124411
-0.00207474
0.00123063
-0.00219159
0.00121826
-0.00230708
0.00120682
0.00119633
-0.00242126
-3.89651e-05
0.000508354
-0.000127855
0.00111146
-0.000245481
0.00142872
-0.00037726
0.00156725
-0.00051433
0.00160724
-0.000651989
0.00160016
-0.000788104
0.00157449
-0.000921915
0.00154379
-0.00105328
0.00151353
-0.00118231
0.00148546
-0.00130914
0.00145987
-0.00143395
0.00143661
-0.00155686
0.00141541
-0.00167798
0.00139603
-0.00179741
0.00137826
-0.00191522
0.00136192
-0.00203147
0.00134689
-0.00214624
0.00133303
-0.00225958
0.00132015
0.00130825
-0.0023715
-3.64928e-05
0.000544847
-0.000121064
0.00119603
-0.000234172
0.00154182
-0.000361872
0.00169495
-0.000495405
0.00174077
-0.000629966
0.00173472
-0.000763292
0.00170782
-0.000894526
0.00167503
-0.00102347
0.00164247
-0.00115018
0.00161217
-0.0012748
0.00158449
-0.00139747
0.00155927
-0.0015183
0.00153624
-0.00163738
0.00151511
-0.00175477
0.00149565
-0.00187053
0.00147768
-0.0019847
0.00146105
-0.00209731
0.00144564
-0.00220838
0.00143123
0.00141777
-0.00231791
-3.38142e-05
0.000578661
-0.000113672
0.00127589
-0.000221826
0.00164998
-0.000345045
0.00181817
-0.000474697
0.00187042
-0.000605873
0.0018659
-0.000736166
0.00183811
-0.000864612
0.00180347
-0.000990946
0.00176881
-0.0011152
0.00173642
-0.00123748
0.00170677
-0.0013579
0.0016797
-0.00147657
0.00165491
-0.00159355
0.00163209
-0.00170889
0.00161099
-0.00182259
0.00159138
-0.00193466
0.00157313
-0.00204509
0.00155608
-0.00215388
0.00154001
0.00152484
-0.00226095
-3.09343e-05
0.000609596
-0.000105682
0.00135064
-0.000208436
0.00175273
-0.000326759
0.0019365
-0.000452174
0.00199584
-0.000579665
0.00199339
-0.000706675
0.00196512
-0.000832119
0.00192892
-0.000955664
0.00189235
-0.0010773
0.00185806
-0.00119711
0.00182658
-0.00131521
0.0017978
-0.00143168
0.00177137
-0.00154655
0.00174697
-0.00165986
0.00172429
-0.00177156
0.00170309
-0.00188162
0.00168319
-0.00198998
0.00166443
-0.00209655
0.00164658
0.00162946
-0.00220116
-2.78587e-05
0.000637454
-9.70973e-05
0.00141988
-0.000193995
0.00184963
-0.000306992
0.00204949
-0.000427797
0.00211664
-0.00055129
0.00211688
-0.000674753
0.00208859
-0.000796972
0.00205114
-0.000917538
0.00201292
-0.0010364
0.00197692
-0.00115363
0.00194382
-0.00126933
0.0019135
-0.00138356
0.00188561
-0.00149637
0.00185977
-0.00160773
0.00183565
-0.00171759
0.00181295
-0.00182585
0.00179145
-0.00193237
0.00177095
-0.00203694
0.00175114
0.0017318
-0.00213928
-2.45949e-05
0.000662049
-8.79253e-05
0.00148321
-0.000178499
0.0019402
-0.000285721
0.00215671
-0.000401523
0.00223245
-0.000520688
0.00223604
-0.000640323
0.00220822
-0.000759077
0.00216989
-0.000876458
0.0021303
-0.000992375
0.00209283
-0.00110689
0.00205833
-0.0012201
0.00202671
-0.00133208
0.00199759
-0.00144286
0.00197055
-0.00155243
0.00194522
-0.00166071
0.00192123
-0.00176757
0.00189831
-0.00187276
0.00187614
-0.00197588
0.00185426
0.00183225
-0.00207632
-2.11526e-05
0.000683202
-7.81775e-05
0.00154023
-0.000161948
0.00202397
-0.000262925
0.00225769
-0.000373309
0.00234283
-0.00048779
0.00235053
-0.000603294
0.00232372
-0.000718317
0.00228491
-0.000832275
0.00224426
-0.000945038
0.0022056
-0.00105666
0.00216996
-0.00116726
0.0021373
-0.00127692
0.00210725
-0.00138573
0.00207936
-0.00149368
0.00205317
-0.0016007
0.00202825
-0.00170665
0.00200426
-0.00181126
0.00198074
-0.00191385
0.00195685
0.00193175
-0.00201334
-1.75446e-05
0.000700746
-6.78719e-05
0.00159056
-0.00014435
0.00210045
-0.000238594
0.00235194
-0.000343119
0.00244735
-0.000452535
0.00245994
-0.000563576
0.00243477
-0.000674574
0.00239591
-0.000784842
0.00235453
-0.000894211
0.00231497
-0.00100274
0.00227848
-0.00111056
0.00224512
-0.00121782
0.00221452
-0.00132467
0.00218621
-0.0014312
0.00215969
-0.00153741
0.00213447
-0.0016433
0.00211015
-0.00174881
0.00208625
-0.00185322
0.00206127
0.00203164
-0.00195312
-1.37872e-05
0.000714534
-5.70351e-05
0.00163381
-0.000125725
0.00216914
-0.000212726
0.00243894
-0.000310926
0.00254555
-0.000414867
0.00256388
-0.000521082
0.00254098
-0.000627714
0.00250254
-0.000733957
0.00246077
-0.000839579
0.00242059
-0.000944621
0.00238352
-0.00104923
0.00234973
-0.00115362
0.0023189
-0.00125799
0.00229059
-0.00136261
0.00226431
-0.00146768
0.00223953
-0.00157326
0.00221572
-0.00167958
0.00219257
-0.00178734
0.00216903
0.00213793
-0.00189363
-9.90089e-06
0.000724435
-4.57045e-05
0.00166961
-0.000106108
0.00222954
-0.000185342
0.00251817
-0.000276725
0.00263694
-0.000374754
0.00266191
-0.00047575
0.00264198
-0.000577651
0.00260444
-0.000679508
0.00256263
-0.000781024
0.0025221
-0.000882238
0.00248474
-0.000983366
0.00245086
-0.00108475
0.00242029
-0.00118685
0.00239269
-0.00129032
0.00236778
-0.00139598
0.00234519
-0.0015047
0.00232445
-0.00161687
0.00230474
-0.00173344
0.0022856
0.00227871
-0.00187421
-5.92308e-06
0.000730358
-3.39497e-05
0.00169764
-8.55787e-05
0.00228117
-0.000156507
0.0025891
-0.000240562
0.00272099
-0.000332219
0.00275357
-0.00042758
0.00273734
-0.000524351
0.00270121
-0.000621412
0.00265969
-0.000718356
0.00261905
-0.000815163
0.00258154
-0.000912003
0.0025477
-0.00100914
0.00251742
-0.00110687
0.00249043
-0.00120549
0.00246639
-0.00130518
0.00244489
-0.00140608
0.00242534
-0.00150875
0.00240741
-0.00161553
0.00239238
0.00237894
-0.00171577
-1.86277e-06
0.00073222
-2.17977e-05
0.00171757
-6.41689e-05
0.00232354
-0.000126248
0.00265118
-0.000202447
0.00279719
-0.000287257
0.00283838
-0.000376556
0.00282664
-0.00046779
0.00279245
-0.000559626
0.00275152
-0.000651502
0.00271092
-0.000743268
0.00267331
-0.000834961
0.00263939
-0.00092666
0.00260912
-0.0010184
0.00258217
-0.00111013
0.00255812
-0.00120175
0.0025365
-0.00129325
0.00251685
-0.00138502
0.00249918
-0.00147765
0.002485
0.00247516
-0.00157387
2.23197e-06
0.000729988
-9.34798e-06
0.00172915
-4.20037e-05
0.0023562
-9.46891e-05
0.00270386
-0.000162497
0.002865
-0.000239979
0.00291586
-0.000322792
0.00290945
-0.000408103
0.00287776
-0.000494337
0.00283776
-0.000580747
0.00279733
-0.000667039
0.0027596
-0.000753113
0.00272547
-0.000838911
0.00269492
-0.000924333
0.00266759
-0.00100923
0.00264302
-0.00109351
0.00262077
-0.00117726
0.0026006
-0.00126091
0.00258283
-0.00134466
0.00256875
0.00255964
-0.00142913
6.32089e-06
0.000723668
3.30586e-06
0.00173217
-1.92096e-05
0.00237872
-6.19679e-05
0.00274662
-0.000120847
0.00292388
-0.000190517
0.00298553
-0.000266435
0.00298537
-0.000345478
0.0029568
-0.000425807
0.00291809
-0.000506479
0.00287801
-0.000587054
0.00284018
-0.000667322
0.00280574
-0.000747143
0.00277474
-0.000826377
0.00274683
-0.000904901
0.00272155
-0.000982686
0.00269856
-0.00105989
0.00267781
-0.00113681
0.00265975
-0.00121342
0.00264536
0.00263559
-0.00128937
1.03602e-05
0.000713307
1.60569e-05
0.00172647
4.06364e-06
0.00239071
-2.82495e-05
0.00277894
-7.76602e-05
0.00297329
-0.000139037
0.00304691
-0.000207665
0.003054
-0.000280123
0.00302926
-0.000354302
0.00299227
-0.000429043
0.00295275
-0.000503763
0.0029149
-0.000578159
0.00288013
-0.000652044
0.00284862
-0.000725283
0.00282007
-0.000797809
0.00279407
-0.000869669
0.00277042
-0.000941047
0.00274919
-0.00101214
0.00273084
-0.00108286
0.00271608
0.00270537
-0.00115264
1.43034e-05
0.000699004
2.87867e-05
0.00171199
2.76451e-05
0.00239185
6.2732e-06
0.00280031
-3.31324e-05
0.00301269
-8.57294e-05
0.0030995
-0.000146671
0.00311494
-0.000212249
0.00309484
-0.000280062
0.00306008
-0.00034873
0.00302142
-0.000417518
0.00298369
-0.00048604
0.00294865
-0.000554079
0.00291666
-0.00062152
0.00288751
-0.000688346
0.0028609
-0.000754649
0.00283672
-0.000820601
0.00281514
-0.000886322
0.00279656
-0.000951685
0.00278144
0.00276993
-0.00101625
1.81028e-05
0.000680901
4.1367e-05
0.00168873
5.13436e-05
0.00238187
4.13806e-05
0.00281027
1.25167e-05
0.00304156
-3.08027e-05
0.00314282
-8.36557e-05
0.00316779
-0.000142059
0.00315324
-0.000203312
0.00312133
-0.000265792
0.0030839
-0.000328607
0.0030465
-0.000391284
0.00301133
-0.000453582
0.00297896
-0.000515396
0.00294932
-0.000576735
0.00292224
-0.000637696
0.00289768
-0.000698409
0.00287585
-0.000758927
0.00285708
-0.000819111
0.00284163
0.00282948
-0.000878663
2.171e-05
0.000659191
5.36611e-05
0.00165677
7.49486e-05
0.00236059
7.68261e-05
0.00280839
5.90382e-05
0.00305935
2.55106e-05
0.00317635
-1.88329e-05
0.00321213
-6.97569e-05
0.00320417
-0.000124253
0.00317583
-0.000180442
0.00314009
-0.000237256
0.00310332
-0.000294126
0.0030682
-0.00035077
0.00303561
-0.000407082
0.00300563
-0.00046307
0.00297823
-0.00051881
0.00295342
-0.000574382
0.00293142
-0.000629789
0.00291248
-0.000684898
0.00289673
0.00288409
-0.000739506
2.50772e-05
0.000634114
6.55253e-05
0.00161633
9.82305e-05
0.00232788
0.000112334
0.00279429
0.000106152
0.00306553
8.29517e-05
0.00319955
4.75686e-05
0.00324752
4.45466e-06
0.00324728
-4.30733e-05
0.00322336
-9.28603e-05
0.00318987
-0.00014364
0.0031541
-0.000194727
0.00311929
-0.000245782
0.00308666
-0.000296676
0.00305653
-0.000347396
0.00302895
-0.000397986
0.00300401
-0.000448485
0.00298192
-0.000498861
0.00296286
-0.000548995
0.00294687
0.00293384
-0.000598745
2.81577e-05
0.000605956
7.68103e-05
0.00156767
0.00012094
0.00228375
0.000147599
0.00276763
0.000153543
0.00305958
0.000141229
0.00321187
0.000115296
0.00327345
8.03617e-05
0.00328221
4.00444e-05
0.00326367
-3.206e-06
0.00323312
-4.78995e-05
0.00319879
-9.32075e-05
0.0031646
-0.000138713
0.00313217
-0.000184238
0.00310205
-0.00022974
0.00307445
-0.000275224
0.0030495
-0.00032069
0.00302739
-0.000366091
0.00300826
-0.000411321
0.0029921
0.0029788
-0.000456281
3.09073e-05
0.000575049
8.73634e-05
0.00151122
0.000142811
0.0022283
0.000182279
0.00272816
0.00020085
0.00304101
0.000200006
0.00321271
0.000184062
0.00328939
0.000157729
0.00330855
0.000124911
0.00329649
8.83678e-05
0.00326967
4.98411e-05
0.00323732
1.03326e-05
0.00320411
-2.96338e-05
0.00317213
-6.98162e-05
0.00314224
-0.000110122
0.00311475
-0.000150519
0.00308989
-0.000190973
0.00306784
-0.000231423
0.00304871
-0.000271779
0.00303246
0.00301899
-0.000311965
3.32853e-05
0.000541764
9.70303e-05
0.00144747
0.000163558
0.00216177
0.000215999
0.00267572
0.000247665
0.00300935
0.000258897
0.00320148
0.000253532
0.00329476
0.000236287
0.00332579
0.000211316
0.00332146
0.0001817
0.00329928
0.000149459
0.00326956
0.000115801
0.00323776
8.13876e-05
0.00320655
4.65464e-05
0.00317708
1.14304e-05
0.00314987
-2.38822e-05
0.00312521
-5.93275e-05
0.00310329
-9.48322e-05
0.00308422
-0.000130315
0.00306794
0.00305439
-0.000165718
3.52556e-05
0.000506508
0.000105659
0.00137707
0.000182884
0.00208455
0.000248343
0.00261026
0.000293523
0.00296417
0.000317447
0.00317755
0.000323308
0.0032889
0.000315711
0.00333339
0.000299011
0.00333816
0.000276604
0.00332169
0.000250817
0.00329534
0.0002231
0.00326548
0.000194279
0.00323537
0.000164796
0.00320656
0.000134878
0.00317979
0.000104654
0.00315543
7.42193e-05
0.00313372
4.36618e-05
0.00311477
1.30583e-05
0.00309854
0.00308499
-1.75434e-05
3.67882e-05
0.00046972
0.000113105
0.00130075
0.000200479
0.00199718
0.000278863
0.00253188
0.000337897
0.00290513
0.000375129
0.00314032
0.000392915
0.00327111
0.000395608
0.0033307
0.00038769
0.00334608
0.000372853
0.00333653
0.000353752
0.00331444
0.000332108
0.00328712
0.000308952
0.00325852
0.000284864
0.00323065
0.000260162
0.00320449
0.000235035
0.00318056
0.000209615
0.00315914
0.000184006
0.00314038
0.000158286
0.00312426
0.00311078
0.000132498
3.78603e-05
0.00043186
0.000119233
0.00121938
0.000216034
0.00190037
0.000307076
0.00244084
0.000380197
0.00283201
0.000431325
0.00308919
0.00046178
0.00324066
0.000475493
0.00331698
0.000476969
0.0033446
0.00047016
0.00334334
0.000458053
0.00332655
0.000442674
0.0033025
0.000425293
0.0032759
0.00040666
0.00324928
0.000387204
0.00322394
0.000367188
0.00320057
0.000346786
0.00317954
0.000326125
0.00316104
0.000305291
0.0031451
0.00313175
0.000284324
3.84582e-05
0.000393401
0.000123928
0.00113391
0.000229245
0.00179506
0.000332477
0.00233761
0.000419772
0.00274472
0.000485326
0.00302364
0.000529221
0.00319676
0.000554769
0.00329144
0.000566363
0.00333301
0.000568152
0.00334155
0.000563445
0.00333126
0.000554597
0.00331135
0.000543154
0.00328735
0.000530067
0.00326237
0.000515907
0.0032381
0.000501023
0.00321546
0.000485646
0.00319492
0.000469932
0.00317676
0.000453981
0.00316105
0.00314789
0.000437838
3.8578e-05
0.000354823
0.000127097
0.00104539
0.000239831
0.00168232
0.000354552
0.00222288
0.000455915
0.00264335
0.000536324
0.00294323
0.000594429
0.00313866
0.000632703
0.00325316
0.00065526
0.00331045
0.000666348
0.00333046
0.000669566
0.00332804
0.000667612
0.0033133
0.000662338
0.00329262
0.000654936
0.00326977
0.000646148
0.00324689
0.000636434
0.00322517
0.000626094
0.00320526
0.000615328
0.00318752
0.000604258
0.00317212
0.00315921
0.000592939
3.82268e-05
0.000316597
0.000128681
0.000954937
0.000247545
0.00156346
0.000372795
0.00209763
0.000487877
0.00252827
0.000583418
0.00284769
0.000656457
0.00306562
0.000708404
0.00320121
0.000742886
0.00327597
0.000764118
0.00330923
0.000775929
0.00331623
0.000781353
0.00330788
0.000782573
0.0032914
0.00078106
0.00327128
0.000777761
0.00325019
0.000773278
0.00322965
0.000768002
0.00321054
0.00076219
0.00319334
0.000755997
0.00317831
0.00316571
0.000749499
3.74235e-05
0.000279173
0.000128656
0.000863704
0.000252194
0.00143992
0.000386738
0.00196309
0.000514899
0.00240011
0.000625626
0.00273696
0.000714227
0.00297702
0.000780811
0.00313463
0.00082829
0.00322849
0.000860668
0.00327685
0.000881908
0.00329499
0.000895346
0.00329444
0.000903511
0.00328324
0.000908182
0.00326661
0.000910554
0.00324782
0.000911406
0.0032288
0.000911245
0.0032107
0.000910406
0.00319418
0.000909094
0.00317962
0.00316739
0.000907411
3.61988e-05
0.000127042
0.000253654
0.000395973
0.000536234
0.00066191
0.00076652
0.000848664
0.000910284
0.000954962
0.000986649
0.00100892
0.00102463
0.00103591
0.00104422
0.00105057
0.00105562
0.00105979
0.00106338
0.00106652
0.0381265
0.00110866
-0.0409653
0.038321
-0.00178252
0.0385885
-0.00171052
0.0388888
-0.00160336
0.0391909
-0.00146855
0.0394925
-0.00133173
0.0397995
-0.00119979
0.0401133
-0.00106783
0.0404318
-0.000932019
0.0407526
-0.000792242
0.0410747
-0.000649611
0.0413979
-0.000504767
0.041722
-0.000357855
0.0420468
-0.00020894
0.0423725
-5.81851e-05
0.0426991
9.41754e-05
0.043027
0.000247891
0.0433566
0.000402715
0.0436884
0.000558402
0.000714703
0.0396052
-0.000342567
-0.0381539
0.0397263
-0.00190366
0.0398163
-0.00180053
0.0399005
-0.00168754
0.0399956
-0.0015637
0.040099
-0.00143513
0.0402052
-0.0013059
0.040313
-0.00117571
0.040424
-0.00104297
0.0405389
-0.000907116
0.0406578
-0.000768555
0.0407808
-0.000627814
0.0409082
-0.000485188
0.0410401
-0.000340813
0.0411767
-0.000194826
0.0413183
-4.7406e-05
0.0414649
0.000101242
0.0416167
0.00025091
0.0417737
0.000401393
0.000552492
0.0394385
-0.0005289
-0.0392521
0.0394453
-0.00191047
0.0394472
-0.00180245
0.0394489
-0.00168927
0.0394588
-0.00157359
0.0394791
-0.0014554
0.0395077
-0.00133452
0.0395431
-0.00121108
0.0395853
-0.00108518
0.039635
-0.000956857
0.0396927
-0.00082626
0.0397585
-0.000693604
0.0398325
-0.000559113
0.0399146
-0.00042298
0.0400052
-0.000285381
0.0401043
-0.000146501
0.0402121
-6.53535e-06
0.0403287
0.000134315
0.0404542
0.000275849
0.000417864
0.0393534
-0.000803641
-0.0390786
0.0393107
-0.00186776
0.039273
-0.0017648
0.039241
-0.00165728
0.0392154
-0.00154792
0.0391966
-0.00143663
0.0391848
-0.0013227
0.0391797
-0.00120601
0.0391814
-0.00108685
0.03919
-0.000965484
0.0392058
-0.000842114
0.0392291
-0.000716892
0.03926
-0.000589987
0.0392986
-0.000461585
0.0393451
-0.000331871
0.0393996
-0.000201033
0.0394624
-6.9257e-05
0.0395334
6.32681e-05
0.0396129
0.000196353
0.00032981
0.0391473
-0.000995226
-0.0389557
0.0390664
-0.0017868
0.0389925
-0.00169097
0.0389258
-0.00159056
0.0388658
-0.00148791
0.0388126
-0.00138343
0.0387666
-0.0012767
0.0387281
-0.00116756
0.0386974
-0.00105615
0.0386747
-0.000942738
0.0386601
-0.000827531
0.0386539
-0.000710683
0.0386562
-0.000592346
0.0386673
-0.000472679
0.0386873
-0.000351855
0.0387163
-0.000230043
0.0387545
-0.000107417
0.0388019
1.58512e-05
0.0388587
0.000139588
0.000263622
0.0388615
-0.00115761
-0.0386991
0.0387597
-0.00168501
0.0386651
-0.00159634
0.0385781
-0.00150357
0.0384986
-0.00140846
0.0384267
-0.0013115
0.0383625
-0.00121251
0.0383063
-0.00111136
0.0382583
-0.00100816
0.0382187
-0.000903101
0.0381876
-0.00079638
0.038165
-0.000688147
0.0381512
-0.000578546
0.0381463
-0.000467726
0.0381503
-0.000355844
0.0381633
-0.000243057
0.0381854
-0.000129527
0.0382166
-1.54149e-05
0.0382571
9.91163e-05
0.000213906
0.0385313
-0.00126496
-0.0384239
0.0384184
-0.00157211
0.0383125
-0.00149045
0.0382142
-0.00140532
0.0381237
-0.00131795
0.038041
-0.00122872
0.037966
-0.00113757
0.0378991
-0.00104444
0.0378404
-0.000949439
0.03779
-0.000852729
0.0377481
-0.000754472
0.0377148
-0.000654813
0.0376901
-0.000553892
0.0376742
-0.000451847
0.0376672
-0.000348824
0.0376691
-0.000244972
0.03768
-0.000140441
0.0377
-3.53807e-05
0.0377291
7.00568e-05
0.000175722
0.0382032
-0.00130873
-0.0381594
0.0380849
-0.00145386
0.0379736
-0.00137907
0.0378696
-0.0013014
0.0377733
-0.00122165
0.0376847
-0.00114008
0.0376038
-0.00105667
0.0375308
-0.00097144
0.0374659
-0.000884498
0.0374091
-0.000795984
0.0373607
-0.00070604
0.0373207
-0.000614798
0.0372892
-0.00052239
0.0372663
-0.000428947
0.037252
-0.000334604
0.0372466
-0.000239499
0.0372499
-0.00014377
0.0372621
-4.75581e-05
0.0372831
4.89977e-05
0.000145758
0.0378992
-0.00128754
-0.0379204
0.0377784
-0.001333
0.0376642
-0.0012649
0.0375572
-0.00119444
0.0374576
-0.00112208
0.0373655
-0.00104796
0.037281
-0.000972113
0.0372041
-0.000894599
0.0371352
-0.000815521
0.0370742
-0.000735006
0.0370213
-0.000653179
0.0369767
-0.000570162
0.0369404
-0.000486075
0.0369125
-0.000401041
0.036893
-0.000315185
0.0368822
-0.000228634
0.0368799
-0.000141515
0.0368863
-5.39571e-05
0.0369014
3.39108e-05
0.00012196
0.0376297
-0.00121591
-0.0377013
0.0375074
-0.00121072
0.0373917
-0.00114916
0.0372829
-0.00108565
0.0371812
-0.00102043
0.0370868
-0.000953562
0.0369998
-0.000885095
0.0369203
-0.000815107
0.0368485
-0.000743704
0.0367845
-0.000671
0.0367284
-0.000597105
0.0366804
-0.00052213
0.0366405
-0.000446184
0.0366088
-0.00036938
0.0365855
-0.000291833
0.0365705
-0.000213658
0.036564
-0.000134972
0.0365659
-5.58905e-05
0.0365763
2.34672e-05
0.000102985
0.0373962
-0.00111412
-0.037498
0.0372728
-0.00108733
0.0371558
-0.00103221
0.0370456
-0.000975436
0.0369423
-0.00091714
0.0368461
-0.000857342
0.0367571
-0.00079609
0.0366755
-0.00073347
0.0366013
-0.000669584
0.0365349
-0.000604532
0.0364762
-0.000538414
0.0364254
-0.000471327
0.0363826
-0.000403372
0.0363478
-0.00033465
0.0363213
-0.000265265
0.0363029
-0.000195319
0.0362929
-0.000124919
0.0362912
-5.41694e-05
0.0362978
1.68241e-05
8.79561e-05
0.0371957
-0.000997357
-0.0373125
0.0370712
-0.000962817
0.036953
-0.000914042
0.0368414
-0.000863858
0.0367366
-0.00081233
0.0366388
-0.000759461
0.036548
-0.000705299
0.0364644
-0.000649927
0.0363883
-0.000593436
0.0363197
-0.000535917
0.0362587
-0.000477457
0.0362055
-0.000418143
0.0361602
-0.000358065
0.0361229
-0.000297312
0.0360936
-0.000235975
0.0360724
-0.000174148
0.0360594
-0.000111923
0.0360546
-4.93933e-05
0.0360581
1.33474e-05
7.6206e-05
0.0370224
-0.000873099
-0.0371466
0.0368967
-0.000837084
0.0367772
-0.000794575
0.0366642
-0.000750867
0.0365579
-0.000705994
0.0364584
-0.000659954
0.0363658
-0.000612787
0.0362805
-0.00056457
0.0362024
-0.000515385
0.0361318
-0.000465311
0.0360688
-0.000414424
0.0360135
-0.000362799
0.0359659
-0.000310515
0.0359262
-0.000257649
0.0358945
-0.000204282
0.0358709
-0.000150494
0.0358553
-9.63653e-05
0.0358479
-4.19771e-05
0.0358487
1.25897e-05
6.72539e-05
0.0368714
-0.000745379
-0.0369991
0.0367444
-0.000710069
0.0366235
-0.000673725
0.036509
-0.000636389
0.0364011
-0.000598081
0.0363
-0.000558787
0.0362057
-0.000518544
0.0361186
-0.000477416
0.0360387
-0.000435474
0.0359661
-0.000392787
0.0359011
-0.000349418
0.0358438
-0.000305432
0.0357941
-0.000260894
0.0357524
-0.00021587
0.0357185
-0.000170428
0.0356926
-0.000124635
0.0356748
-7.85589e-05
0.0356651
-3.2268e-05
0.0356635
1.41696e-05
6.06858e-05
0.0367388
-0.000611718
-0.0368724
0.0366098
-0.000581099
0.0364869
-0.000550846
0.0363703
-0.000519807
0.0362603
-0.000488003
0.0361569
-0.000455419
0.0360604
-0.000422079
0.035971
-0.000388032
0.0358889
-0.000353335
0.0358142
-0.000318044
0.0357469
-0.000282208
0.0356874
-0.000245879
0.0356356
-0.000209108
0.0355917
-0.000171948
0.0355557
-0.000134452
0.0355277
-9.66747e-05
0.0355079
-5.8669e-05
0.0354961
-2.04899e-05
0.0354924
1.78076e-05
5.61692e-05
0.0366276
-0.000469482
-0.0367698
0.0364942
-0.000447719
0.0363671
-0.000423784
0.0362466
-0.000399254
0.0361327
-0.000374151
0.0360258
-0.000348471
0.0359259
-0.000322232
0.0358334
-0.000295466
0.0357482
-0.000268212
0.0356707
-0.000240506
0.0356009
-0.000212384
0.0355389
-0.000183881
0.0354848
-0.000155034
0.0354387
-0.000125882
0.0354008
-9.64623e-05
0.0353709
-6.6816e-05
0.0353492
-3.69827e-05
0.0353357
-7.00357e-06
0.0353304
2.30797e-05
5.32253e-05
0.0365177
-0.000308927
-0.0366783
0.0363741
-0.000304124
0.0362379
-0.000287567
0.0361094
-0.000270736
0.0359887
-0.000253439
0.0358758
-0.000235618
0.0357709
-0.000217311
0.035674
-0.000198569
0.0355852
-0.000179428
0.0355046
-0.000159909
0.0354323
-0.000140032
0.0353682
-0.000119822
0.0353125
-9.9306e-05
0.0352651
-7.85125e-05
0.0352261
-5.74705e-05
0.0351955
-3.621e-05
0.0351733
-1.47619e-05
0.0351595
6.84235e-06
0.035154
2.85706e-05
5.03905e-05
0.0363295
-0.000197812
-0.0364406
0.0361797
-0.000154362
0.0360386
-0.000146458
0.0359064
-0.000138557
0.0357832
-0.000130202
0.0356688
-0.000121231
0.0355632
-0.000111698
0.0354663
-0.000101687
0.0353782
-9.12465e-05
0.0352986
-8.03978e-05
0.0352278
-6.91593e-05
0.0351655
-5.75542e-05
0.0351118
-4.56098e-05
0.0350666
-3.33541e-05
0.03503
-2.0815e-05
0.0350018
-8.01976e-06
0.034982
5.004e-06
0.0349706
1.82283e-05
0.0349676
3.16249e-05
4.5166e-05
0.0357155
-9.2078e-05
-0.0358212
0.0356037
-4.25595e-05
0.0354989
-4.16341e-05
0.0354004
-4.009e-05
0.0353084
-3.81702e-05
0.035223
-3.58825e-05
0.0351445
-3.31972e-05
0.0350729
-3.01105e-05
0.0350083
-2.66401e-05
0.0349508
-2.28127e-05
0.0349003
-1.86556e-05
0.0348569
-1.41939e-05
0.0348207
-9.45143e-06
0.0347918
-4.45007e-06
0.0347702
7.88939e-07
0.034756
6.24424e-06
0.0347491
1.18946e-05
0.0347496
1.77197e-05
0.0347575
2.3699e-05
2.98133e-05
0.0348211
-0.0349132
0.0347785
0.0347369
0.0346968
0.0346586
0.0346228
0.0345896
0.0345594
0.0345328
0.03451
0.0344913
0.0344771
0.0344677
0.0344632
0.034464
0.0344703
0.0344822
0.0344999
0.0345236
0.0364555
3.4045e-05
-2.50552e-05
0.0364273
0.000105712
-7.74945e-05
0.0363822
0.000173272
-0.000128182
0.0363206
0.000246404
-0.000184857
0.0362389
0.000321873
-0.000240148
0.0361393
0.000406703
-0.000307078
0.0360166
0.000495002
-0.00037229
0.0358746
0.000599518
-0.000457607
0.0357059
0.000708575
-0.000539845
0.0355172
0.000844596
-0.000655863
0.0352978
0.000985752
-0.000766343
0.0350602
0.00117096
-0.000933352
0.0347901
0.00136124
-0.00109122
0.0345116
0.00162222
-0.00134364
0.0342069
0.00188718
-0.00158253
0.0339268
0.0022592
-0.00197911
0.0336576
0.00262811
-0.00235885
0.0335415
0.00311869
-0.00300262
0.0336355
0.00355076
-0.00364476
-0.0025483
-0.00478146
0.0364581
4.03829e-05
0.0364407
0.000123125
0.0364093
0.000204684
0.036371
0.000284721
0.0363169
0.000375988
0.0362586
0.000464997
0.0361815
0.000572121
0.0361061
0.000674855
0.0360081
0.000806626
0.0359237
0.000928942
0.0358118
0.00109772
0.0357369
0.00124577
0.0356296
0.00146856
0.0356052
0.00164667
0.0355466
0.00194575
0.0356554
0.00215035
0.0357369
0.00254664
0.0361245
0.00273112
0.0365207
0.00315456
-0.00418158
0.0364612
4.36438e-05
0.0364535
0.000130785
0.0364393
0.000218977
0.0364223
0.000301677
0.0363994
0.000398873
0.0363768
0.00048761
0.0363496
0.000599297
0.0363279
0.00069661
0.0363049
0.000829574
0.0362965
0.000937318
0.0362944
0.0010999
0.0363225
0.00121762
0.0363724
0.00141865
0.0364798
0.00153926
0.0366432
0.00178236
0.036914
0.00187956
0.0373136
0.00214705
0.0378794
0.00216535
0.0385778
0.00245615
-0.00485591
0.0364643
4.38031e-05
0.0364648
0.000130264
0.0364654
0.000218355
0.0364666
0.000300517
0.0364701
0.000395428
0.0364764
0.000481244
0.036489
0.000586742
0.0365083
0.000677259
0.0365406
0.00079727
0.0365859
0.000892036
0.0366557
0.00103012
0.0367479
0.00112545
0.0368835
0.00128299
0.037054
0.00136876
0.037294
0.00154241
0.0375717
0.00160179
0.0379278
0.00179099
0.0382736
0.0018196
0.0386813
0.00204841
-0.00525326
0.0364666
4.16726e-05
0.0364732
0.000123701
0.0364843
0.000207227
0.0364988
0.000285993
0.0365204
0.000373816
0.0365473
0.00045438
0.0365854
0.000548587
0.0366317
0.00063102
0.0366957
0.00073325
0.0367717
0.000816068
0.0368748
0.000926988
0.036994
0.00100624
0.0371519
0.0011251
0.0373264
0.00119427
0.0375482
0.00132056
0.0377764
0.00137364
0.0380564
0.00151095
0.0383339
0.00154217
0.0386936
0.00168868
-0.0055154
0.0364679
3.82439e-05
0.0364782
0.000113418
0.0364953
0.000190065
0.0365182
0.000263169
0.0365499
0.000342064
0.0365887
0.000415555
0.0366397
0.000497623
0.0366997
0.000571047
0.0367762
0.000656727
0.0368638
0.000728517
0.0369731
0.000817647
0.0370943
0.000885029
0.0372421
0.000977281
0.0373996
0.00103677
0.0375877
0.00113248
0.0377817
0.00117963
0.0380147
0.00127801
0.0382541
0.00130274
0.0385461
0.00139668
-0.00566844
0.0364684
3.42798e-05
0.0364804
0.000101487
0.0365001
0.000170357
0.0365267
0.000236516
0.0365625
0.0003063
0.0366061
0.00037192
0.0366609
0.000442889
0.0367246
0.000507329
0.0368018
0.000579483
0.0368889
0.00064146
0.0369919
0.000714584
0.0371048
0.000772194
0.037236
0.000846049
0.0373762
0.000896572
0.0375382
0.000970526
0.0377086
0.00100918
0.0379057
0.00108091
0.038109
0.00109949
0.0383402
0.00116542
-0.00575215
0.0364685
3.02674e-05
0.0364806
8.94105e-05
0.0365005
0.000150442
0.0365277
0.000209293
0.0365635
0.000270511
0.0366071
0.000328333
0.0366603
0.000389666
0.0367219
0.000445767
0.0367943
0.000507045
0.0368754
0.000560334
0.0369687
0.000621261
0.0370708
0.000670103
0.0371867
0.000730174
0.0373113
0.000772025
0.0374515
0.000830292
0.0375994
0.000861283
0.0377638
0.000916526
0.0379317
0.000931584
0.0381146
0.000982501
-0.00579699
0.0364682
2.64838e-05
0.0364796
7.80721e-05
0.0364984
0.000131674
0.0365242
0.000183455
0.0365578
0.000236901
0.0365987
0.000287458
0.0366479
0.000340487
0.0367045
0.000389094
0.0367702
0.000441411
0.0368435
0.000487028
0.0369265
0.000538205
0.0370173
0.000579303
0.0371188
0.000628749
0.0372276
0.000663182
0.0373476
0.00071027
0.0374736
0.000735297
0.0376104
0.000779684
0.0377503
0.000791726
0.0379001
0.000832716
-0.00581729
0.0364679
2.30626e-05
0.0364781
6.78827e-05
0.0364951
0.000114694
0.0365186
0.000159951
0.036549
0.000206464
0.036586
0.000250467
0.0366302
0.00029632
0.0366809
0.000338331
0.0367392
0.000383153
0.036804
0.000422177
0.0368767
0.000465485
0.0369559
0.000500141
0.0370433
0.000541398
0.0371365
0.000569942
0.037238
0.000608786
0.0373442
0.00062912
0.0374584
0.000665451
0.0375755
0.000674669
0.0377
0.000708218
-0.00581864
0.0364675
2.00455e-05
0.0364764
5.89601e-05
0.0364914
9.97024e-05
0.0365122
0.000139114
0.0365392
0.000179513
0.0365719
0.000217733
0.0366108
0.000257394
0.0366555
0.000293723
0.0367063
0.000332273
0.0367627
0.000365831
0.0368253
0.000402836
0.036893
0.000432426
0.0369671
0.000467384
0.0370455
0.000491454
0.0371304
0.000523968
0.0372188
0.000540689
0.0373135
0.000570718
0.0374103
0.000577853
0.0375129
0.000605705
-0.00580375
0.0364671
1.74165e-05
0.0364748
5.12566e-05
0.0364879
8.66485e-05
0.036506
0.000120926
0.0365296
0.000156
0.0365581
0.000189224
0.0365919
0.000223591
0.0366305
0.000255122
0.0366743
0.000288436
0.0367226
0.000317541
0.0367759
0.000349485
0.0368331
0.00037523
0.0368951
0.000405402
0.0369602
0.000426389
0.03703
0.000454185
0.0371021
0.000468518
0.0371792
0.000493646
0.0372575
0.000499592
0.0373403
0.000522878
-0.00577593
0.0364668
1.51163e-05
0.0364734
4.4602e-05
0.0364848
7.52845e-05
0.0365006
0.000105096
0.036521
0.00013558
0.0365457
0.000164586
0.0365747
0.000194518
0.0366077
0.000222126
0.036645
0.00025113
0.0366859
0.000276659
0.036731
0.000304449
0.036779
0.000327224
0.0368307
0.000353688
0.0368842
0.000372835
0.0369409
0.000397561
0.0369982
0.000411162
0.0370589
0.000432947
0.0371201
0.000438436
0.0371855
0.000457466
-0.00573709
0.0364665
1.30468e-05
0.0364724
3.87088e-05
0.0364826
6.51566e-05
0.0364966
9.10401e-05
0.0365147
0.000117521
0.0365362
0.00014301
0.0365615
0.000169291
0.0365897
0.000193912
0.0366212
0.00021959
0.0366553
0.000242591
0.0366926
0.000267111
0.0367322
0.000287655
0.0367751
0.000310838
0.0368192
0.000328667
0.0368656
0.000351153
0.0369109
0.000365878
0.036957
0.000386854
0.0370008
0.000394661
0.0370476
0.000410613
-0.00568856
0.0364664
1.10758e-05
0.0364719
3.32013e-05
0.0364815
5.56223e-05
0.0364946
7.79188e-05
0.0365115
0.000100652
0.0365313
0.000123129
0.0365544
0.000146197
0.0365796
0.000168738
0.0366072
0.000191968
0.0366358
0.000214041
0.0366663
0.000236643
0.036697
0.000256868
0.0367305
0.000277378
0.0367648
0.000294417
0.0368029
0.000313057
0.0368398
0.000328897
0.0368774
0.000349282
0.0369072
0.000364891
0.0369361
0.000381678
-0.00562487
0.0364665
9.06301e-06
0.036472
2.7685e-05
0.0364817
4.59575e-05
0.0364948
6.47931e-05
0.0365119
8.35558e-05
0.0365318
0.000103222
0.0365552
0.000122767
0.0365802
0.000143731
0.0366078
0.000164431
0.0366346
0.000187189
0.0366623
0.000208995
0.0366861
0.000233013
0.0367099
0.000253584
0.0367292
0.000275139
0.0367534
0.00028887
0.0367774
0.000304863
0.036812
0.000314682
0.0368365
0.000340411
0.036855
0.000363148
-0.00553966
0.0364666
6.93884e-06
0.0364725
2.17667e-05
0.0364828
3.5618e-05
0.0364969
5.0762e-05
0.0365153
6.51106e-05
0.036537
8.15745e-05
0.0365629
9.68079e-05
0.0365911
0.000115552
0.0366231
0.000132474
0.036655
0.000155287
0.0366886
0.000175398
0.0367166
0.000205027
0.0367407
0.000229439
0.0367497
0.00026618
0.0367511
0.000287458
0.0367391
0.000316781
0.0367446
0.000309201
0.0367664
0.000318619
0.0368183
0.000311289
-0.00539967
0.0364666
4.7649e-06
0.0364734
1.505e-05
0.0364844
2.45346e-05
0.0365002
3.50498e-05
0.0365202
4.50517e-05
0.036545
5.67449e-05
0.0365742
6.76836e-05
0.0366082
8.14782e-05
0.0366464
9.42854e-05
0.0366896
0.00011209
0.036736
0.000129042
0.0367856
0.000155367
0.0368325
0.000182566
0.0368709
0.000227825
0.0368819
0.00027638
0.0368502
0.000348492
0.0367586
0.00040083
0.0366448
0.000432446
0.0365904
0.000365689
-0.0052499
0.0364668
2.47785e-06
0.0364742
7.61275e-06
0.0364861
1.26726e-05
0.0365033
1.78045e-05
0.0365251
2.32972e-05
0.0365528
2.89497e-05
0.0365853
3.52693e-05
0.0366248
4.18896e-05
0.0366694
4.97711e-05
0.0367231
5.83065e-05
0.0367828
6.93703e-05
0.036856
8.22286e-05
0.0369373
0.00010119
0.0370377
0.000127436
0.0371398
0.000174293
0.0372339
0.000254443
0.0372315
0.000403183
0.0370321
0.000631897
0.0365002
0.00089751
-0.0045709
0.0364669
0.0364746
0.0364872
0.036505
0.0365283
0.0365573
0.0365925
0.0366344
0.0366842
0.0367425
0.0368119
0.0368941
0.0369953
0.0371227
0.037297
0.0375515
0.0379547
0.0385866
0.0394841
0.00355401
-1.67348e-05
-1.7398e-06
0.00357022
-1.09276e-05
-5.28707e-06
0.00358428
-5.23486e-06
-8.82428e-06
0.00359581
8.39496e-07
-1.23688e-05
0.00360492
6.67327e-06
-1.57845e-05
0.00361096
1.31212e-05
-1.91616e-05
0.00361409
1.91765e-05
-2.2302e-05
0.00361322
2.62878e-05
-2.5421e-05
0.00360861
3.28475e-05
-2.82334e-05
0.00359848
4.12397e-05
-3.1109e-05
0.00358324
4.89197e-05
-3.36826e-05
0.00355988
5.98319e-05
-3.64671e-05
0.00352915
6.984e-05
-3.91105e-05
0.00348547
8.58141e-05
-4.21344e-05
0.00343046
0.000100481
-4.54711e-05
0.00335267
0.000127072
-4.92805e-05
0.00325578
0.000151268
-5.43838e-05
0.00311388
0.000201721
-5.98155e-05
0.0029355
0.000246746
-6.83667e-05
0.00035505
-7.68301e-05
0.0035537
-3.49041e-05
0.00356961
-2.68323e-05
0.00358335
-1.89795e-05
0.00359457
-1.0372e-05
0.00360336
-2.11658e-06
0.00360907
7.40443e-06
0.00361187
1.63775e-05
0.00361068
2.74821e-05
0.00360573
3.77921e-05
0.00359527
5.16993e-05
0.0035797
6.44915e-05
0.00355601
8.35205e-05
0.00352494
0.000100909
0.00348096
0.000129794
0.00342562
0.000155827
0.0033476
0.000205092
0.00325044
0.000248428
0.00310849
0.000343665
0.00293009
0.000425148
0.000632978
0.00355309
-5.2464e-05
0.00356838
-4.21202e-05
0.0035815
-3.20996e-05
0.00359208
-2.09533e-05
0.00360024
-1.02701e-05
0.00360531
2.3283e-06
0.00360747
1.4225e-05
0.00360562
2.93259e-05
0.00360002
4.33935e-05
0.00358891
6.28144e-05
0.00357266
8.07332e-05
0.00354832
0.000107861
0.00351657
0.000132666
0.00347197
0.000174388
0.00341593
0.000211867
0.00333743
0.000283595
0.00323968
0.000346181
0.00309761
0.000485729
0.0029191
0.000603663
0.000910362
0.00355218
-6.91116e-05
0.00356655
-5.64852e-05
0.00357873
-4.42861e-05
0.00358837
-3.05933e-05
0.00359558
-1.74733e-05
0.0035997
-1.79129e-06
0.00360088
1.30378e-05
0.00359807
3.21401e-05
0.00359149
4.99764e-05
0.00357939
7.49111e-05
0.00356215
9.79782e-05
0.00353683
0.000133181
0.00350404
0.000165455
0.00345851
0.000219912
0.00340142
0.000268955
0.00332218
0.000362837
0.00322352
0.000444845
0.00308125
0.000627992
0.00290253
0.000782384
0.00118692
0.00355097
-8.45452e-05
0.00356411
-6.96227e-05
0.00357505
-5.52315e-05
0.00358344
-3.89823e-05
0.00358938
-2.3414e-05
0.00359223
-4.64001e-06
0.00359213
1.31328e-05
0.00358803
3.62441e-05
0.00358014
5.78638e-05
0.00356674
8.83145e-05
0.00354816
0.000116557
0.00352153
0.000159809
0.00348737
0.00019962
0.00344059
0.000266686
0.00338211
0.000327442
0.00330186
0.000443081
0.00320196
0.000544742
0.00305943
0.000770525
0.00288041
0.000961406
0.00146229
0.00354945
-9.84649e-05
0.00356106
-8.12301e-05
0.00357046
-6.46302e-05
0.00357729
-4.58127e-05
0.00358166
-2.77819e-05
0.00358292
-5.90573e-06
0.00358123
1.48252e-05
0.00357552
4.19553e-05
0.00356601
6.73763e-05
0.00355097
0.000103348
0.00353073
0.000136799
0.00350247
0.000188077
0.00346659
0.000235497
0.00341824
0.000315034
0.00335801
0.000387676
0.00327649
0.000524594
0.00317505
0.00064619
0.00303218
0.000913395
0.00285276
0.00114083
0.00173608
0.00354764
-0.000110573
0.00355742
-9.10073e-05
0.00356497
-7.21791e-05
0.00356994
-5.07794e-05
0.00357242
-3.02694e-05
0.0035718
-5.27894e-06
0.0035682
1.84268e-05
0.00356056
4.95886e-05
0.00354911
7.88314e-05
0.00353212
0.000120335
0.00350989
0.000159027
0.00347966
0.000218313
0.00344173
0.000273419
0.00339148
0.000365285
0.00332917
0.000449994
0.00324611
0.000607653
0.00314279
0.000749507
0.00299953
0.00105666
0.0028196
0.00132075
0.00200778
0.00354554
-0.000120576
0.00355319
-9.8657e-05
0.00355859
-7.75782e-05
0.00356139
-5.35807e-05
0.00356169
-3.05722e-05
0.00355886
-2.4534e-06
0.00355304
2.42469e-05
0.00354318
5.94556e-05
0.00352947
9.25433e-05
0.00351021
0.000139594
0.00348567
0.000183561
0.00345314
0.000250848
0.00341285
0.000313712
0.00336036
0.000417773
0.00329562
0.000514726
0.00321073
0.000692546
0.00310524
0.000855003
0.00296153
0.00120037
0.002781
0.00150128
0.00227679
0.00354314
-0.000128181
0.00354837
-0.000103885
0.00355132
-8.05309e-05
0.00355166
-5.39181e-05
0.00354948
-2.83894e-05
0.00354415
2.87331e-06
0.00353581
3.25904e-05
0.0035234
7.18644e-05
0.00350712
0.000108822
0.00348527
0.000161441
0.00345811
0.000210718
0.00342295
0.000286011
0.00337997
0.000356696
0.0033249
0.000472842
0.00325744
0.00058219
0.0031704
0.00077958
0.00306243
0.000962973
0.00291823
0.00134457
0.002737
0.00168251
0.00254236
0.00354046
-0.000133101
0.00354297
-0.000106402
0.00354319
-8.07443e-05
0.00354077
-5.14975e-05
0.0035358
-2.34241e-05
0.00352767
1.09993e-05
0.00351651
4.37586e-05
0.00350125
8.71181e-05
0.0034821
0.000127974
0.00345735
0.000186188
0.00342726
0.000240808
0.00338914
0.000324129
0.00334316
0.000402682
0.00328516
0.000530837
0.00321466
0.00065269
0.00312516
0.000869077
0.00301445
0.00107369
0.00286971
0.00148931
0.00268768
0.00186454
0.0028036
0.00353749
-0.000135053
0.00353701
-0.000105923
0.00353419
-7.793e-05
0.00352872
-4.60295e-05
0.00352068
-1.53844e-05
0.00350947
2.22175e-05
0.00349518
5.80476e-05
0.00347678
0.000105515
0.00345445
0.000150301
0.0034265
0.000214143
0.00339317
0.000274138
0.00335177
0.000365527
0.00330247
0.00045198
0.0032412
0.000592109
0.00316737
0.000726519
0.00307506
0.000961386
0.00296136
0.0011874
0.00281602
0.00163465
0.00263313
0.00204742
0.00305944
0.00353424
-0.000133757
0.00353048
-0.000102165
0.00352436
-7.18046e-05
0.00351556
-3.72298e-05
0.00350416
-3.98315e-06
0.00348956
3.68156e-05
0.00347186
7.57485e-05
0.00345002
0.000127347
0.00342423
0.000176098
0.00339276
0.000245607
0.00335589
0.00031101
0.0033109
0.000410521
0.00325799
0.000504891
0.00319309
0.000657009
0.00311565
0.000803954
0.00302016
0.00105688
0.00290326
0.0013043
0.00275724
0.00178068
0.0025735
0.00223116
0.00330859
0.00353072
-0.00012894
0.00352341
-9.48541e-05
0.00351369
-6.20896e-05
0.00350128
-2.48196e-05
0.00348624
1.10609e-05
0.00346798
5.50746e-05
0.00344658
9.71463e-05
0.00342103
0.0001529
0.00339147
0.000205657
0.0033562
0.000280871
0.00331549
0.00035172
0.00326659
0.000459424
0.00320977
0.000561713
0.00314089
0.000725886
0.00305958
0.000885263
0.00296052
0.00115594
0.0028403
0.00142452
0.00269345
0.00192753
0.00250895
0.00241565
0.00354948
0.00352693
-0.000120333
0.00351579
-8.37195e-05
0.00350222
-4.85128e-05
0.00348592
-8.52676e-06
0.00346696
3.00225e-05
0.00344477
7.72686e-05
0.00341939
0.000122519
0.00338984
0.000182451
0.00335624
0.00023926
0.00331689
0.000320221
0.00327205
0.000396559
0.00321894
0.000512535
0.00315792
0.000622739
0.00308472
0.000799082
0.00299928
0.000970705
0.00289623
0.00125898
0.0027726
0.00154816
0.00262473
0.00207539
0.00243977
0.00260061
0.00378026
0.00352287
-0.000107673
0.00350765
-6.84977e-05
0.00348995
-3.0808e-05
0.00346951
1.19137e-05
0.00344636
5.31688e-05
0.00341997
0.000103663
0.00339035
0.000152137
0.00335653
0.000216266
0.00331861
0.000277182
0.0032749
0.000363927
0.00322565
0.000445809
0.00316805
0.000570138
0.00310253
0.000688258
0.00302469
0.000876919
0.00293486
0.00106054
0.00282743
0.00136642
0.00270035
0.00167523
0.00255118
0.00222456
0.00236632
0.00278547
0.00399873
0.00351857
-9.07031e-05
0.003499
-4.89311e-05
0.00347691
-8.71704e-06
0.00345206
3.67584e-05
0.00342447
8.07585e-05
0.00339362
0.000134514
0.0033595
0.000186261
0.00332116
0.000254603
0.00327866
0.000319688
0.00323034
0.000412246
0.00317641
0.00049974
0.00311405
0.000632497
0.00304376
0.000758549
0.00296099
0.000959692
0.00286651
0.00115502
0.00275429
0.00147863
0.00262381
0.00180571
0.00247292
0.00237545
0.00228914
0.00296925
0.00420217
0.00351401
-6.91736e-05
0.00348984
-2.47698e-05
0.00346312
1.80108e-05
0.00343362
6.62561e-05
0.00340134
0.000113042
0.00336578
0.00017007
0.0033269
0.000225142
0.00328379
0.000297707
0.00323645
0.000367033
0.00318327
0.000465425
0.00312439
0.000558618
0.00305703
0.000699862
0.00298168
0.000833891
0.00289371
0.00104767
0.00279432
0.0012544
0.00267699
0.00159597
0.0025432
0.00193951
0.00239015
0.0025285
0.00220903
0.00315037
0.00438763
0.0035092
-4.28404e-05
0.0034802
4.22812e-06
0.0034486
4.96171e-05
0.00341421
0.000100648
0.00337698
0.000150263
0.00333648
0.000210575
0.00329259
0.000269031
0.00324447
0.000345831
0.00319202
0.000419479
0.00313372
0.000523724
0.00306962
0.000622722
0.00299697
0.000772504
0.00291628
0.000914588
0.00282282
0.00114112
0.00271825
0.00135898
0.00259555
0.00171867
0.00245864
0.00207642
0.00230333
0.0026838
0.00212775
0.00332595
0.00455097
0.00350417
-1.14708e-05
0.0034701
3.82886e-05
0.0034334
8.63267e-05
0.00339389
0.000140156
0.00335151
0.000192644
0.00330584
0.000256244
0.00325672
0.000318146
0.00320338
0.000399176
0.00314562
0.000477236
0.00308202
0.000587324
0.00301249
0.000692252
0.00293443
0.000850568
0.00284819
0.00100083
0.00274917
0.00124014
0.00263923
0.00146891
0.00251114
0.00184676
0.00237122
0.00221634
0.00221364
0.00284138
0.00205005
0.00348954
0.0046952
0.00349901
0.0034598
0.00341795
0.00337325
0.00332574
0.00327491
0.00322076
0.00316233
0.00309972
0.00303118
0.00295709
0.00287431
0.00278392
0.00268042
0.00256681
0.00243446
0.00229194
0.00213071
0.00197549
0.00349902
1.51972e-05
2.13199e-05
0.00345986
-2.69448e-05
6.61002e-05
0.00341811
-6.74133e-05
0.000109167
0.00337355
-0.000113803
0.000158365
0.00332621
-0.000159176
0.000206516
0.00327555
-0.000215947
0.000266604
0.00322158
-0.000271589
0.000325558
0.0031633
-0.000346664
0.000404943
0.0031008
-0.000419533
0.000482033
0.00303231
-0.000524542
0.000593037
0.00295817
-0.000625288
0.000699428
0.00287523
-0.000779083
0.000862022
0.00278452
-0.00092575
0.00101646
0.00268055
-0.00116052
0.0012645
0.00256617
-0.00138541
0.00149979
0.00243278
-0.0017581
0.00189148
0.00228873
-0.00212177
0.00226582
0.00212545
-0.0027407
0.00290398
0.00196748
-0.00337696
0.00353492
-0.00457573
0.004669
0.00350419
4.6546e-05
0.0034702
7.04505e-06
0.0034336
-3.08187e-05
0.00339424
-7.44443e-05
0.00335204
-0.00011697
0.00330655
-0.000170463
0.00325762
-0.000222658
0.00320444
-0.000293477
0.0031468
-0.000361895
0.00308325
-0.000460995
0.00301368
-0.000555722
0.00293548
-0.000700875
0.00284893
-0.000839204
0.00274944
-0.00106104
0.00263875
-0.00127472
0.00250964
-0.00162899
0.00236823
-0.00198035
0.0022086
-0.00258107
0.00204256
-0.00321091
-0.0044268
0.00350922
7.28584e-05
0.00348029
3.5974e-05
0.0034488
6.75412e-07
0.00341455
-4.01967e-05
0.0033775
-7.99181e-05
0.00333717
-0.000130136
0.00329346
-0.000178945
0.00324549
-0.000245505
0.00319316
-0.000309563
0.00313491
-0.000402747
0.00307077
-0.000491585
0.00299799
-0.000628098
0.00291701
-0.00075822
0.00282312
-0.000967147
0.00271784
-0.00116944
0.00259417
-0.00150532
0.00245589
-0.00184206
0.00229861
-0.0024238
0.00212076
-0.00303306
-0.00425916
0.00351403
9.43674e-05
0.00348993
6.00688e-05
0.00346331
2.72946e-05
0.00343395
-1.08383e-05
0.00340183
-4.77977e-05
0.00336645
-9.47511e-05
0.00332774
-0.000140233
0.00328478
-0.000202546
0.00323754
-0.000262327
0.00318441
-0.000349616
0.0031255
-0.000432675
0.00305801
-0.000560605
0.00298239
-0.000682604
0.002894
-0.000878757
0.00279395
-0.00106939
0.0026757
-0.00138708
0.00254063
-0.00170699
0.00238571
-0.00226889
0.00220243
-0.00284977
-0.00407008
0.00351859
0.000111317
0.00349908
7.95715e-05
0.0034771
4.92812e-05
0.00345238
1.38728e-05
0.00342495
-2.03643e-05
0.00339426
-6.40628e-05
0.0033603
-0.000106271
0.0033221
-0.000164347
0.0032797
-0.000219924
0.00323143
-0.000301343
0.00317746
-0.000378711
0.00311498
-0.000498123
0.00304443
-0.00061205
0.00296126
-0.000795587
0.00286615
-0.000974288
0.00275306
-0.00127399
0.00262139
-0.00157532
0.00246876
-0.00211626
0.00228294
-0.00266395
-0.00386347
0.00352289
0.000123958
0.00350773
9.47326e-05
0.00349013
6.68862e-05
0.00346981
3.41859e-05
0.00344682
2.63279e-06
0.00342058
-3.7823e-05
0.00339111
-7.68056e-05
0.00335743
-0.000130661
0.0033196
-0.000182098
0.00327594
-0.000257678
0.00322665
-0.000329428
0.00316893
-0.000440401
0.00310316
-0.000546282
0.00302495
-0.000717372
0.00293453
-0.000883869
0.00282628
-0.00116573
0.0026981
-0.00144714
0.00254733
-0.00196549
0.00236053
-0.00247716
-0.00364221
0.00352695
0.000132547
0.00351587
0.00010581
0.00350239
8.03685e-05
0.00348621
5.03582e-05
0.00346739
2.14528e-05
0.00344535
-1.57755e-05
0.00342012
-5.15775e-05
0.00339069
-0.000101233
0.00335718
-0.000148586
0.00331787
-0.000218368
0.003273
-0.000284558
0.00321978
-0.000387178
0.00315852
-0.000485022
0.00308497
-0.000643822
0.00299898
-0.00079788
0.00289517
-0.00106193
0.0027705
-0.00132247
0.00262118
-0.00181616
0.0024344
-0.00229038
-0.00340897
0.00353074
0.000137346
0.00352348
0.000113067
0.00351385
8.99943e-05
0.00350156
6.26549e-05
0.00348665
3.63635e-05
0.00346852
2.34576e-06
0.00344726
-3.0316e-05
0.00342183
-7.57961e-05
0.00339235
-0.000119112
0.00335712
-0.000183141
0.00331639
-0.000243818
0.00326738
-0.000338172
0.00321034
-0.000427982
0.00314113
-0.000574614
0.00305931
-0.000716062
0.00295955
-0.000962167
0.00283836
-0.00120128
0.0026902
-0.001668
0.00250401
-0.00210419
-0.00316591
0.00353426
0.000138626
0.00353055
0.000116774
0.00352451
9.60366e-05
0.00351581
7.13487e-05
0.00350454
4.76401e-05
0.00349007
1.68151e-05
0.00347249
-1.27424e-05
0.00345077
-5.40719e-05
0.00342505
-9.33946e-05
0.00339362
-0.000151713
0.00335672
-0.000206919
0.00331163
-0.000293081
0.00325852
-0.000374868
0.00319332
-0.00050941
0.00311541
-0.000638156
0.00301928
-0.000866039
0.00290149
-0.00108349
0.00275428
-0.00152079
0.00256898
-0.00191889
-0.00291484
0.0035375
0.000136659
0.00353707
0.000117207
0.00353433
9.87738e-05
0.00352896
7.67188e-05
0.00352104
5.55644e-05
0.00350994
2.79142e-05
0.00349577
1.42873e-06
0.00347747
-3.57752e-05
0.00345522
-7.11416e-05
0.0034273
-0.000123792
0.00339394
-0.000173564
0.00335246
-0.000251596
0.00330297
-0.000325383
0.00324142
-0.00044786
0.00316716
-0.000563893
0.00307427
-0.000773153
0.00295974
-0.00096896
0.00281335
-0.0013744
0.00262903
-0.00173457
-0.00265731
0.00354047
0.000131724
0.00354303
0.000114647
0.00354331
9.84898e-05
0.00354098
7.90496e-05
0.00353612
6.04238e-05
0.00352811
3.59309e-05
0.00351705
1.24888e-05
0.00350188
-2.06135e-05
0.0034828
-5.20571e-05
0.00345808
-9.90752e-05
0.00342797
-0.000143451
0.00338977
-0.000213399
0.00334362
-0.000279226
0.00328537
-0.000389615
0.00321447
-0.000492996
0.00312446
-0.000683139
0.00301299
-0.000857491
0.00286732
-0.00122872
0.00268399
-0.00155125
-0.00239458
0.00354315
0.000124106
0.00354842
0.00010938
0.00355144
9.54733e-05
0.00355186
7.8631e-05
0.00354977
6.25109e-05
0.00354454
4.11587e-05
0.00353629
2.07346e-05
0.00352397
-8.28835e-06
0.00350775
-3.58395e-05
0.00348593
-7.72571e-05
0.00345876
-0.000116274
0.00342352
-0.000178166
0.00338039
-0.000236088
0.0033251
-0.000334324
0.00325727
-0.000425174
0.00316978
-0.000595649
0.00306114
-0.000748842
0.00291612
-0.00108371
0.00273373
-0.00136885
-0.00212771
0.00354555
0.000114092
0.00355323
0.000101696
0.00355869
9.00172e-05
0.00356156
7.57576e-05
0.00356195
6.21228e-05
0.00355921
4.38961e-05
0.00355348
2.64675e-05
0.00354369
1.50403e-06
0.00353003
-2.21822e-05
0.0035108
-5.80247e-05
0.00348625
-9.17218e-05
0.00345365
-0.000145571
0.00341322
-0.000195658
0.00336054
-0.00028164
0.00329548
-0.000360122
0.00321019
-0.000510358
0.00310409
-0.000642744
0.00295968
-0.000939286
0.00277813
-0.00118731
-0.00185759
0.00354765
0.000101973
0.00355746
9.18887e-05
0.00356506
8.24185e-05
0.00357009
7.07277e-05
0.00357265
5.95606e-05
0.0035721
4.44458e-05
0.00356858
2.9993e-05
0.00356101
9.07187e-06
0.0035496
-1.0775e-05
0.00353264
-4.10617e-05
0.00351039
-6.94782e-05
0.00348011
-0.000115283
0.00344206
-0.000157616
0.00339165
-0.000231222
0.00332905
-0.000297524
0.00324565
-0.000426958
0.0031418
-0.0005389
0.00299793
-0.000795414
0.00281713
-0.00100651
-0.00158494
0.00354946
8.80448e-05
0.0035611
8.02556e-05
0.00357054
7.29774e-05
0.00357742
6.38435e-05
0.00358185
5.51291e-05
0.00358318
4.31144e-05
0.00358156
3.16204e-05
0.0035759
1.47271e-05
0.00356643
-1.30327e-06
0.00355142
-2.60481e-05
0.00353116
-4.92233e-05
0.00350285
-8.69718e-05
0.00346687
-0.000121636
0.00341838
-0.000182733
0.00335791
-0.000237052
0.00327611
-0.00034516
0.00317421
-0.000437003
0.00303084
-0.000652035
0.00285067
-0.000826346
-0.00131037
0.00355098
7.26041e-05
0.00356413
6.70971e-05
0.00357511
6.19972e-05
0.00358355
5.54102e-05
0.00358954
4.91361e-05
0.00359244
4.02115e-05
0.0035924
3.1662e-05
0.00358834
1.87849e-05
0.00358049
6.55059e-06
0.0035671
-1.26618e-05
0.00354851
-3.06329e-05
0.00352185
-6.03078e-05
0.0034876
-8.73865e-05
0.00344071
-0.000135845
0.00338203
-0.000178367
0.00330155
-0.000264684
0.00320129
-0.000336738
0.00305834
-0.000509088
0.00287871
-0.00064672
-0.00103436
0.00355219
5.59509e-05
0.00356657
5.27156e-05
0.00357878
4.97834e-05
0.00358846
4.57356e-05
0.0035957
4.1892e-05
0.00359986
3.60495e-05
0.00360109
3.04329e-05
0.00359832
2.1563e-05
0.00359176
1.31073e-05
0.00357968
-5.78701e-07
0.00356242
-1.33793e-05
0.00353707
-3.49608e-05
0.00350422
-5.45306e-05
0.00345861
-9.02322e-05
0.00340136
-0.000121124
0.00332194
-0.000185262
0.00322299
-0.000237785
0.00308041
-0.000366506
0.00290122
-0.00046753
-0.000757318
0.0035531
3.83869e-05
0.0035684
3.7416e-05
0.00358154
3.66437e-05
0.00359214
3.51294e-05
0.00360033
3.37092e-05
0.00360543
3.09431e-05
0.00360762
2.82504e-05
0.0036058
2.33808e-05
0.00360022
1.86898e-05
0.00358911
1.05266e-05
0.00357286
2.86867e-06
0.0035485
-1.06015e-05
0.0035167
-2.27264e-05
0.00347204
-4.55753e-05
0.00341589
-6.49742e-05
0.00333726
-0.000106632
0.0032393
-0.000139826
0.00309701
-0.000224215
0.00291816
-0.000288681
-0.00047959
0.00355371
2.02152e-05
0.00356962
2.15041e-05
0.00358337
2.28873e-05
0.0035946
2.3903e-05
0.00360341
2.49017e-05
0.00360914
2.5208e-05
0.00361196
2.54335e-05
0.00361078
2.45595e-05
0.00360585
2.36231e-05
0.0035954
2.09802e-05
0.00357982
1.84442e-05
0.00355612
1.30984e-05
0.00352502
8.37132e-06
0.003481
-1.55778e-06
0.00342559
-9.56131e-06
0.0033475
-2.85364e-05
0.00325021
-4.25421e-05
0.00310813
-8.21353e-05
0.00292953
-0.000110079
-0.000201458
0.00355401
0.00357023
0.00358429
0.00359582
0.00360494
0.00361099
0.00361412
0.00361326
0.00360865
0.00359852
0.00358328
0.00355991
0.00352917
0.00348548
0.00343045
0.00335263
0.00325571
0.00311375
0.00293531
0.036467
-2.55425e-06
0.0364749
-7.83368e-06
0.0364879
-1.30325e-05
0.0365062
-1.82897e-05
0.0365301
-2.38883e-05
0.0365597
-2.96331e-05
0.0365957
-3.60079e-05
0.0366384
-4.26813e-05
0.0366889
-5.05539e-05
0.036748
-5.91063e-05
0.0368181
-7.00885e-05
0.0369011
-8.29377e-05
0.0370028
-0.00010174
0.0371308
-0.00012796
0.0373053
-0.000174574
0.03756
-0.00025467
0.0379631
-0.000403059
0.0385947
-0.000631627
0.0394915
-0.000896808
0.00456951
0.034922
0.0364668
-4.91541e-06
0.0364745
-1.54881e-05
0.0364867
-2.52469e-05
0.0365044
-3.60118e-05
0.0365268
-4.62253e-05
0.0365552
-5.81017e-05
0.0365884
-6.9157e-05
0.0366287
-8.30529e-05
0.036674
-9.58592e-05
0.0367286
-0.000113684
0.036789
-0.000130507
0.0368629
-0.000156783
0.0369449
-0.000183722
0.0370458
-0.00022888
0.0371483
-0.000277051
0.0372426
-0.000349017
0.0372404
-0.000400885
0.0370412
-0.000432338
0.0365095
-0.000365162
0.00524887
0.0358301
0.0364667
-7.15938e-06
0.0364736
-2.2413e-05
0.0364851
-3.66674e-05
0.0365012
-5.21827e-05
0.0365218
-6.68466e-05
0.0365473
-8.35853e-05
0.0365772
-9.90009e-05
0.036612
-0.000117898
0.036651
-0.000134839
0.036695
-0.000157679
0.0367421
-0.000177639
0.0367925
-0.000207183
0.0368401
-0.000231276
0.036879
-0.000267842
0.0368907
-0.000288663
0.0368594
-0.000317742
0.0367681
-0.00030962
0.0366545
-0.000318719
0.0366002
-0.000310824
0.00539897
0.0364501
0.0364667
-9.34753e-06
0.0364728
-2.85237e-05
0.0364834
-4.73186e-05
0.0364979
-6.6641e-05
0.0365168
-8.58188e-05
0.0365391
-0.000105852
0.0365658
-0.000125648
0.0365947
-0.000146824
0.0366274
-0.000167577
0.0366601
-0.000190386
0.0366945
-0.000212036
0.0367233
-0.000235958
0.0367482
-0.000256179
0.0367579
-0.000277512
0.0367599
-0.000290731
0.0367486
-0.000306389
0.0367546
-0.000315584
0.0367767
-0.000340831
0.0368288
-0.000362913
0.00553917
0.0366886
0.0364665
-1.14154e-05
0.0364722
-3.42079e-05
0.0364822
-5.72559e-05
0.0364957
-8.01439e-05
0.0365132
-0.000103385
0.0365337
-0.000126319
0.0365578
-0.000149711
0.0365835
-0.000172533
0.0366118
-0.000195865
0.0366394
-0.00021803
0.0366679
-0.000240503
0.0366925
-0.000260644
0.0367172
-0.000280811
0.0367373
-0.000297606
0.0367623
-0.000315726
0.036787
-0.000331163
0.0368224
-0.00035091
0.0368475
-0.000365922
0.0368666
-0.000382052
0.00562441
0.0367814
0.0364665
-1.34284e-05
0.0364721
-3.98473e-05
0.0364819
-6.70045e-05
0.0364953
-9.35672e-05
0.0365125
-0.000120637
0.0365329
-0.000146668
0.0365565
-0.000173348
0.0365823
-0.000198325
0.0366106
-0.000224172
0.0366399
-0.00024733
0.0366712
-0.000271782
0.0367029
-0.000292289
0.0367372
-0.000315187
0.0367724
-0.000332794
0.0368115
-0.000354821
0.0368495
-0.000369125
0.0368881
-0.000389531
0.0369188
-0.000396663
0.0369488
-0.000412031
0.00568784
0.0368854
0.0364666
-1.55219e-05
0.0364725
-4.58215e-05
0.0364828
-7.72636e-05
0.036497
-0.000107815
0.0365154
-0.00013895
0.0365373
-0.000168571
0.0365629
-0.000198974
0.0365916
-0.000227022
0.0366237
-0.000256282
0.0366584
-0.000282057
0.0366965
-0.000309883
0.0367369
-0.000332712
0.0367808
-0.000359017
0.036826
-0.000378021
0.0368736
-0.000402438
0.0369202
-0.000415665
0.0369677
-0.000437051
0.0370129
-0.000441851
0.0370613
-0.000460476
0.00573566
0.0370135
0.0364668
-1.78214e-05
0.0364734
-5.24866e-05
0.0364848
-8.86433e-05
0.0365007
-0.000123685
0.0365212
-0.00015944
0.0365459
-0.000193332
0.0365752
-0.000228235
0.0366085
-0.00026029
0.0366461
-0.000293964
0.0366875
-0.000323434
0.0367332
-0.000355567
0.036782
-0.000381509
0.0368347
-0.00041173
0.0368894
-0.000432726
0.0369475
-0.000460475
0.0370064
-0.00047457
0.0370689
-0.000499606
0.037132
-0.000504952
0.0371997
-0.000528164
0.00577315
0.0371622
0.0364671
-2.04172e-05
0.0364747
-6.0106e-05
0.0364876
-0.000101557
0.0365056
-0.000141702
0.0365289
-0.000182769
0.0365573
-0.000221674
0.036591
-0.000261918
0.0366295
-0.000298848
0.0366734
-0.000337881
0.0367219
-0.000371943
0.0367757
-0.000409348
0.0368336
-0.000439333
0.0368965
-0.000474645
0.0369627
-0.000498964
0.0370341
-0.000531828
0.0371081
-0.000548565
0.0371874
-0.000578981
0.0372682
-0.000585754
0.0373541
-0.000614063
0.00579878
0.0373285
0.0364674
-2.33588e-05
0.0364761
-6.88202e-05
0.0364908
-0.000116204
0.0365112
-0.000162089
0.0365376
-0.000209195
0.0365698
-0.000253847
0.0366081
-0.000300298
0.0366522
-0.000342965
0.0367028
-0.000388398
0.0367589
-0.00042808
0.0368216
-0.000472053
0.0368896
-0.000507358
0.0369644
-0.000549382
0.0370439
-0.000578513
0.0371304
-0.000618268
0.0372208
-0.000639018
0.0373183
-0.000676421
0.0374182
-0.000685716
0.0375246
-0.000720492
0.00581038
0.037513
0.0364678
-2.66514e-05
0.0364776
-7.8643e-05
0.036494
-0.000132578
0.0365166
-0.000184783
0.0365461
-0.000238663
0.036582
-0.000289758
0.0366251
-0.000343346
0.0366747
-0.000392618
0.036732
-0.000445668
0.036796
-0.000492092
0.0368682
-0.000544245
0.0369471
-0.000586288
0.0370348
-0.00063702
0.0371287
-0.00067248
0.0372317
-0.000721213
0.0373399
-0.000747227
0.0374571
-0.000793613
0.0375778
-0.000806422
0.037707
-0.000849699
0.00580442
0.037713
0.0364681
-3.02418e-05
0.0364788
-8.94201e-05
0.0364967
-0.000150418
0.0365213
-0.000209366
0.0365533
-0.000270747
0.0365925
-0.00032889
0.0366398
-0.000390666
0.0366945
-0.000447365
0.0367583
-0.000509465
0.0368299
-0.000563675
0.0369116
-0.000625914
0.0370013
-0.000676011
0.0371023
-0.000737984
0.0372112
-0.000781375
0.0373321
-0.000842193
0.0374598
-0.000874897
0.0375995
-0.000933326
0.0377432
-0.000950113
0.0378982
-0.00100471
0.005778
0.0379247
0.0364682
-3.39859e-05
0.0364795
-0.000100705
0.0364981
-0.000169025
0.0365235
-0.000234799
0.0365571
-0.000304342
0.0365982
-0.000369922
0.0366486
-0.000441113
0.0367072
-0.000505963
0.0367767
-0.000578968
0.0368549
-0.00064189
0.0369457
-0.000716663
0.0370455
-0.000775792
0.0371597
-0.000852237
0.0372832
-0.000904828
0.0374234
-0.000982389
0.037572
-0.00102358
0.0377386
-0.00109992
0.03791
-0.00112143
0.038098
-0.00119276
0.00572549
0.0381505
0.0364681
-3.75989e-05
0.036479
-0.000111581
0.0364969
-0.000187003
0.0365212
-0.000259056
0.036554
-0.000337154
0.0365941
-0.000410058
0.036645
-0.000492001
0.0367045
-0.000565463
0.0367775
-0.000651934
0.0368601
-0.000724522
0.0369591
-0.0008156
0.0370679
-0.000884624
0.0371958
-0.00098017
0.0373332
-0.00104218
0.0374934
-0.00114263
0.037663
-0.0011932
0.0378608
-0.00129772
0.0380663
-0.00132685
0.0383016
-0.00142811
0.00563267
0.0383944
0.0364675
-4.0593e-05
0.0364764
-0.000120527
0.0364914
-0.000201996
0.0365112
-0.000278837
0.0365392
-0.000365157
0.0365735
-0.00044435
0.0366194
-0.000537948
0.0366737
-0.000619787
0.0367444
-0.000722638
0.0368258
-0.000805834
0.0369291
-0.000918904
0.0370441
-0.000999666
0.0371864
-0.00112242
0.0373386
-0.00119438
0.0375223
-0.0013264
0.0377129
-0.00138381
0.0379438
-0.00152861
0.0381831
-0.00156614
0.0384767
-0.00172169
0.0054696
0.0386398
0.0364661
-4.22175e-05
0.036471
-0.000125482
0.0364796
-0.000210553
0.0364905
-0.000289695
0.0365076
-0.000382257
0.0365289
-0.000465647
0.0365608
-0.00056991
0.0365999
-0.000658877
0.0366565
-0.000779179
0.0367242
-0.00087354
0.036819
-0.00101378
0.0369295
-0.00111014
0.037079
-0.00127186
0.037245
-0.00136048
0.0374589
-0.00154026
0.03768
-0.00160492
0.0379534
-0.00180196
0.0382268
-0.00183957
0.038583
-0.00207788
0.00519767
0.0388549
0.0364638
-4.15049e-05
0.0364625
-0.0001242
0.0364602
-0.000208306
0.0364572
-0.000286719
0.0364556
-0.000380579
0.0364555
-0.000465605
0.0364609
-0.000575236
0.0364717
-0.000669742
0.0364949
-0.000802382
0.0365299
-0.000908564
0.036589
-0.00107286
0.0366696
-0.00119076
0.0367933
-0.00139556
0.0369518
-0.00151893
0.037179
-0.00176744
0.0374453
-0.00187123
0.037788
-0.00214463
0.0381236
-0.00217517
0.0385181
-0.00247237
0.00479199
0.0389237
0.0364606
-3.76697e-05
0.0364511
-0.0001147
0.0364339
-0.000191028
0.0364126
-0.000265483
0.0363843
-0.00035226
0.0363549
-0.000436224
0.0363199
-0.00054017
0.0362889
-0.000638745
0.0362555
-0.000769071
0.0362355
-0.000888476
0.0362203
-0.00105771
0.0362343
-0.00120471
0.0362683
-0.00142958
0.0363593
-0.00160994
0.0365037
-0.00191184
0.0367575
-0.00212504
0.0371357
-0.00252289
0.0376867
-0.00272608
0.0383573
-0.003143
0.00412614
0.0390231
0.0364575
-3.07526e-05
0.0364385
-9.56292e-05
0.0364042
-0.000156714
0.0363619
-0.000223216
0.0363024
-0.000292807
0.0362378
-0.000371595
0.0361528
-0.000455129
0.0360685
-0.000554502
0.0359597
-0.000660268
0.0358635
-0.000792251
0.0357375
-0.000931711
0.035647
-0.00111417
0.0355215
-0.0013041
0.0354757
-0.00156419
0.0353934
-0.00182948
0.0354732
-0.00220487
0.0355251
-0.00257476
0.0358812
-0.00308226
0.0362586
-0.00352032
0.00247905
0.0379057
0.036455
0.0364255
0.036378
0.0363131
0.0362268
0.0361218
0.0359923
0.0358427
0.0356645
0.0354652
0.035233
0.0349808
0.0346932
0.0343935
0.0340638
0.0337504
0.0334415
0.0332632
0.0332778
0.0404259
0.0348299
9.21116e-05
0.0347872
4.27172e-05
0.0347454
4.17952e-05
0.0347051
4.02549e-05
0.0346668
3.83392e-05
0.0346307
3.60558e-05
0.0345974
3.33748e-05
0.0345671
3.02926e-05
0.0345402
2.68269e-05
0.0345172
2.30044e-05
0.0344984
1.88522e-05
0.034484
1.43958e-05
0.0344743
9.65863e-06
0.0344697
4.6628e-06
0.0344702
-5.7051e-07
0.0344763
-6.01995e-06
0.0344879
-1.16642e-05
0.0345054
-1.74832e-05
0.0345289
-2.34561e-05
-2.95638e-05
0.0357243
0.000197962
0.0356124
0.000154646
0.0355074
0.000146752
0.0354088
0.00013886
0.0353166
0.000130515
0.0352311
0.000121554
0.0351525
0.000112031
0.0350807
0.00010203
0.035016
9.16004e-05
0.0349582
8.07626e-05
0.0349075
6.9535e-05
0.034864
5.79413e-05
0.0348276
4.60084e-05
0.0347985
3.37645e-05
0.0347767
2.12375e-05
0.0347622
8.45456e-06
0.0347551
-4.5566e-06
0.0347554
-1.7768e-05
0.0347631
-3.11515e-05
-4.46791e-05
0.0363388
0.000309241
0.0361889
0.000304493
0.0360477
0.000287951
0.0359155
0.000271138
0.0357921
0.000253857
0.0356776
0.000236053
0.0355719
0.000217763
0.0354749
0.000199039
0.0353866
0.000179915
0.0353069
0.000160413
0.0352359
0.000140555
0.0351735
0.000120363
0.0351196
9.98654e-05
0.0350743
7.90906e-05
0.0350375
5.80678e-05
0.0350091
3.68268e-05
0.0349891
1.53985e-05
0.0349775
-6.18564e-06
0.0349743
-2.78935e-05
-4.96924e-05
0.036528
0.000469779
0.0363844
0.000448133
0.0362481
0.00042422
0.0361195
0.000399714
0.0359988
0.000374634
0.0358858
0.000348978
0.0357808
0.000322761
0.0356839
0.000296019
0.035595
0.000268789
0.0355143
0.000241108
0.0354418
0.00021301
0.0353777
0.000184532
0.0353218
0.000155711
0.0352743
0.000126584
0.0352352
9.71911e-05
0.0352045
6.75713e-05
0.0351821
3.77649e-05
0.0351681
7.81298e-06
0.0351624
-2.22427e-05
-5.23602e-05
0.0366392
0.00061196
0.0365058
0.000581499
0.0363787
0.000551274
0.0362582
0.000520266
0.0361443
0.000488491
0.0360374
0.000455936
0.0359375
0.000422624
0.0358449
0.000388606
0.0357598
0.00035394
0.0356822
0.000318679
0.0356123
0.000282874
0.0355503
0.000246576
0.0354962
0.000209837
0.0354501
0.000172709
0.035412
0.000135246
0.0353821
9.75007e-05
0.0353603
5.95283e-05
0.0353467
2.13829e-05
0.0353414
-1.68805e-05
-5.52073e-05
0.0367519
0.000745489
0.036623
0.000710367
0.0365002
0.000674054
0.0363837
0.000636757
0.0362737
0.000598484
0.0361704
0.000559223
0.036074
0.000519012
0.0359847
0.000477918
0.0359027
0.000436011
0.035828
0.000393359
0.0357608
0.000350026
0.0357013
0.000306076
0.0356496
0.000261575
0.0356057
0.000216589
0.0355698
0.000171184
0.0355418
0.00012543
0.035522
7.93923e-05
0.0355102
3.31404e-05
0.0355066
-1.32577e-05
-5.97337e-05
0.036886
0.000872954
0.0367592
0.000837154
0.0366386
0.000794678
0.0365244
0.000751015
0.0364167
0.000706183
0.0363157
0.000660178
0.0362217
0.000613046
0.0361347
0.000564865
0.036055
0.000515718
0.0359827
0.000465682
0.0359179
0.000414834
0.0358607
0.000363249
0.0358113
0.000311004
0.0357697
0.000258179
0.035736
0.000204853
0.0357103
0.000151107
0.0356927
9.70199e-05
0.0356832
4.26739e-05
0.0356818
-1.18503e-05
-6.64712e-05
0.0370384
0.000996785
0.0369131
0.00096248
0.036794
0.00091374
0.0366814
0.00086361
0.0365755
0.000812126
0.0364763
0.000759292
0.0363842
0.000705163
0.0362993
0.000649826
0.0362216
0.000593372
0.0361514
0.000535891
0.0360888
0.00047747
0.0360338
0.000418195
0.0359867
0.000358156
0.0359474
0.000297443
0.0359161
0.000236147
0.0358929
0.00017436
0.0358777
0.000112176
0.0358707
4.96869e-05
0.0358718
-1.30129e-05
-7.583e-05
0.0372124
0.00111287
0.0370885
0.00108635
0.036971
0.00103126
0.0368601
0.000974549
0.0367559
0.000916299
0.0366587
0.000856531
0.0365685
0.000795305
0.0364856
0.000732713
0.0364102
0.000668859
0.0363422
0.00060384
0.0362819
0.000537754
0.0362294
0.0004707
0.0361848
0.000402778
0.0361482
0.000334089
0.0361196
0.000264737
0.0360991
0.000194825
0.0360868
0.000124457
0.0360828
5.37393e-05
0.036087
-1.72227e-05
-8.8323e-05
0.0374123
0.00121364
0.0372899
0.00120877
0.0371739
0.00114724
0.0370646
0.00108381
0.0369623
0.00101863
0.036867
0.000951781
0.036779
0.000883324
0.0366984
0.00081335
0.0366253
0.000741967
0.0365598
0.000669283
0.0365022
0.000595408
0.0364524
0.000520451
0.0364107
0.000444523
0.036377
0.000367737
0.0363516
0.000290207
0.0363343
0.000212048
0.0363254
0.000133377
0.0363249
5.43092e-05
0.0363327
-2.50365e-05
-0.000104543
0.0376429
0.00128367
0.037522
0.00132967
0.0374077
0.00126159
0.0373003
0.00119123
0.0372
0.00111891
0.037107
0.00104479
0.0370214
0.000968922
0.0369433
0.000891397
0.036873
0.000812316
0.0368105
0.000731799
0.0367559
0.000649967
0.0367094
0.000566944
0.0366711
0.000482848
0.036641
0.000397805
0.0366193
0.000311937
0.036606
0.000225372
0.0366011
0.000138237
0.0366048
5.06599e-05
0.0366169
-3.723e-05
-0.000125303
0.0379059
0.0013024
0.037787
0.00144864
0.0376747
0.00137385
0.0375696
0.00129631
0.0374719
0.0012166
0.0373817
0.00113498
0.0372991
0.00105151
0.0372243
0.00096623
0.0371574
0.000879247
0.0370985
0.000790692
0.0370477
0.000700702
0.0370053
0.000609411
0.0369712
0.000516949
0.0369455
0.000423449
0.0369284
0.000329045
0.0369199
0.000233874
0.0369201
0.000138075
0.036929
4.17862e-05
0.0369466
-5.48512e-05
-0.000151697
0.0381974
0.00125552
0.0380817
0.00156436
0.0379728
0.00148268
0.0378714
0.00139773
0.0377776
0.00131039
0.0376915
0.00122106
0.0376133
0.00112978
0.037543
0.00103654
0.0374808
0.000941436
0.0374268
0.000844625
0.0373813
0.000746259
0.0373442
0.000646482
0.0373157
0.000545434
0.0372959
0.000443255
0.0372849
0.000340091
0.0372827
0.000236089
0.0372893
0.000131399
0.037305
2.61688e-05
0.0373296
-7.94491e-05
-0.000185304
0.0385039
0.00114608
0.0383942
0.00167402
0.0382916
0.00158531
0.0381965
0.0014928
0.0381092
0.00139773
0.0380296
0.00130059
0.0379581
0.00120137
0.0378946
0.00110002
0.0378394
0.000996643
0.0377926
0.000891407
0.0377543
0.000784489
0.0377248
0.000676043
0.037704
0.000566216
0.0376921
0.000455157
0.0376892
0.000343022
0.0376953
0.000229968
0.0377105
0.000116155
0.037735
1.74392e-06
0.0377686
-0.000113104
-0.000228227
0.0388004
0.000985509
0.0387025
0.00177188
0.0386118
0.001676
0.0385286
0.00157601
0.0384529
0.0014734
0.0383849
0.00136864
0.0383247
0.00126156
0.0382726
0.00115211
0.0382288
0.00104044
0.0381934
0.00092676
0.0381667
0.000811252
0.0381486
0.000694077
0.0381395
0.000575393
0.0381393
0.000455362
0.0381481
0.000334153
0.0381662
0.000211936
0.0381934
8.88813e-05
0.03823
-3.48385e-05
0.038276
-0.000159051
-0.000283584
0.0390378
0.000802572
0.0389612
0.00184857
0.0388915
0.00174561
0.0388289
0.00163868
0.0387729
0.00152936
0.0387239
0.00141762
0.0386823
0.00130318
0.0386484
0.00118607
0.0386223
0.00106653
0.0386043
0.000944774
0.0385945
0.000820967
0.0385933
0.000695273
0.0386009
0.00056787
0.0386173
0.000438946
0.0386427
0.000308685
0.0386774
0.000177272
0.0387214
4.4891e-05
0.0387748
-8.82692e-05
0.0388378
-0.000222021
-0.000356175
0.0391808
0.000545532
0.0391419
0.00188746
0.039108
0.00177951
0.0390796
0.00166708
0.0390576
0.00155137
0.0390426
0.00143257
0.0390348
0.00131103
0.0390338
0.00118706
0.0390397
0.00106065
0.0390527
0.000931795
0.039073
0.000800599
0.039101
0.000667299
0.0391367
0.000532125
0.0391804
0.000395271
0.0392322
0.000256912
0.0392922
0.00011723
0.0393607
-2.35814e-05
0.0394378
-0.000165322
0.0395235
-0.00030779
-0.000450786
0.039186
0.000382654
0.0391943
0.0018792
0.0391978
0.00177598
0.0392014
0.00166344
0.0392134
0.00153935
0.0392359
0.00141007
0.0392669
0.00128009
0.0393047
0.00114922
0.0393496
0.00101581
0.0394021
0.000879258
0.0394628
0.000739946
0.0395316
0.000598412
0.0396088
0.000454948
0.0396944
0.000309694
0.0397885
0.000162781
0.0398914
1.43872e-05
0.0400031
-0.000135284
0.0401238
-0.000286026
0.0402536
-0.000437637
-0.000589916
0.0392758
-0.000987474
0.0393914
0.00176359
0.0394777
0.00168968
0.039559
0.00158214
0.039651
0.00144732
0.039751
0.00131013
0.0398536
0.0011775
0.039958
0.00104478
0.0400655
0.00090826
0.040177
0.000767794
0.0402925
0.000624463
0.040412
0.0004789
0.0405357
0.00033126
0.0406638
0.000181616
0.0407964
3.01389e-05
0.0409337
-0.000122932
0.0410758
-0.000277342
0.0412226
-0.000432837
0.0413741
-0.000589164
-0.00074607
0.0377226
0.0379123
0.0381729
0.0384657
0.0387603
0.0390542
0.0393531
0.0396583
0.0399679
0.0402794
0.0405919
0.040905
0.0412188
0.0415329
0.0418473
0.0421622
0.0424778
0.0427945
0.0431128
)
;

boundaryField
{
    inlet
    {
        type            calculated;
        value           nonuniform List<scalar> 
80
(
-0.0364645
-0.0364645
-0.0364645
-0.0364645
-0.0364645
-0.0364645
-0.0364645
-0.0364645
-0.0364645
-0.0364645
-0.0364645
-0.0364645
-0.0364645
-0.0364645
-0.0364645
-0.0364645
-0.0364645
-0.0364645
-0.0364645
-0.0364645
-0.00353554
-0.00353554
-0.00353553
-0.00353554
-0.00353554
-0.00353553
-0.00353554
-0.00353554
-0.00353554
-0.00353554
-0.00353553
-0.00353554
-0.00353554
-0.00353554
-0.00353554
-0.00353554
-0.00353554
-0.00353554
-0.00353554
-0.00353554
-0.00353554
-0.00353554
-0.00353554
-0.00353554
-0.00353554
-0.00353554
-0.00353554
-0.00353554
-0.00353554
-0.00353553
-0.00353554
-0.00353554
-0.00353554
-0.00353554
-0.00353553
-0.00353554
-0.00353554
-0.00353553
-0.00353554
-0.00353554
-0.0364645
-0.0364645
-0.0364645
-0.0364645
-0.0364645
-0.0364645
-0.0364645
-0.0364645
-0.0364645
-0.0364645
-0.0364645
-0.0364645
-0.0364645
-0.0364645
-0.0364645
-0.0364645
-0.0364645
-0.0364645
-0.0364645
-0.0364645
)
;
    }
    outlet
    {
        type            calculated;
        value           nonuniform 0();
    }
    cylinder
    {
        type            calculated;
        value           uniform 0;
    }
    top
    {
        type            symmetryPlane;
        value           uniform 0;
    }
    bottom
    {
        type            symmetryPlane;
        value           uniform 0;
    }
    defaultFaces
    {
        type            empty;
        value           nonuniform 0();
    }
    procBoundary0to1
    {
        type            processor;
        value           nonuniform List<scalar> 
80
(
0.000251939
0.00080176
0.00136123
0.00188396
0.00233303
0.00268924
0.00295103
0.00312913
0.00324021
0.00330182
0.00332944
0.00333523
0.00332797
0.00331359
0.0032959
0.00327723
0.00325899
0.00324203
0.00322686
0.00321397
0.000242974
0.000772861
0.00131331
0.00182077
0.00225985
0.00261129
0.00287241
0.00305249
0.00316687
0.00323217
0.0032633
0.00327217
0.00326752
0.00325534
0.0032395
0.00322245
0.00320565
0.00319
0.00317604
0.00316425
0.0440233
0.0419359
0.0405888
0.039701
0.0389249
0.0383068
0.0377672
0.0373131
0.0369252
0.0365953
0.0363128
0.0360699
0.0358576
0.0356701
0.035497
0.0353334
0.0351568
0.0349728
0.0347729
0.0345534
0.0345584
0.0347782
0.0349793
0.0351651
0.0353442
0.0355111
0.0356885
0.0358812
0.0360995
0.0363489
0.0366377
0.036973
0.0373632
0.0378115
0.0383313
0.0389104
0.0396181
0.0403927
0.0415303
0.0434332
)
;
    }
}


// ************************************************************************* //
