1.22 	3.45254e-18 	-6.98323e-18 	-0.124555 	0.000910774 	-4.24893e-22
1.66 	3.45254e-18 	-6.96118e-18 	-0.248783 	-0.0042943 	-2.16907e-23
2.1 	3.45254e-18 	-6.93894e-18 	-0.267215 	-0.00465981 	-1.20155e-21
2.54 	3.45254e-18 	-8.30431e-18 	-0.363487 	0.00629909 	9.98317e-24
2.98 	3.45254e-18 	-8.28171e-18 	-0.417477 	0.0224694 	1.38193e-21
3.42 	3.45254e-18 	-6.87115e-18 	-0.44819 	0.0265116 	1.45458e-21
3.86 	3.45254e-18 	-6.84819e-18 	-0.347116 	0.0153157 	2.74493e-22
4.3 	3.45254e-18 	-6.82504e-18 	-0.290682 	-0.00221241 	9.39692e-22
4.74 	3.45254e-18 	-5.41391e-18 	-0.169509 	-0.0180836 	-4.50609e-22
5.18 	3.45254e-18 	-2.61482e-18 	-0.0918343 	-0.0264147 	-1.65436e-22
5.62 	3.45254e-18 	-1.2033e-18 	0.0120341 	-0.0271073 	4.95529e-23
6.06 	3.45254e-18 	-1.17937e-18 	0.0891408 	-0.0219236 	5.57411e-23
6.5 	3.45254e-18 	-1.15524e-18 	0.174608 	-0.0140659 	1.28349e-23
