1.275 	2.15223e-18 	-2.76991e-20 	-0.0987513 	0.375028 	-4.03723e-22
1.825 	2.15223e-18 	-1.39322e-20 	-0.366185 	0.41893 	4.85609e-21
2.375 	2.15223e-18 	1.38775e-18 	0.550192 	-0.0564436 	-1.99568e-21
2.925 	2.15223e-18 	2.78958e-18 	0.833805 	-0.448936 	1.86145e-22
3.475 	2.15223e-18 	4.53849e-18 	0.74612 	-0.627429 	-3.00731e-22
4.025 	2.15223e-18 	6.28755e-18 	0.688453 	-0.440844 	6.59689e-23
4.575 	2.15223e-18 	6.30203e-18 	0.929356 	-0.0602557 	1.41091e-21
5.125 	2.15223e-18 	6.31666e-18 	1.01175 	0.360642 	-1.80235e-21
5.675 	2.15223e-18 	6.33144e-18 	0.953913 	0.5651 	-2.23914e-22
6.225 	2.15223e-18 	4.61166e-18 	0.914394 	0.440037 	-3.5003e-22
