1.22 	3.45254e-18 	-6.98323e-18 	-0.473161 	0.0042882 	-7.56187e-22
1.66 	3.45254e-18 	-6.96118e-18 	-0.403035 	-0.00873568 	-6.30507e-23
2.1 	3.45254e-18 	-6.93894e-18 	-0.0105749 	-0.0113301 	-3.40887e-22
2.54 	3.45254e-18 	-8.30431e-18 	0.20891 	-0.00862719 	2.04123e-23
2.98 	3.45254e-18 	-8.28171e-18 	0.454437 	-0.00725023 	-2.56045e-22
3.42 	3.45254e-18 	-6.87115e-18 	0.613578 	-0.00511747 	-3.25221e-22
3.86 	3.45254e-18 	-6.84819e-18 	0.737731 	-0.00362017 	-6.05378e-23
4.3 	3.45254e-18 	-6.82504e-18 	0.82037 	-0.00247359 	-2.27777e-22
4.74 	3.45254e-18 	-5.41391e-18 	0.879608 	-0.00168149 	1.22401e-22
5.18 	3.45254e-18 	-2.61482e-18 	0.919288 	-0.00110209 	5.84272e-23
5.62 	3.45254e-18 	-1.2033e-18 	0.945483 	-0.000703348 	-2.34037e-23
6.06 	3.45254e-18 	-1.17937e-18 	0.962248 	-0.000442938 	-5.76797e-23
6.5 	3.45254e-18 	-1.15524e-18 	0.973058 	-0.000281237 	2.63856e-23
