1.275 	2.15223e-18 	-2.76991e-20 	-0.138446 	0.00161514 	-2.54105e-22
1.825 	2.15223e-18 	-1.39322e-20 	-0.264434 	-0.013215 	3.43156e-21
2.375 	2.15223e-18 	1.38775e-18 	-0.331078 	-0.0183076 	-1.61587e-21
2.925 	2.15223e-18 	2.78958e-18 	-0.459954 	0.00994651 	1.74269e-22
3.475 	2.15223e-18 	4.53849e-18 	-0.385817 	0.0440128 	-1.20608e-21
4.025 	2.15223e-18 	6.28755e-18 	-0.341372 	0.045501 	-1.01057e-22
4.575 	2.15223e-18 	6.30203e-18 	-0.166897 	0.0212336 	1.42129e-21
5.125 	2.15223e-18 	6.31666e-18 	-0.101092 	-0.0126813 	-9.68203e-22
5.675 	2.15223e-18 	6.33144e-18 	0.0218256 	-0.0453742 	-1.14558e-22
6.225 	2.15223e-18 	4.61166e-18 	0.0907844 	-0.0550476 	-1.17835e-22
