1.275 	2.15223e-18 	-2.76991e-20 	-0.107083 	0.0764505 	-2.96078e-22
1.825 	2.15223e-18 	-1.39322e-20 	-0.240405 	0.186796 	4.2183e-21
2.375 	2.15223e-18 	1.38775e-18 	-0.133277 	0.0304066 	-1.99563e-21
2.925 	2.15223e-18 	2.78958e-18 	-0.111906 	-0.339617 	1.76655e-22
3.475 	2.15223e-18 	4.53849e-18 	-0.219965 	-0.514104 	-1.20312e-21
4.025 	2.15223e-18 	6.28755e-18 	0.0979378 	-0.217371 	-1.09552e-22
4.575 	2.15223e-18 	6.30203e-18 	0.376351 	0.190378 	2.6555e-21
5.125 	2.15223e-18 	6.31666e-18 	0.422319 	0.406677 	-1.9805e-21
5.675 	2.15223e-18 	6.33144e-18 	0.263367 	0.52947 	-2.77709e-22
6.225 	2.15223e-18 	4.61166e-18 	0.329076 	0.347549 	-5.05211e-22
