1.275 	2.15223e-18 	-2.76991e-20 	-0.145761 	0.00563907 	-2.64797e-22
1.825 	2.15223e-18 	-1.39322e-20 	-0.276692 	0.00893656 	3.61439e-21
2.375 	2.15223e-18 	1.38775e-18 	-0.408131 	0.0100291 	-1.87027e-21
2.925 	2.15223e-18 	2.78958e-18 	-0.474766 	-0.00341096 	1.90838e-22
3.475 	2.15223e-18 	4.53849e-18 	-0.334669 	-0.0139869 	-9.99189e-22
4.025 	2.15223e-18 	6.28755e-18 	-0.279823 	-0.0144358 	-8.0796e-23
4.575 	2.15223e-18 	6.30203e-18 	-0.125342 	-0.0101163 	1.12268e-21
5.125 	2.15223e-18 	6.31666e-18 	-0.0455284 	-0.00210265 	-6.77748e-22
5.675 	2.15223e-18 	6.33144e-18 	0.0745575 	0.00354615 	-6.13391e-23
6.225 	2.15223e-18 	4.61166e-18 	0.164384 	0.00644803 	-2.84163e-23
