1.275 	2.15223e-18 	-2.76991e-20 	-0.41209 	0.00611501 	-3.76608e-22
1.825 	2.15223e-18 	-1.39322e-20 	-0.408527 	-0.00650071 	3.68185e-21
2.375 	2.15223e-18 	1.38775e-18 	-0.0571205 	-0.00993629 	-9.97473e-22
2.925 	2.15223e-18 	2.78958e-18 	0.138687 	-0.00805229 	-1.14291e-22
3.475 	2.15223e-18 	4.53849e-18 	0.382813 	-0.00742251 	3.02371e-22
4.025 	2.15223e-18 	6.28755e-18 	0.553819 	-0.00552368 	6.73425e-23
4.575 	2.15223e-18 	6.30203e-18 	0.688073 	-0.00400029 	-5.18975e-22
5.125 	2.15223e-18 	6.31666e-18 	0.780608 	-0.00284774 	4.44239e-22
5.675 	2.15223e-18 	6.33144e-18 	0.849919 	-0.0020598 	7.28513e-23
6.225 	2.15223e-18 	4.61166e-18 	0.900347 	-0.00144194 	1.38332e-22
