1.22 	3.45254e-18 	-6.98323e-18 	-0.137876 	0.00251079 	-8.28354e-22
1.66 	3.45254e-18 	-6.96118e-18 	-0.263301 	-0.00347758 	-3.87323e-23
2.1 	3.45254e-18 	-6.93894e-18 	-0.305787 	-0.00735712 	-2.39445e-21
2.54 	3.45254e-18 	-8.30431e-18 	-0.456849 	-0.00271861 	-1.62964e-23
2.98 	3.45254e-18 	-8.28171e-18 	-0.46192 	0.00923181 	2.68753e-21
3.42 	3.45254e-18 	-6.87115e-18 	-0.444662 	0.017096 	2.52023e-21
3.86 	3.45254e-18 	-6.84819e-18 	-0.291113 	0.0151888 	4.21663e-22
4.3 	3.45254e-18 	-6.82504e-18 	-0.216407 	0.00664403 	1.24034e-21
4.74 	3.45254e-18 	-5.41391e-18 	-0.0766098 	-0.00378627 	-5.08692e-22
5.18 	3.45254e-18 	-2.61482e-18 	0.0155768 	-0.0114727 	-1.18938e-22
5.62 	3.45254e-18 	-1.2033e-18 	0.126592 	-0.0158794 	1.49107e-23
6.06 	3.45254e-18 	-1.17937e-18 	0.20862 	-0.0160404 	-8.63813e-23
6.5 	3.45254e-18 	-1.15524e-18 	0.291422 	-0.0139633 	1.00168e-22
