1.275 	2.15223e-18 	-2.76991e-20 	-0.0632305 	0.235455 	-3.4269e-22
1.825 	2.15223e-18 	-1.39322e-20 	-0.162711 	0.273524 	5.01808e-21
2.375 	2.15223e-18 	1.38775e-18 	0.285467 	-0.12776 	-2.55034e-21
2.925 	2.15223e-18 	2.78958e-18 	0.291442 	-0.52444 	1.53229e-22
3.475 	2.15223e-18 	4.53849e-18 	0.0757318 	-0.576923 	-5.4423e-22
4.025 	2.15223e-18 	6.28755e-18 	0.572471 	-0.0958035 	-5.36457e-23
4.575 	2.15223e-18 	6.30203e-18 	0.805211 	0.361163 	2.29235e-21
5.125 	2.15223e-18 	6.31666e-18 	0.672749 	0.626426 	-1.49073e-21
5.675 	2.15223e-18 	6.33144e-18 	0.660099 	0.533858 	-1.64488e-22
6.225 	2.15223e-18 	4.61166e-18 	0.787317 	0.0759531 	-6.88374e-22
