1.22 	3.45254e-18 	-6.98323e-18 	-0.269534 	0.00926724 	-1.01264e-21
1.66 	3.45254e-18 	-6.96118e-18 	-0.546616 	0.00342174 	-6.85e-23
2.1 	3.45254e-18 	-6.93894e-18 	-0.496492 	-0.00387741 	-3.05516e-21
2.54 	3.45254e-18 	-8.30431e-18 	-0.448766 	-0.00745509 	-4.79729e-23
2.98 	3.45254e-18 	-8.28171e-18 	-0.17226 	-0.00764413 	9.29067e-22
3.42 	3.45254e-18 	-6.87115e-18 	-0.0287521 	-0.00557109 	2.17038e-22
3.86 	3.45254e-18 	-6.84819e-18 	0.185778 	-0.00499869 	-4.94107e-23
4.3 	3.45254e-18 	-6.82504e-18 	0.33321 	-0.00381526 	-5.79472e-22
4.74 	3.45254e-18 	-5.41391e-18 	0.468834 	-0.0031209 	4.00779e-22
5.18 	3.45254e-18 	-2.61482e-18 	0.563947 	-0.00248967 	2.43413e-22
5.62 	3.45254e-18 	-1.2033e-18 	0.640075 	-0.00216236 	-1.07413e-22
6.06 	3.45254e-18 	-1.17937e-18 	0.699016 	-0.00195058 	-2.94394e-22
6.5 	3.45254e-18 	-1.15524e-18 	0.747942 	-0.00177696 	1.44246e-22
