1.22 	3.45254e-18 	-6.98323e-18 	0.153437 	0.0201973 	-8.73958e-22
1.66 	3.45254e-18 	-6.96118e-18 	0.369847 	-0.492713 	-7.62909e-23
2.1 	3.45254e-18 	-6.93894e-18 	0.137365 	-0.738035 	-1.22131e-21
2.54 	3.45254e-18 	-8.30431e-18 	0.439444 	-0.379158 	9.62058e-23
2.98 	3.45254e-18 	-8.28171e-18 	0.808657 	0.256518 	1.11023e-21
3.42 	3.45254e-18 	-6.87115e-18 	0.896544 	0.543858 	9.59036e-22
3.86 	3.45254e-18 	-6.84819e-18 	0.79731 	0.705032 	1.56221e-22
4.3 	3.45254e-18 	-6.82504e-18 	0.842182 	0.503104 	4.80964e-22
4.74 	3.45254e-18 	-5.41391e-18 	0.957717 	0.086827 	-5.40455e-22
5.18 	3.45254e-18 	-2.61482e-18 	1.06393 	-0.218957 	-4.00634e-22
5.62 	3.45254e-18 	-1.2033e-18 	1.02949 	-0.50229 	1.79438e-22
6.06 	3.45254e-18 	-1.17937e-18 	0.967372 	-0.574112 	3.8981e-22
6.5 	3.45254e-18 	-1.15524e-18 	0.986337 	-0.476036 	-2.49538e-22
