1.275 	2.15223e-18 	-2.76991e-20 	-0.142107 	0.00647799 	-2.5881e-22
1.825 	2.15223e-18 	-1.39322e-20 	-0.265168 	0.00255128 	3.49411e-21
2.375 	2.15223e-18 	1.38775e-18 	-0.368059 	-0.00873325 	-1.73227e-21
2.925 	2.15223e-18 	2.78958e-18 	-0.470047 	-0.0165095 	1.87986e-22
3.475 	2.15223e-18 	4.53849e-18 	-0.364231 	-0.00674593 	-1.10638e-21
4.025 	2.15223e-18 	6.28755e-18 	-0.313799 	0.0104494 	-8.7894e-23
4.575 	2.15223e-18 	6.30203e-18 	-0.155503 	0.0193525 	1.27367e-21
5.125 	2.15223e-18 	6.31666e-18 	-0.0828907 	0.0174642 	-8.25144e-22
5.675 	2.15223e-18 	6.33144e-18 	0.0375722 	0.00701968 	-9.0003e-23
6.225 	2.15223e-18 	4.61166e-18 	0.123192 	-0.0066485 	-8.24113e-23
