1.22 	3.45254e-18 	-6.98323e-18 	-0.122091 	0.0216665 	-4.19242e-22
1.66 	3.45254e-18 	-6.96118e-18 	-0.23621 	0.0361414 	-2.06238e-23
2.1 	3.45254e-18 	-6.93894e-18 	-0.257009 	0.0124366 	-1.1992e-21
2.54 	3.45254e-18 	-8.30431e-18 	-0.325729 	-0.0731737 	-2.48185e-25
2.98 	3.45254e-18 	-8.28171e-18 	-0.332592 	-0.161007 	1.21908e-21
3.42 	3.45254e-18 	-6.87115e-18 	-0.381838 	-0.156592 	1.3634e-21
3.86 	3.45254e-18 	-6.84819e-18 	-0.305953 	-0.0474732 	2.94509e-22
4.3 	3.45254e-18 	-6.82504e-18 	-0.251622 	0.0890105 	1.12629e-21
4.74 	3.45254e-18 	-5.41391e-18 	-0.174509 	0.17615 	-6.01072e-22
5.18 	3.45254e-18 	-2.61482e-18 	-0.143565 	0.193963 	-2.66586e-22
5.62 	3.45254e-18 	-1.2033e-18 	-0.0591752 	0.156477 	1.03397e-22
6.06 	3.45254e-18 	-1.17937e-18 	0.0344612 	0.0813319 	2.43765e-22
6.5 	3.45254e-18 	-1.15524e-18 	0.148016 	-0.00620746 	-1.02411e-22
