1.22 	3.45254e-18 	-6.98323e-18 	0.158021 	-0.0164165 	-8.8073e-22
1.66 	3.45254e-18 	-6.96118e-18 	0.33378 	-0.532025 	-7.55127e-23
2.1 	3.45254e-18 	-6.93894e-18 	0.0382285 	-0.725359 	-1.18056e-21
2.54 	3.45254e-18 	-8.30431e-18 	0.481615 	-0.292897 	9.26997e-23
2.98 	3.45254e-18 	-8.28171e-18 	0.82403 	0.311395 	1.14213e-21
3.42 	3.45254e-18 	-6.87115e-18 	0.881761 	0.574877 	9.20082e-22
3.86 	3.45254e-18 	-6.84819e-18 	0.784532 	0.706008 	1.48223e-22
4.3 	3.45254e-18 	-6.82504e-18 	0.850995 	0.450024 	5.01743e-22
4.74 	3.45254e-18 	-5.41391e-18 	0.970519 	0.0300309 	-5.73367e-22
5.18 	3.45254e-18 	-2.61482e-18 	1.06748 	-0.263674 	-4.02807e-22
5.62 	3.45254e-18 	-1.2033e-18 	1.01606 	-0.534574 	1.74654e-22
6.06 	3.45254e-18 	-1.17937e-18 	0.961053 	-0.572644 	3.74958e-22
6.5 	3.45254e-18 	-1.15524e-18 	0.994811 	-0.440598 	-2.59661e-22
