1.22 	3.45254e-18 	-6.98323e-18 	-0.0855085 	0.533966 	-1.31483e-21
1.66 	3.45254e-18 	-6.96118e-18 	0.189482 	0.238199 	-5.22734e-23
2.1 	3.45254e-18 	-6.93894e-18 	0.66584 	-0.374594 	-3.48937e-21
2.54 	3.45254e-18 	-8.30431e-18 	0.745518 	-0.612732 	8.45809e-24
2.98 	3.45254e-18 	-8.28171e-18 	0.578421 	-0.705395 	1.11384e-21
3.42 	3.45254e-18 	-6.87115e-18 	0.698634 	-0.354429 	1.00093e-21
3.86 	3.45254e-18 	-6.84819e-18 	0.915463 	0.142165 	4.00619e-22
4.3 	3.45254e-18 	-6.82504e-18 	0.985288 	0.467154 	1.82634e-21
4.74 	3.45254e-18 	-5.41391e-18 	0.902562 	0.610824 	-8.73806e-22
5.18 	3.45254e-18 	-2.61482e-18 	0.907326 	0.56724 	-4.2585e-22
5.62 	3.45254e-18 	-1.2033e-18 	0.991106 	0.246552 	2.6678e-22
6.06 	3.45254e-18 	-1.17937e-18 	1.04426 	-0.102159 	1.07054e-21
6.5 	3.45254e-18 	-1.15524e-18 	1.04465 	-0.325425 	-6.13611e-22
