1.22 	3.45254e-18 	-6.98323e-18 	0.143661 	-0.0355873 	-1.62159e-21
1.66 	3.45254e-18 	-6.96118e-18 	0.298554 	-0.544587 	-1.3749e-22
2.1 	3.45254e-18 	-6.93894e-18 	-0.00859107 	-0.711907 	-2.13295e-21
2.54 	3.45254e-18 	-8.30431e-18 	0.496604 	-0.252805 	1.59817e-22
2.98 	3.45254e-18 	-8.28171e-18 	0.815592 	0.335911 	2.00769e-21
3.42 	3.45254e-18 	-6.87115e-18 	0.869189 	0.563188 	1.53438e-21
3.86 	3.45254e-18 	-6.84819e-18 	0.776283 	0.680961 	2.57038e-22
4.3 	3.45254e-18 	-6.82504e-18 	0.837936 	0.458922 	8.549e-22
4.74 	3.45254e-18 	-5.41391e-18 	0.94536 	0.0197867 	-9.71645e-22
5.18 	3.45254e-18 	-2.61482e-18 	1.04935 	-0.228212 	-6.51917e-22
5.62 	3.45254e-18 	-1.2033e-18 	1.01693 	-0.480034 	2.97923e-22
6.06 	3.45254e-18 	-1.17937e-18 	0.956538 	-0.568185 	6.44013e-22
6.5 	3.45254e-18 	-1.15524e-18 	0.962757 	-0.424855 	-3.7464e-22
