1.22 	3.45254e-18 	-6.98323e-18 	-0.0801445 	0.178151 	-5.62173e-22
1.66 	3.45254e-18 	-6.96118e-18 	-0.164995 	0.314184 	-2.86541e-23
2.1 	3.45254e-18 	-6.93894e-18 	0.165125 	-0.0443011 	-1.70243e-21
2.54 	3.45254e-18 	-8.30431e-18 	0.234323 	-0.496247 	-4.1478e-23
2.98 	3.45254e-18 	-8.28171e-18 	0.0281551 	-0.64625 	9.21496e-22
3.42 	3.45254e-18 	-6.87115e-18 	0.330577 	-0.300709 	7.96763e-22
3.86 	3.45254e-18 	-6.84819e-18 	0.609579 	0.195145 	2.47748e-22
4.3 	3.45254e-18 	-6.82504e-18 	0.683757 	0.479005 	9.84163e-22
4.74 	3.45254e-18 	-5.41391e-18 	0.551093 	0.650739 	-5.05774e-22
5.18 	3.45254e-18 	-2.61482e-18 	0.538702 	0.514121 	-2.55496e-22
5.62 	3.45254e-18 	-1.2033e-18 	0.660303 	0.12787 	1.60257e-22
6.06 	3.45254e-18 	-1.17937e-18 	0.797805 	-0.217188 	5.78124e-22
6.5 	3.45254e-18 	-1.15524e-18 	0.827849 	-0.437292 	-3.1441e-22
