1.22 	3.45254e-18 	-6.98323e-18 	-0.130712 	0.0058269 	-4.38414e-22
1.66 	3.45254e-18 	-6.96118e-18 	-0.256742 	0.0051068 	-2.1711e-23
2.1 	3.45254e-18 	-6.93894e-18 	-0.282007 	0.00301478 	-1.25089e-21
2.54 	3.45254e-18 	-8.30431e-18 	-0.417163 	-0.00361141 	3.24511e-25
2.98 	3.45254e-18 	-8.28171e-18 	-0.451853 	-0.0116904 	1.45836e-21
3.42 	3.45254e-18 	-6.87115e-18 	-0.454199 	-0.0119815 	1.42677e-21
3.86 	3.45254e-18 	-6.84819e-18 	-0.318894 	-0.00493076 	2.49225e-22
4.3 	3.45254e-18 	-6.82504e-18 	-0.253706 	0.00262168 	7.83919e-22
4.74 	3.45254e-18 	-5.41391e-18 	-0.120124 	0.00690144 	-3.4442e-22
5.18 	3.45254e-18 	-2.61482e-18 	-0.0332777 	0.00783821 	-1.02701e-22
5.62 	3.45254e-18 	-1.2033e-18 	0.077555 	0.0056024 	2.34648e-23
6.06 	3.45254e-18 	-1.17937e-18 	0.159591 	0.00217155 	-1.0237e-23
6.5 	3.45254e-18 	-1.15524e-18 	0.245374 	-0.00144326 	3.98255e-23
