1.22 	3.45254e-18 	-6.98323e-18 	-0.119901 	-0.0289967 	-4.33556e-22
1.66 	3.45254e-18 	-6.96118e-18 	-0.235295 	-0.0603971 	-2.12441e-23
2.1 	3.45254e-18 	-6.93894e-18 	-0.25158 	-0.0134422 	-1.21956e-21
2.54 	3.45254e-18 	-8.30431e-18 	-0.311154 	0.152876 	7.31375e-24
2.98 	3.45254e-18 	-8.28171e-18 	-0.292406 	0.301624 	1.21745e-21
3.42 	3.45254e-18 	-6.87115e-18 	-0.287927 	0.248024 	1.45708e-21
3.86 	3.45254e-18 	-6.84819e-18 	-0.120117 	0.0249005 	3.40191e-22
4.3 	3.45254e-18 	-6.82504e-18 	-0.0461623 	-0.195846 	1.34471e-21
4.74 	3.45254e-18 	-5.41391e-18 	-0.0177092 	-0.327775 	-6.97603e-22
5.18 	3.45254e-18 	-2.61482e-18 	-0.0722589 	-0.356481 	-3.05235e-22
5.62 	3.45254e-18 	-1.2033e-18 	-0.0179963 	-0.275823 	1.31052e-22
6.06 	3.45254e-18 	-1.17937e-18 	0.118831 	-0.109839 	3.58056e-22
6.5 	3.45254e-18 	-1.15524e-18 	0.260557 	0.0584962 	-1.94713e-22
