1.22 	3.45254e-18 	-6.98323e-18 	-0.12365 	0.00462739 	-4.21964e-22
1.66 	3.45254e-18 	-6.96118e-18 	-0.246181 	-0.000957626 	-2.1502e-23
2.1 	3.45254e-18 	-6.93894e-18 	-0.265719 	-0.0141663 	-1.19485e-21
2.54 	3.45254e-18 	-8.30431e-18 	-0.350423 	-0.023118 	1.02481e-23
2.98 	3.45254e-18 	-8.28171e-18 	-0.40242 	-0.0142784 	1.3435e-21
3.42 	3.45254e-18 	-6.87115e-18 	-0.442058 	0.0119099 	1.44004e-21
3.86 	3.45254e-18 	-6.84819e-18 	-0.35631 	0.0331301 	2.78108e-22
4.3 	3.45254e-18 	-6.82504e-18 	-0.304685 	0.0363067 	9.72106e-22
4.74 	3.45254e-18 	-5.41391e-18 	-0.187302 	0.0263909 	-4.80234e-22
5.18 	3.45254e-18 	-2.61482e-18 	-0.108931 	0.00792815 	-1.87305e-22
5.62 	3.45254e-18 	-1.2033e-18 	-0.00422253 	-0.00995832 	5.97046e-23
6.06 	3.45254e-18 	-1.17937e-18 	0.0728586 	-0.0219319 	8.54915e-23
6.5 	3.45254e-18 	-1.15524e-18 	0.156914 	-0.0288102 	-3.19905e-25
