1.22 	3.45254e-18 	-6.98323e-18 	-0.0937833 	0.484164 	-1.38272e-21
1.66 	3.45254e-18 	-6.96118e-18 	0.299194 	0.0541237 	-6.57061e-23
2.1 	3.45254e-18 	-6.93894e-18 	0.714286 	-0.470153 	-3.44481e-21
2.54 	3.45254e-18 	-8.30431e-18 	0.672289 	-0.674126 	2.72477e-23
2.98 	3.45254e-18 	-8.28171e-18 	0.545144 	-0.651322 	9.42665e-22
3.42 	3.45254e-18 	-6.87115e-18 	0.737884 	-0.158108 	1.21465e-21
3.86 	3.45254e-18 	-6.84819e-18 	0.945146 	0.256933 	3.98512e-22
4.3 	3.45254e-18 	-6.82504e-18 	0.972066 	0.53795 	1.67421e-21
4.74 	3.45254e-18 	-5.41391e-18 	0.873071 	0.617277 	-7.2411e-22
5.18 	3.45254e-18 	-2.61482e-18 	0.903846 	0.470685 	-3.95549e-22
5.62 	3.45254e-18 	-1.2033e-18 	0.992052 	0.185463 	2.53197e-22
6.06 	3.45254e-18 	-1.17937e-18 	1.04853 	-0.171864 	1.04191e-21
6.5 	3.45254e-18 	-1.15524e-18 	1.03828 	-0.338259 	-5.30223e-22
