1.22 	3.45254e-18 	-6.98323e-18 	0.0359129 	0.492837 	-6.72747e-22
1.66 	3.45254e-18 	-6.96118e-18 	-0.210855 	0.519877 	-3.72973e-23
2.1 	3.45254e-18 	-6.93894e-18 	0.543955 	-0.0967719 	-1.65498e-21
2.54 	3.45254e-18 	-8.30431e-18 	0.767446 	-0.484975 	-2.59432e-23
2.98 	3.45254e-18 	-8.28171e-18 	0.721158 	-0.698973 	8.30994e-22
3.42 	3.45254e-18 	-6.87115e-18 	0.660983 	-0.605194 	5.28098e-22
3.86 	3.45254e-18 	-6.84819e-18 	0.846816 	-0.140968 	1.77484e-22
4.3 	3.45254e-18 	-6.82504e-18 	0.985535 	0.294776 	1.13186e-21
4.74 	3.45254e-18 	-5.41391e-18 	0.959194 	0.544985 	-6.28502e-22
5.18 	3.45254e-18 	-2.61482e-18 	0.891029 	0.639403 	-2.76031e-22
5.62 	3.45254e-18 	-1.2033e-18 	0.955267 	0.440295 	1.34659e-22
6.06 	3.45254e-18 	-1.17937e-18 	1.02723 	0.0583213 	5.61442e-22
6.5 	3.45254e-18 	-1.15524e-18 	1.04126 	-0.213717 	-3.82615e-22
