1.22 	3.45254e-18 	-6.98323e-18 	-0.0997995 	0.045883 	-4.80759e-22
1.66 	3.45254e-18 	-6.96118e-18 	-0.211102 	0.168874 	-2.03083e-23
2.1 	3.45254e-18 	-6.93894e-18 	-0.194754 	0.224387 	-1.50366e-21
2.54 	3.45254e-18 	-8.30431e-18 	-0.0974671 	-0.0514619 	-2.60346e-23
2.98 	3.45254e-18 	-8.28171e-18 	0.0151932 	-0.408997 	1.37223e-21
3.42 	3.45254e-18 	-6.87115e-18 	-0.12888 	-0.560755 	1.21024e-21
3.86 	3.45254e-18 	-6.84819e-18 	0.040036 	-0.377788 	2.71036e-22
4.3 	3.45254e-18 	-6.82504e-18 	0.25802 	0.0296267 	1.35572e-21
4.74 	3.45254e-18 	-5.41391e-18 	0.381038 	0.31693 	-8.80573e-22
5.18 	3.45254e-18 	-2.61482e-18 	0.377642 	0.481474 	-4.20139e-22
5.62 	3.45254e-18 	-1.2033e-18 	0.252498 	0.56639 	1.7813e-22
6.06 	3.45254e-18 	-1.17937e-18 	0.242686 	0.446111 	5.30443e-22
6.5 	3.45254e-18 	-1.15524e-18 	0.402972 	0.131791 	-4.18456e-22
