1.275 	2.15223e-18 	-2.76991e-20 	-0.0861338 	-0.461071 	-4.12588e-22
1.825 	2.15223e-18 	-1.39322e-20 	-0.0702247 	-0.288046 	4.57189e-21
2.375 	2.15223e-18 	1.38775e-18 	0.690216 	0.236111 	-2.31285e-21
2.925 	2.15223e-18 	2.78958e-18 	0.782862 	0.557693 	9.45682e-23
3.475 	2.15223e-18 	4.53849e-18 	0.604175 	0.627635 	-1.79778e-22
4.025 	2.15223e-18 	6.28755e-18 	0.771156 	0.237556 	-3.39861e-23
4.575 	2.15223e-18 	6.30203e-18 	1.00233 	-0.209491 	1.86212e-21
5.125 	2.15223e-18 	6.31666e-18 	0.958808 	-0.561777 	-1.60996e-21
5.675 	2.15223e-18 	6.33144e-18 	0.920665 	-0.550703 	-1.5218e-22
6.225 	2.15223e-18 	4.61166e-18 	0.976172 	-0.339125 	-4.97593e-22
