/*--------------------------------*- C++ -*----------------------------------*\
  =========                 |
  \\      /  F ield         | OpenFOAM: The Open Source CFD Toolbox
   \\    /   O peration     | Website:  https://openfoam.org
    \\  /    A nd           | Version:  6.0
     \\/     M anipulation  |
\*---------------------------------------------------------------------------*/
FoamFile
{
    version     2.0;
    format      ascii;
    class       surfaceScalarField;
    location    "62";
    object      phi;
}
// * * * * * * * * * * * * * * * * * * * * * * * * * * * * * * * * * * * * * //

dimensions      [0 3 -1 0 0 0 0];

internalField   nonuniform List<scalar> 
7840
(
3.55411e-05
-0.000264596
0.000125475
-0.000825223
0.000251924
-0.00138348
0.000395513
-0.00189567
0.000538652
-0.00232851
0.000668529
-0.00266657
0.000778131
-0.00291124
0.000865504
-0.00307504
0.000932158
-0.00317532
0.000981414
-0.00322955
0.00101712
-0.00325269
0.00104285
-0.00325623
0.00106155
-0.00324834
0.00107541
-0.00323441
0.00108599
-0.00321786
0.00109438
-0.00320076
0.00110127
-0.00318434
0.00110716
-0.00316935
0.00111233
-0.00315623
-0.00314541
0.00111696
3.68721e-05
-0.000301468
0.000127523
-0.000915874
0.00025139
-0.00150734
0.000387718
-0.002032
0.000519132
-0.00245993
0.000634188
-0.00278163
0.000727646
-0.0030047
0.000799115
-0.00314651
0.000851159
-0.00322736
0.000887604
-0.00326599
0.000912371
-0.00327745
0.00092884
-0.0032727
0.000939622
-0.00325912
0.000946586
-0.00324138
0.000951002
-0.00322228
0.000953708
-0.00320347
0.000955256
-0.00318589
0.000956007
-0.0031701
0.000956189
-0.00315641
-0.00314513
0.000955913
3.77905e-05
-0.000339259
0.000127989
-0.00100607
0.000247635
-0.00162699
0.000375093
-0.00215945
0.00049368
-0.00257852
0.000593564
-0.00288151
0.000671252
-0.00308238
0.000727717
-0.00320297
0.00076632
-0.00326597
0.000791166
-0.00329084
0.000806091
-0.00329238
0.000814194
-0.00328081
0.000817748
-0.00326268
0.000818302
-0.00324193
0.000816872
-0.00322085
0.000814106
-0.0032007
0.000810428
-0.00318221
0.000806115
-0.00316579
0.000801339
-0.00315163
-0.00313997
0.000796178
3.82625e-05
-0.000377521
0.000126842
-0.00109465
0.000240758
-0.0017409
0.00035802
-0.00227672
0.000463036
-0.00268353
0.000547718
-0.00296619
0.000610215
-0.00314488
0.00065264
-0.0032454
0.00067891
-0.00329224
0.00069322
-0.00330515
0.000699209
-0.00329837
0.000699654
-0.00328125
0.000696489
-0.00325951
0.000690982
-0.00323642
0.000683926
-0.00321379
0.00067582
-0.0031926
0.000666989
-0.00317338
0.000657648
-0.00315645
0.00064793
-0.00314191
-0.00312993
0.000637891
3.82656e-05
-0.000415787
0.000124093
-0.00118048
0.000230937
-0.00184775
0.000336957
-0.00238274
0.000427967
-0.00277454
0.00049766
-0.00303589
0.000545672
-0.00319289
0.000575019
-0.00327475
0.000589962
-0.00330718
0.000594642
-0.00330983
0.000592425
-0.00329615
0.000585751
-0.00327458
0.000576242
-0.00325
0.000564913
-0.0032251
0.000552378
-0.00320126
0.000539016
-0.00317923
0.000525075
-0.00315944
0.000510723
-0.00314209
0.000496068
-0.00312726
-0.00311502
0.000481156
3.77896e-05
-0.000453576
0.000119793
-0.00126248
0.000218407
-0.00194636
0.000312407
-0.00247674
0.000389235
-0.00285137
0.000444331
-0.00309098
0.000478621
-0.00322718
0.000495807
-0.00329193
0.000500315
-0.00331169
0.000496118
-0.00330563
0.000486273
-0.00328631
0.000472888
-0.00326119
0.000457302
-0.00323442
0.000440318
-0.00320811
0.000422401
-0.00318334
0.000403834
-0.00316067
0.000384807
-0.00314041
0.000365455
-0.00312274
0.000345868
-0.00310767
-0.00309524
0.000326086
3.68355e-05
-0.000490412
0.000114026
-0.00133967
0.000203443
-0.00203578
0.000284888
-0.00255818
0.000347569
-0.00291405
0.000388574
-0.00313199
0.000409922
-0.00324853
0.000415794
-0.0032978
0.000410633
-0.00330653
0.000398177
-0.00329318
0.000381152
-0.00326928
0.000361358
-0.0032414
0.000339885
-0.00321294
0.000317358
-0.00318558
0.000294122
-0.00316011
0.000270384
-0.00313693
0.000246286
-0.00311631
0.000221937
-0.00309839
0.000197421
-0.00308316
-0.0030706
0.000172777
3.54148e-05
-0.000525827
0.000106905
-0.00141116
0.000186348
-0.00211522
0.000254917
-0.00262675
0.000303646
-0.00296278
0.000331138
-0.00315948
0.000340302
-0.0032577
0.000335621
-0.00329312
0.000321445
-0.00329235
0.000301225
-0.00327296
0.000277365
-0.00324542
0.00025138
-0.00321541
0.000224151
-0.00318572
0.000196156
-0.00315759
0.000167643
-0.00313159
0.000138755
-0.00310804
0.000109595
-0.00308715
8.02549e-05
-0.00306905
5.0814e-05
-0.00305372
-0.0030411
2.13192e-05
3.35485e-05
-0.000559375
9.85607e-05
-0.00147618
0.000167435
-0.0021841
0.000222987
-0.0026823
0.000258081
-0.00299787
0.000272673
-0.00317407
0.000270372
-0.0032554
0.000255812
-0.00327856
0.000233168
-0.00326971
0.000205579
-0.00324537
0.00017514
-0.00321498
0.00014312
-0.00318339
0.000110222
-0.00315282
7.6806e-05
-0.00312417
4.30417e-05
-0.00309783
9.01792e-06
-0.00307402
-2.51956e-05
-0.00305294
-5.95223e-05
-0.00303473
-9.38804e-05
-0.00301936
-0.00300677
-0.000128211
3.12652e-05
-0.00059064
8.91374e-05
-0.00153405
0.000147016
-0.00224197
0.000189564
-0.00272485
0.000211424
-0.00301973
0.000213739
-0.00317639
0.00020064
-0.0032423
0.000176792
-0.00325472
0.000146131
-0.00323905
0.000111483
-0.00321072
7.46565e-05
-0.00317816
3.67055e-05
-0.00314544
-1.80899e-06
-0.0031143
-4.0621e-05
-0.00308536
-7.96233e-05
-0.00305883
-0.000118774
-0.00303487
-0.000158035
-0.00301368
-0.000197344
-0.00299542
-0.00023661
-0.00298009
-0.00296762
-0.000275759
2.86001e-05
-0.00061924
7.87881e-05
-0.00158424
0.000125397
-0.00228858
0.000155077
-0.00275453
0.000164163
-0.00302882
0.000154816
-0.00316704
0.000131532
-0.00321901
9.89074e-05
-0.00322209
6.06047e-05
-0.00320074
1.9139e-05
-0.00316926
-2.39396e-05
-0.00313508
-6.77576e-05
-0.00310162
-0.000111867
-0.00307019
-0.000156071
-0.00304116
-0.000200312
-0.00301459
-0.000244589
-0.00299059
-0.000288899
-0.00296937
-0.000333193
-0.00295112
-0.000377367
-0.00293592
-0.00292367
-0.00042132
2.55938e-05
-0.000644834
6.76686e-05
-0.00162631
0.000102871
-0.00232379
0.000119919
-0.00277158
0.000116729
-0.00302563
9.63147e-05
-0.00314662
6.34043e-05
-0.0031861
2.24482e-05
-0.00318114
-2.31864e-05
-0.00315511
-7.1282e-05
-0.00312116
-0.000120519
-0.00308584
-0.000170173
-0.00305197
-0.000219882
-0.00302048
-0.000269498
-0.00299154
-0.000318998
-0.00296509
-0.000368419
-0.00294117
-0.000417795
-0.00291999
-0.000467095
-0.00290182
-0.000516203
-0.00288681
-0.0028749
-0.000564977
2.22902e-05
-0.000667124
5.59345e-05
-0.00165996
7.97129e-05
-0.00234757
8.44422e-05
-0.00277631
6.94987e-05
-0.00301069
3.859e-05
-0.00311571
-3.43793e-06
-0.00314408
-5.23361e-05
-0.00313224
-0.000105042
-0.0031024
-0.00015962
-0.00306658
-0.000214953
-0.00303051
-0.000270441
-0.00299648
-0.000325782
-0.00296514
-0.000380857
-0.00293647
-0.000435662
-0.00291028
-0.000490267
-0.00288656
-0.000544748
-0.00286551
-0.000599109
-0.00284746
-0.000653218
-0.0028327
-0.00282124
-0.000706876
1.87362e-05
-0.000685861
4.37381e-05
-0.00168496
5.6179e-05
-0.00236001
4.89677e-05
-0.00276909
2.28041e-05
-0.00298452
-1.80505e-05
-0.00307486
-6.8728e-05
-0.0030934
-0.000125221
-0.00307574
-0.000184773
-0.00304285
-0.00024571
-0.00300565
-0.000307098
-0.00296912
-0.000368438
-0.00293514
-0.000429472
-0.00290411
-0.000490085
-0.00287585
-0.000550277
-0.00285009
-0.000610137
-0.0028267
-0.000669789
-0.00280586
-0.000729287
-0.00278796
-0.000788497
-0.00277349
-0.00276261
-0.000847123
1.49802e-05
-0.000700841
3.12266e-05
-0.0017012
3.25072e-05
-0.00236129
1.3782e-05
-0.00275037
-2.30615e-05
-0.00294768
-7.33351e-05
-0.00302459
-0.000132226
-0.00303451
-0.000195995
-0.00301198
-0.000262186
-0.00297666
-0.000329371
-0.00293846
-0.000396779
-0.00290171
-0.000464003
-0.00286792
-0.000530814
-0.0028373
-0.000597089
-0.00280958
-0.0006628
-0.00278438
-0.000728034
-0.00276147
-0.000792955
-0.00274094
-0.000857682
-0.00272324
-0.000922095
-0.00270908
-0.00269895
-0.000985757
1.10712e-05
-0.000711912
1.85401e-05
-0.00170867
8.91508e-06
-0.00235166
-2.08583e-05
-0.0027206
-6.78384e-05
-0.0029007
-0.000127022
-0.0029654
-0.00019371
-0.00296782
-0.000264449
-0.00294124
-0.000337074
-0.00290403
-0.000410386
-0.00286515
-0.00048377
-0.00282833
-0.000556905
-0.00279478
-0.000629593
-0.00276461
-0.000701696
-0.00273748
-0.000773137
-0.00271294
-0.000843959
-0.00269065
-0.000914335
-0.00267056
-0.000984462
-0.00265311
-0.00105425
-0.00263929
-0.00263005
-0.00112315
7.05764e-06
-0.00071897
5.81016e-06
-0.00170742
-1.43996e-05
-0.00233145
-5.47251e-05
-0.00268027
-0.000111297
-0.00284413
-0.000178892
-0.00289781
-0.000252972
-0.00289374
-0.000330375
-0.00286383
-0.000409214
-0.00282519
-0.000488506
-0.00278586
-0.000567784
-0.00274905
-0.000646824
-0.00271574
-0.000725477
-0.00268596
-0.0008036
-0.00265935
-0.000881067
-0.00263547
-0.000957841
-0.00261388
-0.00103407
-0.00259433
-0.00111004
-0.00257714
-0.00118575
-0.00256359
-0.00255497
-0.00126082
2.98677e-06
-0.000721956
-6.84154e-06
-0.0016976
-3.72601e-05
-0.00230103
-8.76179e-05
-0.00262991
-0.000153236
-0.00277851
-0.00022875
-0.00282229
-0.000309817
-0.00281267
-0.00039356
-0.00278009
-0.000478362
-0.00274039
-0.000563438
-0.00270078
-0.000648471
-0.00266402
-0.000733349
-0.00263086
-0.000818005
-0.0026013
-0.000902339
-0.00257502
-0.000986203
-0.00255161
-0.00106949
-0.00253059
-0.00115229
-0.00251153
-0.001235
-0.00249442
-0.00131785
-0.00248074
-0.00247139
-0.00140143
-1.09678e-06
-0.00072086
-1.93051e-05
-0.00167939
-5.95115e-05
-0.00226083
-0.000119365
-0.00257006
-0.000193483
-0.00270439
-0.000276426
-0.00273935
-0.000364062
-0.00272504
-0.000453795
-0.00269036
-0.000544252
-0.00264994
-0.000634838
-0.0026102
-0.000725384
-0.00257347
-0.000815913
-0.00254034
-0.000906497
-0.00251072
-0.000997171
-0.00248434
-0.00108788
-0.0024609
-0.00117851
-0.00243996
-0.00126907
-0.00242097
-0.00135992
-0.00240357
-0.00145163
-0.00238903
-0.00237608
-0.00154694
-5.15192e-06
-0.000715708
-3.14841e-05
-0.00165306
-8.10229e-05
-0.00221129
-0.000149825
-0.00250126
-0.000231901
-0.00262232
-0.000321782
-0.00264947
-0.000415556
-0.00263126
-0.000510889
-0.00259502
-0.000606623
-0.0025542
-0.000702323
-0.0025145
-0.000797948
-0.00247785
-0.000893659
-0.00244463
-0.000989711
-0.00241466
-0.0010864
-0.00238766
-0.001184
-0.00236329
-0.00128273
-0.00234124
-0.00138268
-0.00232101
-0.00148444
-0.00230181
-0.00159028
-0.00228319
-0.00227666
-0.00168971
-9.12985e-06
-0.000706578
-4.32767e-05
-0.00161891
-0.000101665
-0.0021529
-0.000178867
-0.00242406
-0.000268366
-0.00253282
-0.000364705
-0.00255313
-0.000464184
-0.00253178
-0.000564706
-0.0024945
-0.000665287
-0.00245362
-0.000765603
-0.00241418
-0.000865679
-0.00237777
-0.00096572
-0.00234458
-0.00106606
-0.00231433
-0.00116716
-0.00228656
-0.00126964
-0.00226081
-0.00137435
-0.00223653
-0.00148215
-0.00221321
-0.00159344
-0.00219053
-0.00170916
-0.00216746
-0.00213692
-0.0018489
-1.30206e-05
-0.000693557
-5.46532e-05
-0.00157728
-0.000121402
-0.00208615
-0.000206462
-0.002339
-0.000302866
-0.00243641
-0.000405195
-0.0024508
-0.000509959
-0.00242702
-0.000615267
-0.00238919
-0.000720282
-0.00234861
-0.00082475
-0.00230971
-0.000928698
-0.00227382
-0.00103227
-0.00224101
-0.00113566
-0.00221094
-0.00123909
-0.00218313
-0.0013428
-0.0021571
-0.00144699
-0.00213234
-0.00155173
-0.00210847
-0.00165725
-0.00208501
-0.00176426
-0.00206046
-0.00203131
-0.00186986
-1.6786e-05
-0.000676771
-6.55421e-05
-0.00152852
-0.000140153
-0.00201154
-0.000232539
-0.00224661
-0.000335352
-0.0023336
-0.000443227
-0.00234293
-0.000552879
-0.00231737
-0.000662604
-0.00227947
-0.00077169
-0.00223952
-0.000879947
-0.00220145
-0.00098742
-0.00216635
-0.00109424
-0.00213419
-0.00120056
-0.00210462
-0.00130651
-0.00207718
-0.00141217
-0.00205143
-0.00151757
-0.00202694
-0.00162267
-0.00200336
-0.00172744
-0.00198024
-0.00183116
-0.00195674
-0.00193202
-0.00193045
-2.04049e-05
-0.000656366
-7.59042e-05
-0.00147302
-0.000157878
-0.00192957
-0.000257078
-0.00214741
-0.000365826
-0.00222485
-0.000478832
-0.00222992
-0.000593003
-0.0022032
-0.000706802
-0.00216567
-0.000819622
-0.0021267
-0.000931315
-0.00208976
-0.00104193
-0.00205573
-0.00115157
-0.00202455
-0.00126033
-0.00199586
-0.00136827
-0.00196924
-0.00147541
-0.0019443
-0.00158166
-0.00192069
-0.00168688
-0.00189814
-0.00179081
-0.00187632
-0.00189276
-0.00185478
-0.00183311
-0.00199168
-2.38602e-05
-0.000632506
-8.57111e-05
-0.00141117
-0.000174556
-0.00184072
-0.000280075
-0.00204189
-0.000394311
-0.00211062
-0.000512063
-0.00211217
-0.000630417
-0.00208484
-0.000747993
-0.00204809
-0.000864276
-0.00201042
-0.000979163
-0.00197487
-0.00109271
-0.00194219
-0.001205
-0.00191226
-0.0013161
-0.00188475
-0.00142607
-0.00185928
-0.00153486
-0.0018355
-0.00164242
-0.00181314
-0.0017486
-0.00179196
-0.00185315
-0.00177177
-0.00195567
-0.00175226
-0.0017332
-0.00205557
-2.71386e-05
-0.000605368
-9.49434e-05
-0.00134337
-0.000190177
-0.00174549
-0.000301541
-0.00193053
-0.000420844
-0.00199131
-0.000542981
-0.00199003
-0.00066521
-0.00196261
-0.000786293
-0.00192701
-0.0009058
-0.00189091
-0.00102367
-0.00185701
-0.00113996
-0.0018259
-0.00125478
-0.00179745
-0.00136818
-0.00177135
-0.0014802
-0.00174726
-0.00159082
-0.00172488
-0.00169999
-0.00170397
-0.0018076
-0.00168435
-0.00191351
-0.00166586
-0.00201752
-0.00164825
-0.00163138
-0.00211934
-3.02299e-05
-0.000575138
-0.000103588
-0.00127001
-0.000204739
-0.00164434
-0.000321493
-0.00181377
-0.000445466
-0.00186734
-0.000571651
-0.00186385
-0.000697471
-0.00183679
-0.000821817
-0.00180266
-0.000944339
-0.00176839
-0.00106501
-0.00173633
-0.00118392
-0.00170698
-0.00130117
-0.0016802
-0.00141683
-0.00165569
-0.00153096
-0.00163313
-0.00164355
-0.00161228
-0.00175459
-0.00159292
-0.00186404
-0.0015749
-0.00197182
-0.00155808
-0.00207784
-0.00154223
-0.00152726
-0.00218196
-3.3126e-05
-0.000542012
-0.000111638
-0.0011915
-0.000218245
-0.00153773
-0.000339954
-0.00169206
-0.000468217
-0.00173908
-0.000598133
-0.00173393
-0.000727277
-0.00170765
-0.00085466
-0.00167528
-0.000980004
-0.00164305
-0.00110332
-0.00161301
-0.00122473
-0.00158558
-0.00134433
-0.0015606
-0.00146223
-0.00153779
-0.00157848
-0.00151688
-0.00169314
-0.00149763
-0.0018062
-0.00147986
-0.00191768
-0.00146343
-0.00202756
-0.0014482
-0.00213582
-0.00143396
-0.00142067
-0.00224241
-3.58208e-05
-0.000506191
-0.000119087
-0.00110823
-0.000230701
-0.00142612
-0.000356943
-0.00156582
-0.000489136
-0.00160688
-0.00062248
-0.00160059
-0.000754693
-0.00157544
-0.000884895
-0.00154508
-0.00101288
-0.00151507
-0.00113869
-0.0014872
-0.00126246
-0.00146181
-0.00138433
-0.00143873
-0.00150441
-0.00141771
-0.00162279
-0.0013985
-0.00173953
-0.00138089
-0.00185467
-0.00136471
-0.00196826
-0.00134984
-0.00208034
-0.00133612
-0.00219092
-0.00132338
-0.00131161
-0.00229998
-3.83091e-05
-0.000467882
-0.000125932
-0.00102061
-0.000242112
-0.00130993
-0.000372483
-0.00143545
-0.000508256
-0.00147111
-0.000644734
-0.00146411
-0.000779768
-0.0014404
-0.000912577
-0.00141227
-0.00104301
-0.00138463
-0.00117116
-0.00135905
-0.00129717
-0.00133579
-0.0014212
-0.0013147
-0.00154339
-0.00129553
-0.00166383
-0.00127806
-0.00178262
-0.0012621
-0.00189983
-0.0012475
-0.00201554
-0.00123413
-0.00212979
-0.00122187
-0.00224264
-0.00121053
-0.00120014
-0.00235411
-4.05865e-05
-0.000427295
-0.00013217
-0.000929023
-0.000252486
-0.00118962
-0.000386587
-0.00130135
-0.000525602
-0.0013321
-0.000664928
-0.00132478
-0.000802538
-0.00130279
-0.000937741
-0.00127707
-0.00107044
-0.00125193
-0.00120076
-0.00122874
-0.00132886
-0.00120768
-0.00145493
-0.00118863
-0.00157911
-0.00117135
-0.00170153
-0.00115564
-0.0018223
-0.00114134
-0.00194151
-0.00112829
-0.00205924
-0.0011164
-0.00217559
-0.00110552
-0.00229062
-0.00109551
-0.0010864
-0.00240436
-4.26493e-05
-0.000384646
-0.000137798
-0.000833874
-0.000261824
-0.00106559
-0.000399271
-0.0011639
-0.000541195
-0.00119017
-0.000683087
-0.00118289
-0.000823028
-0.00116285
-0.000960407
-0.00113969
-0.00109518
-0.00111716
-0.00122748
-0.00109643
-0.00135752
-0.00107764
-0.00148548
-0.00106067
-0.00161153
-0.0010453
-0.0017358
-0.00103137
-0.00185843
-0.00101871
-0.00197951
-0.0010072
-0.00209917
-0.000996743
-0.00221748
-0.000987209
-0.00233454
-0.000978455
-0.000970548
-0.00245039
-4.44939e-05
-0.000340152
-0.000142815
-0.000735553
-0.000270132
-0.000938276
-0.000410542
-0.00102349
-0.000555048
-0.00104566
-0.000699225
-0.00103872
-0.000841251
-0.00102082
-0.000980586
-0.00100035
-0.00111722
-0.000980528
-0.00125133
-0.000962317
-0.00138313
-0.000945844
-0.00151282
-0.000930979
-0.00164057
-0.00091755
-0.00176655
-0.000905395
-0.00189088
-0.000894377
-0.0020137
-0.000884385
-0.00213512
-0.000875326
-0.00225524
-0.000867091
-0.00237414
-0.000859551
-0.000852781
-0.00249191
-4.61169e-05
-0.000294035
-0.000147216
-0.000634454
-0.000277408
-0.000808084
-0.000420407
-0.000880495
-0.000567172
-0.0008989
-0.000713353
-0.000892534
-0.000857215
-0.000876962
-0.000998278
-0.00085929
-0.00113657
-0.000842235
-0.00127229
-0.000826599
-0.00140566
-0.000812474
-0.00153689
-0.000799746
-0.00166618
-0.000788265
-0.00179368
-0.00077789
-0.00191956
-0.000768503
-0.00204393
-0.000760009
-0.00216693
-0.000752326
-0.00228867
-0.000745356
-0.00240923
-0.00073899
-0.000733306
-0.0025287
-4.75153e-05
-0.00024652
-0.000151
-0.00053097
-0.000283654
-0.000675429
-0.000428869
-0.00073528
-0.00057757
-0.000750199
-0.000725475
-0.000744629
-0.000870921
-0.000731516
-0.00101348
-0.000716732
-0.00115321
-0.000702506
-0.00129032
-0.000689484
-0.00142506
-0.000677736
-0.00155765
-0.000667163
-0.00168827
-0.000657637
-0.00181712
-0.000649043
-0.00194434
-0.00064128
-0.00207008
-0.000634269
-0.00219447
-0.00062794
-0.00231762
-0.000622209
-0.00243962
-0.000616986
-0.000612345
-0.00256058
-4.86864e-05
-0.000197834
-0.000154161
-0.000425495
-0.000288869
-0.000540722
-0.00043593
-0.000588219
-0.000586247
-0.000599882
-0.000735593
-0.000595283
-0.000882367
-0.000584742
-0.00102618
-0.000572917
-0.00116712
-0.000561565
-0.00130542
-0.00055119
-0.00144131
-0.00054184
-0.00157504
-0.000533435
-0.00170681
-0.000525872
-0.00183679
-0.000519058
-0.00196516
-0.000512913
-0.00209206
-0.000507372
-0.00221762
-0.00050238
-0.00234196
-0.000497867
-0.00246518
-0.000493762
-0.000490131
-0.0025874
-4.96276e-05
-0.000148206
-0.000156699
-0.000318423
-0.00029305
-0.000404371
-0.00044159
-0.000439679
-0.000593202
-0.000448269
-0.000743706
-0.000444778
-0.00089155
-0.000436898
-0.00103638
-0.000428088
-0.0011783
-0.000419646
-0.00131755
-0.000411941
-0.00145438
-0.000405006
-0.00158904
-0.000398779
-0.00172172
-0.000393183
-0.00185263
-0.000388149
-0.00198193
-0.000383616
-0.00210977
-0.000379536
-0.00223628
-0.000375867
-0.00236159
-0.000372555
-0.0024858
-0.00036955
-0.000366903
-0.00260903
-5.03368e-05
-9.78692e-05
-0.000158609
-0.000210151
-0.000296196
-0.000266784
-0.000445848
-0.000290027
-0.000598435
-0.000295682
-0.000749812
-0.000293401
-0.000898463
-0.000288248
-0.00104406
-0.000282492
-0.00118672
-0.000276986
-0.00132669
-0.000271969
-0.00146424
-0.00026746
-0.0015996
-0.000263418
-0.00173299
-0.000259794
-0.0018646
-0.000256539
-0.0019946
-0.000253614
-0.00212315
-0.000250987
-0.00225038
-0.000248631
-0.00237643
-0.000246509
-0.00250139
-0.000244589
-0.000242907
-0.00262539
-5.08125e-05
-4.70567e-05
-0.00015989
-0.000101074
-0.000298305
-0.000128369
-0.000448703
-0.000139629
-0.000601945
-0.00014244
-0.000753909
-0.000141437
-0.000903104
-0.000139053
-0.00104922
-0.00013638
-0.00119238
-0.000133827
-0.00133284
-0.000131508
-0.00147086
-0.000129434
-0.0016067
-0.000127583
-0.00174056
-0.000125931
-0.00187265
-0.000124455
-0.00200312
-0.000123135
-0.00213215
-0.000121958
-0.00225988
-0.000120907
-0.00238642
-0.000119968
-0.00251188
-0.000119123
-0.000118393
-0.0026364
-5.10535e-05
3.99678e-06
-0.000160539
8.41152e-06
-0.000299376
1.04681e-05
-0.000450155
1.11495e-05
-0.000603731
1.11366e-05
-0.000755996
1.08275e-05
-0.000905469
1.042e-05
-0.00105185
9.99735e-06
-0.00119526
9.58882e-06
-0.00133597
9.20222e-06
-0.00147424
8.83836e-06
-0.00161032
8.49615e-06
-0.00174443
8.1742e-06
-0.00187675
7.87115e-06
-0.00200747
7.58576e-06
-0.00213675
7.31698e-06
-0.00226472
7.06382e-06
-0.00239151
6.82499e-06
-0.00251723
6.59877e-06
6.38536e-06
-0.00264201
-5.10594e-05
5.50562e-05
-0.000160558
0.00011791
-0.00029941
0.00014932
-0.000450203
0.000161943
-0.000603794
0.000164727
-0.000756071
0.000163105
-0.000905556
0.000159905
-0.00105195
0.000156386
-0.00119537
0.000153015
-0.00133609
0.000149923
-0.00147437
0.00014712
-0.00161046
0.000144584
-0.00174457
0.000142288
-0.00187691
0.000140205
-0.00200764
0.000138314
-0.00213692
0.000136598
-0.0022649
0.000135041
-0.00239169
0.000133623
-0.00251742
0.000132326
0.000131168
-0.0026422
-5.08302e-05
0.000105886
-0.000159945
0.000227024
-0.000298405
0.00028778
-0.000448848
0.000312386
-0.000602132
0.000318012
-0.000754136
0.000315109
-0.000903367
0.000309136
-0.00104951
0.000302533
-0.00119271
0.000296207
-0.0013332
0.000290414
-0.00147125
0.000285175
-0.00160712
0.000280447
-0.001741
0.000276176
-0.00187311
0.000272313
-0.00200361
0.000268815
-0.00213266
0.000265649
-0.0022604
0.000262783
-0.00238696
0.000260182
-0.00251244
0.000257807
0.000255695
-0.00263697
-5.03662e-05
0.000156253
-0.0001587
0.000335359
-0.000296362
0.000425442
-0.000446089
0.000462113
-0.000598747
0.00047067
-0.00075019
0.000466552
-0.000898902
0.000457849
-0.00104456
0.000448186
-0.00118727
0.000438921
-0.00132729
0.000430437
-0.00146489
0.000422769
-0.00160029
0.000415853
-0.00173373
0.000409608
-0.00186538
0.000403963
-0.00199542
0.000398854
-0.002124
0.000394232
-0.00225127
0.00039005
-0.00237734
0.000386256
-0.00250233
0.000382793
0.000379714
-0.00262634
-4.96686e-05
0.000205921
-0.000156827
0.000442517
-0.000293282
0.000561897
-0.000441928
0.000610758
-0.00059364
0.000622382
-0.000744236
0.000617148
-0.000892166
0.000605778
-0.00103708
0.000593096
-0.00117907
0.000580916
-0.00131839
0.000569758
-0.00145529
0.000559671
-0.00159001
0.000550573
-0.00172276
0.000542357
-0.00185373
0.000534928
-0.00198308
0.000528203
-0.00211096
0.000522116
-0.00223752
0.000516608
-0.00236287
0.000511608
-0.00248712
0.000507041
0.000502973
-0.00261038
-4.87389e-05
0.00025466
-0.000154326
0.000548104
-0.000289168
0.000696739
-0.000436365
0.000757955
-0.000586811
0.000772827
-0.000736276
0.000766614
-0.000883161
0.000752663
-0.00102708
0.000737015
-0.00116812
0.000721955
-0.00130651
0.000708146
-0.00144249
0.000695655
-0.0015763
0.000684383
-0.00170814
0.0006742
-0.0018382
0.000664985
-0.00196664
0.000656638
-0.0020936
0.000649075
-0.00221921
0.000642226
-0.00234361
0.000636002
-0.00246688
0.000630312
0.000625228
-0.00258914
-4.75791e-05
0.000302239
-0.0001512
0.000651725
-0.00028402
0.000829559
-0.000429402
0.000903337
-0.000578261
0.000921686
-0.000726312
0.000914665
-0.000871895
0.000898246
-0.00101458
0.0008797
-0.00115443
0.000861806
-0.00129166
0.000845375
-0.00142651
0.000830502
-0.00155919
0.000817069
-0.00168992
0.000804923
-0.00181885
0.000793922
-0.00194616
0.000783944
-0.00207198
0.000774892
-0.00219643
0.000766682
-0.00231964
0.000759214
-0.00244171
0.000752374
0.00074624
-0.00256272
-4.61917e-05
0.000348431
-0.000147453
0.000752985
-0.00027784
0.000959947
-0.000421037
0.00104653
-0.000567989
0.00106864
-0.000714345
0.00106102
-0.000858369
0.00104227
-0.000999584
0.00102092
-0.00113802
0.00100024
-0.00127387
0.000981229
-0.00140737
0.000964
-0.00153873
0.000948424
-0.00166813
0.000934323
-0.00179574
0.000921535
-0.00192171
0.000909918
-0.00204618
0.000899361
-0.00216927
0.000889768
-0.00229108
0.000881026
-0.00241171
0.000873005
0.000865777
-0.00253125
-4.45793e-05
0.00039301
-0.000143086
0.000851492
-0.00027063
0.00108749
-0.00041127
0.00118717
-0.000555994
0.00121336
-0.000700373
0.0012054
-0.000842587
0.00118448
-0.000982098
0.00116043
-0.0011189
0.00113705
-0.00125317
0.0011155
-0.00138512
0.00109595
-0.00151495
0.00107825
-0.00164284
0.00106221
-0.00176894
0.00104763
-0.00189339
0.00103437
-0.00201632
0.00102229
-0.00213783
0.00101128
-0.00225804
0.00100124
-0.00237703
0.000991992
0.000983617
-0.00249487
-4.2745e-05
0.000435755
-0.000138104
0.000946852
-0.000262388
0.00121177
-0.000400097
0.00132488
-0.000542269
0.00135554
-0.000684392
0.00134752
-0.000824548
0.00132464
-0.000962129
0.00129801
-0.00109709
0.001272
-0.00122958
0.00124799
-0.00135979
0.00122616
-0.00148791
0.00120637
-0.00161411
0.00118841
-0.00173853
0.00117205
-0.00186129
0.00115713
-0.0019825
0.0011435
-0.00210227
0.00113105
-0.00222069
0.00111966
-0.00233783
0.00110914
0.00109955
-0.00245377
-4.06919e-05
0.000476447
-0.000132509
0.00103867
-0.000253114
0.00133238
-0.000387511
0.00145928
-0.000526806
0.00149483
-0.000666392
0.00148711
-0.000804244
0.00146249
-0.000939674
0.00143344
-0.00107259
0.00140492
-0.00120311
0.00137851
-0.00133141
0.00135446
-0.00145766
0.00133263
-0.00158202
0.00131276
-0.0017046
0.00129463
-0.00182552
0.00127805
-0.00194487
0.00126285
-0.00206274
0.00124892
-0.00217921
0.00123612
-0.00229434
0.00122427
0.00121339
-0.00240818
-3.84234e-05
0.00051487
-0.000126304
0.00112655
-0.000242804
0.00144888
-0.000373503
0.00158998
-0.000509589
0.00163092
-0.000646357
0.00162388
-0.000781661
0.0015978
-0.000914724
0.0015665
-0.0010454
0.00153559
-0.00117377
0.00150688
-0.0013
0.00148069
-0.00142424
0.00145687
-0.00154662
0.00143514
-0.00166725
0.00141526
-0.00178621
0.00139701
-0.00190359
0.00138023
-0.00201944
0.00136477
-0.00213383
0.00135051
-0.0022468
0.00133725
0.00132497
-0.00235838
-3.59432e-05
0.000550814
-0.00011949
0.0012101
-0.000231455
0.00156084
-0.00035806
0.00171658
-0.000490598
0.00176345
-0.000624262
0.00175754
-0.000756774
0.00173031
-0.000887257
0.00169698
-0.0010155
0.00166384
-0.00114157
0.00163295
-0.00126559
0.00160471
-0.00138769
0.00157897
-0.00150798
0.00155544
-0.00162657
0.00153384
-0.0017435
0.00151394
-0.00185883
0.00149555
-0.00197258
0.00147853
-0.00208481
0.00146274
-0.00219553
0.00144796
0.00143416
-0.00230472
-3.32555e-05
0.000584069
-0.000112069
0.00128891
-0.000219059
0.00166783
-0.000341164
0.00183869
-0.000469807
0.0018921
-0.000600075
0.00188781
-0.000729547
0.00185978
-0.000857238
0.00182467
-0.000982874
0.00178948
-0.00110647
0.00175655
-0.00122814
0.00172638
-0.001348
0.00169883
-0.00146614
0.00167358
-0.00158263
0.00165033
-0.0016975
0.00162881
-0.00181076
0.00160882
-0.00192243
0.0015902
-0.00203248
0.00157279
-0.00214091
0.00155639
0.00154088
-0.00224763
-3.03651e-05
0.000614434
-0.000104046
0.00136259
-0.00020561
0.0017694
-0.000322796
0.00195588
-0.000447182
0.00201648
-0.000573751
0.00201438
-0.000699929
0.00198596
-0.000824611
0.00194936
-0.000947452
0.00191232
-0.00106843
0.00187753
-0.00118763
0.00184559
-0.00130516
0.00181636
-0.0014211
0.00178951
-0.00153548
0.00176471
-0.00164831
0.00174165
-0.00175958
0.00172009
-0.00186924
0.00169985
-0.00197721
0.00168077
-0.00208341
0.00166259
0.00164516
-0.00218769
-2.72782e-05
0.000641712
-9.54243e-05
0.00143074
-0.000191101
0.00186507
-0.000302932
0.00206771
-0.000422684
0.00213624
-0.000545238
0.00213693
-0.000667855
0.00210857
-0.000789303
0.0020708
-0.000909157
0.00203217
-0.00102736
0.00199573
-0.00114397
0.0019622
-0.0012591
0.00193148
-0.00137279
0.00190321
-0.0014851
0.00187701
-0.00159599
0.00185254
-0.00170541
0.00182951
-0.00181326
0.0018077
-0.00191939
0.0017869
-0.0020236
0.00176679
0.00174715
-0.00212559
-2.40023e-05
0.000665715
-8.62115e-05
0.00149295
-0.000175529
0.00195439
-0.00028155
0.00217373
-0.000396271
0.00225096
-0.000514474
0.00225514
-0.000633247
0.00222735
-0.000751217
0.00218877
-0.000867876
0.00214883
-0.000983123
0.00211098
-0.00109701
0.00207609
-0.00120964
0.0020441
-0.00132108
0.00201464
-0.00143135
0.00198729
-0.00154045
0.00196164
-0.00164829
0.00193736
-0.00175474
0.00191415
-0.00185954
0.0018917
-0.00196229
0.00186954
0.00184725
-0.00206239
-2.05475e-05
0.000686262
-7.64196e-05
0.00154882
-0.000158894
0.00203687
-0.000258631
0.00227346
-0.0003679
0.00236023
-0.000481393
0.00236863
-0.000596014
0.00234197
-0.000710237
0.002303
-0.00082346
0.00226205
-0.000935542
0.00222306
-0.00104653
0.00218708
-0.00115654
0.00215411
-0.00126565
0.00212376
-0.00137394
0.00209558
-0.00148142
0.00206911
-0.00158799
0.00204393
-0.00169352
0.00201968
-0.00179774
0.00199591
-0.00189995
0.00197176
0.00194639
-0.0019991
-1.69268e-05
0.000703189
-6.60674e-05
0.00159796
-0.000141205
0.002112
-0.000234164
0.00236642
-0.000337535
0.0024636
-0.000445931
0.00247703
-0.000556066
0.0024521
-0.000666244
0.00241317
-0.000775762
0.00237157
-0.000884436
0.00233173
-0.000992315
0.00229496
-0.00109953
0.00226133
-0.00120624
0.00223047
-0.00131258
0.00220191
-0.00141862
0.00217515
-0.00152438
0.0021497
-0.00162985
0.00212515
-0.00173497
0.00210103
-0.00183902
0.00207581
0.00204593
-0.00193857
-1.31571e-05
0.000716346
-5.51824e-05
0.00163998
-0.000122483
0.0021793
-0.000208149
0.00245209
-0.00030515
0.0025606
-0.000408035
0.00257991
-0.000513314
0.00255738
-0.000619105
0.00251897
-0.000724579
0.00247704
-0.00082949
0.00243664
-0.000933871
0.00239935
-0.00103787
0.00236533
-0.00114168
0.00233427
-0.00124552
0.00230575
-0.00134963
0.00227927
-0.00145422
0.00225429
-0.00155935
0.00223028
-0.00166525
0.00220693
-0.00177265
0.00218321
0.00215189
-0.00187861
-9.25921e-06
0.000725605
-4.3803e-05
0.00167453
-0.000102765
0.00223826
-0.000180607
0.00252993
-0.00027074
0.00265073
-0.000367672
0.00267684
-0.0004677
0.00265741
-0.000568732
0.00262
-0.000669798
0.00257811
-0.000770584
0.00253743
-0.000871118
0.00249988
-0.000971612
0.00246582
-0.0010724
0.00243506
-0.00117395
0.0024073
-0.0012769
0.00238222
-0.0013821
0.00235949
-0.00149043
0.0023386
-0.00160226
0.00231876
-0.00171855
0.0022995
0.00229262
-0.00185928
-5.27119e-06
0.000730877
-3.20001e-05
0.00170126
-8.21306e-05
0.00228839
-0.000151606
0.00259941
-0.000234354
0.00273348
-0.000324866
0.00276735
-0.000419221
0.00275176
-0.000515093
0.00271587
-0.000611338
0.00267435
-0.00070753
0.00263362
-0.000803638
0.00259599
-0.000899826
0.00256201
-0.000996356
0.00253159
-0.00109353
0.00250447
-0.00119163
0.00248032
-0.00129086
0.00245872
-0.00139135
0.00243909
-0.00149365
0.00242107
-0.00160008
0.00240593
0.00239237
-0.00169984
-1.20252e-06
0.000732079
-1.98021e-05
0.00171986
-6.0615e-05
0.00232921
-0.000121173
0.00265997
-0.000196002
0.00280831
-0.000279613
0.00285097
-0.000367863
0.00284001
-0.000458165
0.00280617
-0.000549156
0.00276534
-0.000640255
0.00272472
-0.000731301
0.00268703
-0.000822323
0.00265303
-0.000913397
0.00262267
-0.00100456
0.00259564
-0.00109576
0.00257152
-0.00118687
0.00254983
-0.0012779
0.00253012
-0.00136921
0.00251238
-0.00146136
0.00249809
0.00248814
-0.00155713
2.89804e-06
0.000729181
-7.30998e-06
0.00173006
-3.83453e-05
0.00236024
-8.94374e-05
0.00271106
-0.000155805
0.00287467
-0.000232026
0.00292719
-0.000313741
0.00292173
-0.000398081
0.00289051
-0.000483439
0.0028507
-0.000569046
0.00281033
-0.000654594
0.00277258
-0.000739975
0.00273841
-0.000825126
0.00270782
-0.000909945
0.00268046
-0.000994281
0.00265585
-0.00107802
0.00263357
-0.00116125
0.00261335
-0.00124437
0.0025955
-0.0013276
0.00258132
0.00257212
-0.00141158
6.98958e-06
0.000722191
5.38056e-06
0.00173167
-1.54508e-05
0.00238107
-5.65376e-05
0.00275215
-0.000113898
0.00293203
-0.00018224
0.00299553
-0.000257005
0.00299649
-0.000335032
0.00296854
-0.000414451
0.00293012
-0.000494291
0.00289017
-0.000574097
0.00285239
-0.000653648
0.00281796
-0.000732799
0.00278697
-0.000811405
0.00275906
-0.000889333
0.00273378
-0.000966543
0.00271078
-0.00104318
0.00268999
-0.00111954
0.00267186
-0.00119561
0.00265738
0.00264755
-0.00127103
1.10276e-05
0.000711164
1.81606e-05
0.00172454
7.91558e-06
0.00239132
-2.26429e-05
0.0027827
-7.04501e-05
0.00297984
-0.000130424
0.0030555
-0.000197835
0.00306391
-0.00026923
0.00303993
-0.000342459
0.00300335
-0.000416337
0.00296405
-0.000490261
0.00292631
-0.000563916
0.00289162
-0.000637106
0.00286016
-0.000709691
0.00283165
-0.000781591
0.00280568
-0.000852843
0.00278203
-0.000923626
0.00276077
-0.000994137
0.00274237
-0.00106429
0.00272754
0.0027168
-0.00113354
1.4965e-05
0.000696199
3.09093e-05
0.0017086
3.15792e-05
0.00239065
1.20491e-05
0.00280223
-2.56602e-05
0.00301755
-7.67691e-05
0.00310661
-0.000136424
0.00312356
-0.000200884
0.00310439
-0.000267704
0.00307017
-0.000335475
0.00303182
-0.000403437
0.00299427
-0.000471192
0.00295937
-0.000538512
0.00292748
-0.000605272
0.00289841
-0.000671444
0.00287186
-0.000737114
0.0028477
-0.000802449
0.00282611
-0.000867572
0.00280749
-0.000932365
0.00279233
0.00278082
-0.00099639
1.87532e-05
0.000677446
4.34962e-05
0.00168385
5.53448e-05
0.0023788
4.7314e-05
0.00281027
2.02465e-05
0.00304462
-2.14909e-05
0.00314835
-7.29787e-05
0.00317505
-0.0001302
0.00316161
-0.000190412
0.00313038
-0.000251956
0.00309336
-0.000313915
0.00305623
-0.000375797
0.00302125
-0.000437349
0.00298903
-0.000498457
0.00295951
-0.000559119
0.00293252
-0.000619426
0.00290801
-0.000679508
0.00288619
-0.000739419
0.0028674
-0.00079903
0.00285194
0.00283983
-0.000858043
2.23434e-05
0.000655102
5.5782e-05
0.00165041
7.89971e-05
0.00235559
8.28991e-05
0.00280636
6.70152e-05
0.0030605
3.51736e-05
0.00318019
-7.71521e-06
0.00321794
-5.73855e-05
0.00321128
-0.000110785
0.00318378
-0.000165996
0.00314857
-0.000221919
0.00311216
-0.000277964
0.0030773
-0.000333837
0.00304491
-0.000389419
0.0030151
-0.000444709
0.00298781
-0.000499779
0.00296308
-0.00055471
0.00294112
-0.000609506
0.0029222
-0.00066404
0.00290648
0.0028939
-0.00071811
2.56871e-05
0.000629415
6.76203e-05
0.00160848
0.000102301
0.0023209
0.000118522
0.00279014
0.000114359
0.00306467
9.29588e-05
0.00320159
5.91317e-05
0.00325176
1.73537e-05
0.00325306
-2.90141e-05
0.00323015
-7.77734e-05
0.00319733
-0.000127624
0.00316201
-0.000177855
0.00312753
-0.000228113
0.00309516
-0.000278253
0.00306524
-0.000328257
0.00303781
-0.000378165
0.00301299
-0.000428014
0.00299097
-0.000477777
0.00297196
-0.000527336
0.00295604
0.00294312
-0.000576551
2.87372e-05
0.000600678
7.88594e-05
0.00155836
0.000125003
0.00227476
0.000153869
0.00276128
0.000161951
0.00305658
0.000151564
0.00321198
0.000127302
0.00327603
9.3799e-05
0.00328657
5.4716e-05
0.00326923
1.25499e-05
0.0032395
-3.11705e-05
0.00320573
-7.55885e-05
0.00317195
-0.000120267
0.00313984
-0.000165017
0.00310999
-0.000209786
0.00308258
-0.000254576
0.00305778
-0.000299387
0.00303578
-0.000344172
0.00301675
-0.000388828
0.00300069
0.00298755
-0.000433254
3.14493e-05
0.000569229
8.9344e-05
0.00150046
0.00014683
0.00221728
0.00018859
0.00271952
0.000209424
0.00303575
0.000210645
0.00321076
0.000196501
0.00329017
0.000171709
0.00331136
0.000140212
0.00330073
0.00010482
0.00327489
6.73169e-05
0.00324323
2.87375e-05
0.00321053
-1.0372e-05
0.00317895
-4.97551e-05
0.00314937
-8.9311e-05
0.00312214
-0.000129002
0.00309747
-0.000168795
0.00307557
-0.000208627
0.00305658
-0.000248409
0.00304047
0.0030272
-0.000288064
3.37825e-05
0.000535446
9.8918e-05
0.00143533
0.000167491
0.0021487
0.000222299
0.00266471
0.000256356
0.00300169
0.000269801
0.00319731
0.000266382
0.00329359
0.000250804
0.00332694
0.000227258
0.00332428
0.000198872
0.00330328
0.000167715
0.00327439
0.000135032
0.00324321
0.00010151
0.00321247
6.74938e-05
0.00318338
3.31467e-05
0.00315648
-1.44845e-06
0.00313206
-3.62252e-05
0.00311035
-7.11087e-05
0.00309146
-0.000106017
0.00307538
0.00306208
-0.000140891
3.57008e-05
0.000499745
0.000107428
0.0013636
0.000186683
0.00206945
0.000254573
0.00259682
0.000302268
0.002954
0.000328565
0.00317101
0.000336534
0.00328562
0.000330751
0.00333272
0.000315597
0.00333943
0.000294515
0.00332436
0.000269885
0.00329902
0.000243197
0.0032699
0.000215308
0.00324036
0.000186681
0.00321201
0.000157553
0.00318561
0.000128061
0.00316156
9.83039e-05
0.0031401
6.8372e-05
0.00312139
3.83443e-05
0.00310541
0.00309215
8.26899e-06
3.71748e-05
0.00046257
0.000114728
0.00128605
0.000204093
0.00198008
0.00028495
0.00251596
0.000346619
0.00289233
0.000386389
0.00313124
0.000406464
0.00326555
0.00041114
0.00332804
0.000404912
0.00334566
0.000391517
0.00333775
0.00037366
0.00331687
0.000353112
0.00329045
0.000330938
0.00326254
0.000307741
0.00323521
0.000283856
0.0032095
0.000259479
0.00318593
0.000234748
0.00316484
0.000209772
0.00314637
0.000184631
0.00313055
0.00311741
0.000159368
3.81824e-05
0.000424388
0.000120683
0.00120355
0.000219406
0.00188136
0.000312939
0.00242243
0.000388803
0.00281646
0.000442639
0.00307741
0.000475579
0.00323261
0.000491468
0.00331215
0.000494804
0.00334232
0.000489577
0.00334298
0.000478824
0.00332763
0.000464624
0.00330465
0.000448287
0.00327887
0.000430591
0.00325291
0.000411985
0.0032281
0.000392743
0.00320518
0.000373046
0.00318453
0.000353027
0.00316639
0.000332776
0.0031508
0.00313785
0.000312336
3.87108e-05
0.000385677
0.00012518
0.00111708
0.000232317
0.00177422
0.000338025
0.00231672
0.00042815
0.00272634
0.00049658
0.00300898
0.000543171
0.00318601
0.000571115
0.00328421
0.000584769
0.00332867
0.000588309
0.00333944
0.000585092
0.00333084
0.000577528
0.00331221
0.000567207
0.00328919
0.000555116
0.003265
0.000541848
0.00324137
0.00052777
0.00321925
0.000513119
0.00319918
0.000498062
0.00318145
0.000482703
0.00316616
0.00315347
0.00046709
3.87575e-05
0.00034692
0.000128128
0.00102771
0.000242544
0.00165981
0.000359687
0.00219958
0.000463938
0.00262209
0.000547382
0.00292553
0.000608404
0.00312499
0.000649317
0.0032433
0.000674168
0.00330382
0.00068721
0.0033264
0.000692086
0.00332597
0.000691548
0.00331275
0.000687498
0.00329324
0.000681168
0.00327133
0.000673328
0.00324921
0.00066446
0.00322812
0.000654877
0.00320877
0.000644788
0.00319154
0.000634323
0.00317662
0.00316425
0.00062354
3.83315e-05
0.000308588
0.000129472
0.000936569
0.000249844
0.00153943
0.000377415
0.00207201
0.000495405
0.0025041
0.000594117
0.00282682
0.000670298
0.00304881
0.000725149
0.00318845
0.000762194
0.00326677
0.000785626
0.00330297
0.000799304
0.00331229
0.00080631
0.00330574
0.000808885
0.00329067
0.000808543
0.00327167
0.000806268
0.00325148
0.000802688
0.0032317
0.00079821
0.00321324
0.000793104
0.00319664
0.000787537
0.00318219
0.0031702
0.000781586
3.74535e-05
0.000271135
0.000129194
0.000844828
0.000254029
0.0014146
0.000390741
0.00193529
0.000521778
0.00237306
0.00063578
0.00271282
0.000727736
0.00295686
0.000797506
0.00311868
0.00084785
0.00321643
0.000882717
0.0032681
0.000906077
0.00328893
0.000921308
0.00329051
0.000930995
0.00328098
0.000936969
0.00326569
0.000940466
0.00324799
0.000942294
0.00322987
0.000942988
0.00321255
0.000942896
0.00319673
0.000942238
0.00318285
0.00317131
0.000941124
3.6156e-05
0.000127319
0.000254986
0.000399266
0.000542307
0.000671313
0.000779471
0.000865089
0.000929909
0.000977412
0.00101153
0.00103586
0.00105331
0.00106606
0.00107563
0.00108307
0.00108904
0.00109402
0.0010983
0.00110204
0.0375553
0.000936524
-0.0401815
0.0377437
-0.00173543
0.0380023
-0.00165997
0.0382932
-0.00155173
0.0385863
-0.0014163
0.0388789
-0.00127829
0.0391764
-0.0011447
0.0394806
-0.00101102
0.0397892
-0.000873555
0.0401
-0.000732185
0.0404122
-0.000587968
0.0407256
-0.000441536
0.0410399
-0.000293051
0.0413553
-0.000142598
0.0416717
9.64687e-06
0.0419895
0.000163435
0.0423089
0.000318504
0.0426304
0.000474592
0.0429549
0.000631438
0.000788778
0.0391581
-0.000380993
-0.0378406
0.0392722
-0.00184956
0.0393584
-0.00174613
0.0394401
-0.0016335
0.0395324
-0.00150857
0.0396323
-0.00137816
0.0397347
-0.00124712
0.039839
-0.00111528
0.0399463
-0.000980927
0.0400576
-0.00084341
0.0401727
-0.000703126
0.0402918
-0.000560619
0.0404149
-0.000416187
0.0405423
-0.00026997
0.0406741
-0.0001221
0.0408103
2.72418e-05
0.0409509
0.000177852
0.041096
0.000329521
0.0412454
0.000482043
0.000635217
0.039125
-0.000536948
-0.038969
0.039135
-0.0018596
0.0391402
-0.00175135
0.0391456
-0.00163888
0.0391595
-0.00152247
0.0391839
-0.00140259
0.0392168
-0.00128002
0.0392567
-0.00115513
0.0393036
-0.00102787
0.0393584
-0.000898127
0.0394213
-0.000766033
0.0394925
-0.000631831
0.039572
-0.000495762
0.0396601
-0.000358021
0.0397568
-0.000218783
0.0398623
-7.82311e-05
0.0399767
6.34389e-05
0.0401002
0.000206024
0.0402329
0.000349319
0.000493122
0.0391594
-0.00078037
-0.038916
0.0391229
-0.00182313
0.0390913
-0.00171973
0.039065
-0.00161261
0.0390452
-0.00150264
0.0390326
-0.00138996
0.0390271
-0.00127457
0.0390286
-0.00115659
0.0390369
-0.00103623
0.0390525
-0.000913648
0.0390754
-0.000788997
0.039106
-0.000662452
0.0391445
-0.000534199
0.0391909
-0.000404427
0.0392454
-0.000273321
0.0393083
-0.000141067
0.0393795
-7.84946e-06
0.0394594
0.000126142
0.039548
0.000260717
0.000395686
0.0390516
-0.000955295
-0.0388767
0.0389776
-0.00174914
0.0389106
-0.00165276
0.0388505
-0.00155246
0.0387971
-0.00144924
0.0387508
-0.00134364
0.0387119
-0.00123571
0.0386808
-0.00112547
0.0386576
-0.00101304
0.0386425
-0.000898588
0.0386358
-0.000782302
0.0386377
-0.000664345
0.0386484
-0.000544876
0.038668
-0.000424063
0.0386968
-0.000302074
0.0387348
-0.00017908
0.0387822
-5.52527e-05
0.0388391
6.92352e-05
0.0389056
0.000194209
0.000319496
0.0388407
-0.00111167
-0.0386843
0.0387453
-0.00165378
0.0386571
-0.00156455
0.0385763
-0.00147166
0.0385031
-0.001376
0.0384376
-0.00127812
0.03838
-0.00117814
0.0383306
-0.00107607
0.0382895
-0.000971986
0.038257
-0.000866046
0.0382331
-0.000758415
0.038218
-0.000649252
0.0382119
-0.000538706
0.0382147
-0.00042693
0.0382267
-0.000314078
0.038248
-0.000200309
0.0382785
-8.57826e-05
0.0383184
2.9339e-05
0.0383677
0.000144894
0.000260719
0.0385638
-0.00122106
-0.0384544
0.0384564
-0.00154638
0.038356
-0.0014642
0.0382632
-0.00137883
0.0381781
-0.00129094
0.038101
-0.00120096
0.0380318
-0.00110901
0.0379709
-0.00101513
0.0379183
-0.000919394
0.0378742
-0.000821951
0.0378387
-0.000722946
0.037812
-0.000622528
0.0377942
-0.000520837
0.0377852
-0.000418015
0.0377854
-0.000314208
0.0377946
-0.000209564
0.0378131
-0.000104231
0.0378408
1.63899e-06
0.0378778
0.000107895
0.000214386
0.0382706
-0.00127151
-0.0382202
0.0381569
-0.00143262
0.0380501
-0.00135738
0.0379507
-0.00127945
0.037859
-0.00119924
0.0377751
-0.00111705
0.037699
-0.001033
0.0376311
-0.000947162
0.0375713
-0.000859625
0.0375199
-0.000770515
0.0374769
-0.000679966
0.0374425
-0.000588114
0.0374167
-0.000495089
0.0373997
-0.000401026
0.0373916
-0.000306058
0.0373924
-0.000210323
0.0374021
-0.00011396
0.0374208
-1.71092e-05
0.0374486
8.00901e-05
0.000177496
0.0379874
-0.00125843
-0.0380005
0.0378702
-0.0013154
0.0377598
-0.00124693
0.0376565
-0.0011762
0.0375607
-0.00110344
0.0374725
-0.00102884
0.037392
-0.00095249
0.0373193
-0.000874487
0.0372546
-0.000794931
0.037198
-0.000713939
0.0371497
-0.000631629
0.0371097
-0.000548124
0.0370782
-0.000463547
0.0370552
-0.00037802
0.0370408
-0.000291669
0.0370351
-0.00020462
0.0370381
-0.000116999
0.0370499
-2.89379e-05
0.0370706
5.94363e-05
0.000147993
0.0377285
-0.00119383
-0.0377931
0.0376092
-0.00119609
0.0374965
-0.00113422
0.0373908
-0.00107046
0.0372923
-0.00100492
0.0372011
-0.000937671
0.0371174
-0.00086881
0.0370414
-0.000798436
0.0369731
-0.000726655
0.0369127
-0.000653572
0.0368604
-0.000579295
0.0368162
-0.000503934
0.0367802
-0.000427601
0.0367526
-0.000350408
0.0367334
-0.00027247
0.0367227
-0.000193901
0.0367205
-0.00011482
0.0367269
-3.5342e-05
0.036742
4.44142e-05
0.000124331
0.037499
-0.00109721
-0.0375957
0.0373781
-0.00107514
0.0372637
-0.00101977
0.037156
-0.000962788
0.0370553
-0.000904233
0.0369618
-0.000844139
0.0368755
-0.000782583
0.0367968
-0.000719663
0.0367256
-0.00065548
0.0366621
-0.000590131
0.0366066
-0.000523713
0.036559
-0.000456324
0.0365194
-0.000388065
0.0364881
-0.000319038
0.0364649
-0.000249345
0.0364501
-0.000179092
0.0364437
-0.000108382
0.0364457
-3.73205e-05
0.0364561
3.39855e-05
0.00010543
0.0372985
-0.000984131
-0.0374116
0.0371761
-0.000952678
0.03706
-0.000903705
0.0369506
-0.000853347
0.036848
-0.000801616
0.0367523
-0.000748521
0.0366639
-0.000694126
0.0365827
-0.000638522
0.0365091
-0.000581802
0.036443
-0.000524052
0.0363846
-0.00046536
0.0363341
-0.000405811
0.0362915
-0.000345496
0.036257
-0.000284505
0.0362306
-0.00022293
0.0362124
-0.000160862
0.0362024
-9.83952e-05
0.0362007
-3.56227e-05
0.0362073
2.73619e-05
9.04645e-05
0.0371229
-0.000862605
-0.0372444
0.0369989
-0.000828688
0.0368812
-0.000786023
0.03677
-0.000742177
0.0366656
-0.000697148
0.036568
-0.000650936
0.0364775
-0.000603594
0.0363941
-0.000555201
0.0363182
-0.000505841
0.0362497
-0.00045559
0.0361889
-0.000404524
0.0361358
-0.000352719
0.0360905
-0.000300253
0.0360532
-0.000247204
0.036024
-0.000193652
0.0360028
-0.000139678
0.0359897
-8.53616e-05
0.0359849
-3.07849e-05
0.0359883
2.39712e-05
7.8825e-05
0.0369684
-0.000737051
-0.0370939
0.0368429
-0.000703176
0.0367236
-0.000666716
0.0366107
-0.000629273
0.0365044
-0.000590847
0.0364049
-0.000551427
0.0363123
-0.000511053
0.0362269
-0.000469794
0.0361488
-0.000427721
0.0360781
-0.000384901
0.036015
-0.000341397
0.0359595
-0.000297274
0.0359119
-0.000252598
0.0358721
-0.000207434
0.0358403
-0.000161851
0.0358165
-0.000115916
0.0358009
-6.96959e-05
0.0357933
-2.326e-05
0.035794
2.33234e-05
6.9986e-05
0.0368319
-0.000605118
-0.0369638
0.0367042
-0.000575532
0.0365827
-0.000545195
0.0364675
-0.000514076
0.0363588
-0.000482186
0.0362569
-0.000449512
0.0361619
-0.000416077
0.0360741
-0.000381935
0.0359935
-0.000347142
0.0359204
-0.000311753
0.0358548
-0.000275818
0.0357969
-0.000239388
0.0357468
-0.000202514
0.0357046
-0.00016525
0.0356704
-0.000127649
0.0356443
-8.97649e-05
0.0356262
-5.16512e-05
0.0356163
-1.33628e-05
0.0356146
2.50451e-05
6.35176e-05
0.0367169
-0.00046427
-0.0368577
0.0365847
-0.000443343
0.0364589
-0.000419349
0.0363396
-0.000394763
0.036227
-0.000369601
0.0361213
-0.000343858
0.0360228
-0.000317555
0.0359316
-0.000290723
0.0358478
-0.000263402
0.0357717
-0.000235627
0.0357033
-0.000207435
0.0356428
-0.000178861
0.0355902
-0.000149941
0.0355457
-0.000120715
0.0355093
-9.122e-05
0.035481
-6.14968e-05
0.0354609
-3.15855e-05
0.0354491
-1.52698e-06
0.0354455
2.86367e-05
5.88636e-05
0.0366038
-0.000304772
-0.0367633
0.0364613
-0.000300811
0.0363261
-0.000284219
0.0361987
-0.000267356
0.0360792
-0.000250025
0.0359675
-0.000232168
0.0358637
-0.000213822
0.035768
-0.000195041
0.0356805
-0.000175859
0.0356012
-0.000156297
0.0355301
-0.000136377
0.0354674
-0.000116122
0.035413
-9.55595e-05
0.035367
-7.4718e-05
0.0353294
-5.36268e-05
0.0353002
-3.23158e-05
0.0352795
-1.08159e-05
0.0352671
1.08414e-05
0.0352631
3.26239e-05
5.44989e-05
0.0364128
-0.000195903
-0.0365217
0.036264
-0.000152021
0.0361239
-0.000144106
0.0359927
-0.000136196
0.0358706
-0.000127832
0.0357572
-0.00011885
0.0356527
-0.000109304
0.035557
-9.92774e-05
0.0354699
-8.88201e-05
0.0353916
-7.79532e-05
0.0353219
-6.6695e-05
0.0352608
-5.50687e-05
0.0352084
-4.31015e-05
0.0351645
-3.08217e-05
0.0351291
-1.82569e-05
0.0351022
-5.43466e-06
0.0350838
7.61742e-06
0.0350738
2.08713e-05
0.0350721
3.42987e-05
4.78717e-05
0.0357951
-9.15176e-05
-0.0358995
0.0356844
-4.1273e-05
0.0355806
-4.03551e-05
0.0354832
-3.8815e-05
0.0353923
-3.68985e-05
0.0353081
-3.46136e-05
0.0352307
-3.193e-05
0.0351602
-2.88436e-05
0.0350968
-2.53722e-05
0.0350404
-2.15425e-05
0.0349911
-1.73817e-05
0.0349489
-1.29152e-05
0.034914
-8.16672e-06
0.0348863
-3.15823e-06
0.034866
2.089e-06
0.034853
7.55357e-06
0.0348474
1.32142e-05
0.0348492
1.90506e-05
0.0348585
2.50421e-05
3.11693e-05
0.0348963
-0.0349878
0.034855
0.0348146
0.0347758
0.0347389
0.0347043
0.0346724
0.0346435
0.0346182
0.0345966
0.0345792
0.0345663
0.0345582
0.034555
0.0345571
0.0345647
0.0345779
0.0345969
0.034622
0.0364548
3.275e-05
-2.30941e-05
0.0364243
0.000102005
-7.1533e-05
0.0363756
0.000167156
-0.000118371
0.0363087
0.000238222
-0.00017135
0.0362201
0.000311895
-0.000223355
0.0361119
0.0003955
-0.000287241
0.035979
0.000482963
-0.000350058
0.0358247
0.000587462
-0.000433192
0.035642
0.000696824
-0.000514111
0.0354364
0.00083439
-0.000628799
0.0351985
0.000976893
-0.000738982
0.0349381
0.00116569
-0.000905254
0.0346437
0.00135784
-0.00106348
0.0343335
0.00162558
-0.00131533
0.0339959
0.0018919
-0.00155438
0.0336688
0.00227729
-0.00195014
0.0333495
0.00264692
-0.00232761
0.0331499
0.00316954
-0.00296992
0.0331439
0.00360675
-0.00360075
-0.0022982
-0.00473942
0.0364574
3.98256e-05
0.0364376
0.000121779
0.0364024
0.000202395
0.0363586
0.000282001
0.0362975
0.000373014
0.0362304
0.000462573
0.0361429
0.000570477
0.0360551
0.000675236
0.035943
0.000808985
0.0358419
0.000935428
0.0357116
0.00110724
0.0356147
0.00126257
0.0354836
0.00148889
0.0354297
0.00167955
0.0353399
0.00198166
0.035409
0.00220814
0.0354508
0.00260512
0.0357949
0.0028255
0.0361608
0.0032408
-0.00397793
0.0364605
4.38089e-05
0.0364506
0.000131637
0.0364327
0.000220366
0.0364106
0.00030405
0.0363811
0.000402561
0.0363504
0.000493239
0.0363134
0.000607421
0.0362806
0.000708054
0.0362446
0.000844998
0.0362221
0.000957937
0.0362032
0.00112616
0.0362141
0.0012517
0.0362429
0.00146003
0.0363302
0.00159231
0.0364677
0.00184416
0.0367173
0.00195852
0.0370869
0.00223552
0.0376339
0.00227852
0.0382943
0.0025804
-0.00465267
0.0364637
4.46172e-05
0.0364623
0.000133024
0.0364597
0.000222966
0.0364564
0.000307304
0.0364541
0.000404868
0.0364536
0.00049373
0.036458
0.000603087
0.0364682
0.000697841
0.0364899
0.000823283
0.036524
0.000923793
0.036581
0.0010692
0.0366605
0.00117217
0.0367814
0.00133915
0.0369387
0.00143498
0.0371626
0.00162032
0.0374281
0.00169293
0.0377675
0.00189617
0.0381034
0.0019426
0.0384954
0.0021884
-0.00507323
0.0364661
4.3016e-05
0.0364711
0.000127994
0.0364796
0.000214418
0.0364906
0.000296319
0.0365077
0.000387788
0.0365292
0.000472245
0.0365611
0.000571197
0.0366004
0.000658512
0.0366568
0.000766918
0.0367248
0.000855781
0.0368194
0.000974615
0.0369303
0.00106123
0.0370795
0.00119002
0.0372464
0.00126805
0.0374602
0.00140653
0.0376828
0.0014703
0.0379567
0.00162232
0.0382326
0.00166669
0.0385902
0.00183077
-0.0053597
0.0364675
3.99779e-05
0.0364767
0.000118837
0.0364919
0.00019914
0.0365122
0.000276083
0.0365407
0.000359277
0.0365757
0.000437241
0.0366224
0.000524522
0.0366777
0.000603205
0.0367493
0.000695261
0.0368319
0.000773176
0.0369365
0.00087008
0.0370532
0.000944485
0.0371971
0.00104614
0.0373516
0.00111357
0.0375376
0.00122053
0.0377313
0.0012766
0.0379653
0.00138828
0.0382089
0.00142304
0.0385072
0.00153251
-0.00553681
0.0364682
3.62703e-05
0.0364794
0.000107638
0.0364979
0.000180652
0.0365228
0.000251099
0.0365566
0.000325546
0.0365979
0.000395954
0.0366501
0.00047229
0.0367112
0.000542104
0.036786
0.000620494
0.0368707
0.000688448
0.0369719
0.00076883
0.0370834
0.00083298
0.0372143
0.000915278
0.037355
0.000972832
0.037519
0.00105658
0.037693
0.00110264
0.0378956
0.00118563
0.0381068
0.00121187
0.0383487
0.0012906
-0.0056425
0.0364683
3.23962e-05
0.03648
9.59413e-05
0.0364993
0.00016137
0.0365257
0.000224723
0.0365605
0.000290733
0.036603
0.000353425
0.0366553
0.000420056
0.0367159
0.000481424
0.0367878
0.000548598
0.0368688
0.000607522
0.0369626
0.000675026
0.0370658
0.000729788
0.0371838
0.00079722
0.0373115
0.00084515
0.0374564
0.000911666
0.0376103
0.000948708
0.0377828
0.00101317
0.0379607
0.00103401
0.0381561
0.00109518
-0.00570659
0.0364682
2.86517e-05
0.0364795
8.46863e-05
0.0364981
0.000142741
0.0365238
0.000199042
0.0365573
0.000257223
0.0365982
0.000312545
0.0366476
0.000370643
0.0367048
0.000424247
0.0367714
0.000482001
0.0368461
0.000532781
0.0369313
0.000589797
0.037025
0.000636115
0.0371304
0.000691856
0.0372441
0.000731419
0.0373704
0.000785337
0.0375039
0.000815196
0.0376501
0.000867034
0.0378007
0.000883341
0.0379634
0.000932481
-0.00574366
0.0364679
2.51896e-05
0.0364783
7.43415e-05
0.0364955
0.000125501
0.0365194
0.00017514
0.0365504
0.000226189
0.0365883
0.000274713
0.0366336
0.000325295
0.036686
0.000371922
0.0367463
0.000421658
0.0368138
0.000465302
0.0368899
0.000513708
0.0369731
0.000552867
0.0370655
0.000599436
0.0371647
0.000632211
0.0372734
0.00067665
0.0373879
0.000700741
0.0375119
0.000743047
0.0376399
0.000755268
0.0377772
0.000795271
-0.00575965
0.0364676
2.20693e-05
0.0364768
6.5079e-05
0.0364924
0.000109944
0.0365141
0.000153478
0.0365421
0.00019811
0.0365764
0.000240507
0.0366172
0.000284486
0.0366641
0.000324979
0.0367179
0.000367896
0.0367777
0.000405502
0.0368445
0.0004469
0.036917
0.000480299
0.0369968
0.00051969
0.0370818
0.000547181
0.0371742
0.000584234
0.0372712
0.00060379
0.0373757
0.00063857
0.0374833
0.000647671
0.0375979
0.000680623
-0.00575742
0.0364672
1.92898e-05
0.0364754
5.6898e-05
0.0364893
9.6094e-05
0.0365086
0.000134148
0.0365336
0.000173078
0.0365641
0.00021007
0.0366003
0.0002483
0.0366417
0.000283508
0.036689
0.000320639
0.0367413
0.000353226
0.0367993
0.000388906
0.0368617
0.000417818
0.0369298
0.000451654
0.0370016
0.000475355
0.037079
0.000506803
0.0371596
0.000523211
0.0372461
0.000552094
0.0373345
0.000559211
0.0374286
0.00058654
-0.00574041
0.036467
1.68045e-05
0.0364742
4.9667e-05
0.0364865
8.37687e-05
0.0365037
0.000116949
0.0365259
0.000150865
0.0365528
0.000183187
0.0365846
0.000216505
0.0366208
0.000247292
0.0366619
0.000279578
0.0367071
0.000308045
0.036757
0.000338971
0.0368105
0.000364334
0.0368683
0.000393797
0.0369286
0.000415059
0.0369927
0.000442707
0.0370582
0.000457781
0.0371277
0.000482534
0.0371983
0.000488613
0.037274
0.000510874
-0.00571085
0.0364667
1.45253e-05
0.0364733
4.31286e-05
0.0364845
7.25642e-05
0.0365001
0.000101371
0.0365201
0.000130826
0.0365441
0.00015916
0.0365723
0.000188341
0.0366039
0.000215647
0.0366394
0.000244092
0.0366779
0.000269521
0.0367203
0.000296637
0.0367654
0.000319253
0.0368143
0.000344867
0.036865
0.000364308
0.0369186
0.000389127
0.0369715
0.00040486
0.0370259
0.000428203
0.0370783
0.000436194
0.0371344
0.000454768
-0.00567039
0.0364667
1.23275e-05
0.0364729
3.69295e-05
0.0364836
6.18758e-05
0.0364983
8.66246e-05
0.0365173
0.000111856
0.0365397
0.000136697
0.0365659
0.000162181
0.0365946
0.000186923
0.0366263
0.000212435
0.0366593
0.000236462
0.0366948
0.000261175
0.036731
0.000283021
0.0367704
0.000305479
0.036811
0.000323709
0.0368559
0.000344201
0.0369001
0.000360687
0.0369453
0.00038298
0.036983
0.000398506
0.0370203
0.000417472
-0.00561387
0.0364667
1.00762e-05
0.036473
3.06917e-05
0.0364838
5.10059e-05
0.0364986
7.18089e-05
0.0365179
9.25829e-05
0.0365405
0.000114131
0.036567
0.00013561
0.0365957
0.000158309
0.0366273
0.000180824
0.0366586
0.000205102
0.0366912
0.000228579
0.0367204
0.000253834
0.03675
0.000275942
0.0367753
0.000298358
0.036806
0.000313535
0.0368368
0.000329891
0.0368785
0.000341215
0.0369103
0.000366704
0.0369365
0.000391334
-0.00553514
0.0364668
7.70566e-06
0.0364735
2.4033e-05
0.0364851
3.94283e-05
0.0365008
5.60481e-05
0.0365215
7.19136e-05
0.0365459
8.97812e-05
0.036575
0.000106468
0.0366068
0.000126496
0.0366429
0.000144778
0.0366792
0.000168707
0.0367178
0.000190076
0.036751
0.00022061
0.0367807
0.000246201
0.0367955
0.000283576
0.036803
0.000305996
0.0367974
0.000335518
0.0368096
0.00032905
0.0368383
0.000337979
0.0368976
0.000332084
-0.00540089
0.0364669
5.28101e-06
0.0364744
1.65632e-05
0.0364867
2.70883e-05
0.0365042
3.85802e-05
0.0365265
4.96057e-05
0.036554
6.22201e-05
0.0365864
7.41424e-05
0.0366241
8.87692e-05
0.0366664
0.000102503
0.0367141
0.000121017
0.0367653
0.000138842
0.0368202
0.000165726
0.0368726
0.000193792
0.0369167
0.000239446
0.0369337
0.000288975
0.036908
0.000361267
0.0368223
0.000414753
0.0367144
0.000445899
0.0366663
0.000380181
-0.0052563
0.036467
2.73871e-06
0.0364752
8.36751e-06
0.0364883
1.39563e-05
0.0365073
1.95679e-05
0.0365314
2.55841e-05
0.0365619
3.16825e-05
0.0365975
3.85112e-05
0.0366408
4.55246e-05
0.0366894
5.3896e-05
0.0367477
6.27502e-05
0.0368122
7.42928e-05
0.0368906
8.73746e-05
0.0369775
0.000106842
0.0370837
0.000133209
0.037192
0.000180726
0.0372923
0.000260996
0.0372961
0.000410959
0.0371019
0.000640091
0.0365743
0.000907755
-0.0045815
0.0364672
0.0364756
0.0364895
0.0365091
0.0365347
0.0365664
0.0366049
0.0366504
0.0367043
0.036767
0.0368413
0.0369287
0.0370356
0.0371688
0.0373495
0.0376105
0.0380214
0.0386615
0.0395693
0.00355398
-1.9284e-05
8.43782e-07
0.00357009
-1.86256e-05
2.51421e-06
0.00358397
-1.80086e-05
4.12436e-06
0.00359525
-1.69794e-05
5.69856e-06
0.00360404
-1.59534e-05
7.16846e-06
0.00360967
-1.42345e-05
8.60135e-06
0.0036123
-1.25232e-05
9.89079e-06
0.00361085
-9.71699e-06
1.11674e-05
0.00360556
-6.98281e-06
1.22748e-05
0.00359465
-2.51501e-06
1.34247e-05
0.00357853
1.69968e-06
1.44172e-05
0.00355418
8.81326e-06
1.55403e-05
0.00352236
1.52311e-05
1.65896e-05
0.00347748
2.70058e-05
1.78692e-05
0.00342119
3.70087e-05
1.92888e-05
0.00334205
5.81312e-05
2.10088e-05
0.00324377
7.4947e-05
2.33292e-05
0.00310055
0.000117295
2.59253e-05
0.002921
0.000149536
3.00108e-05
0.000244781
3.42088e-05
0.00355367
-3.74199e-05
0.00356948
-3.44303e-05
0.00358305
-3.15832e-05
0.00359402
-2.79485e-05
0.00360249
-2.44238e-05
0.00360781
-1.95508e-05
0.00361012
-1.48351e-05
0.00360834
-7.9435e-06
0.00360272
-1.36193e-06
0.00359148
8.72503e-06
0.00357502
1.81582e-05
0.00355034
3.3502e-05
0.00351816
4.74117e-05
0.00347295
7.22076e-05
0.00341628
9.36828e-05
0.00333686
0.000137548
0.00323824
0.00017357
0.0030949
0.000260636
0.00291522
0.00032922
0.000523598
0.00355306
-5.49475e-05
0.00356825
-4.96207e-05
0.00358121
-4.45377e-05
0.00359155
-3.82929e-05
0.00359939
-3.2264e-05
0.00360407
-2.42324e-05
0.00360574
-1.65056e-05
0.00360332
-5.52382e-06
0.00359705
4.91544e-06
0.00358515
2.06236e-05
0.00356801
3.52952e-05
0.00354266
5.88559e-05
0.00350977
8.0302e-05
0.00346392
0.000118053
0.00340651
0.000151093
0.00332656
0.000217502
0.00322727
0.000272861
0.00308371
0.000404188
0.00290379
0.00050914
0.000802005
0.00355215
-7.15636e-05
0.00356642
-6.38908e-05
0.00357845
-5.65627e-05
0.00358785
-4.7701e-05
0.00359475
-3.91592e-05
0.00359848
-2.79626e-05
0.00359919
-1.72147e-05
0.0035958
-2.13588e-06
0.00358854
1.21756e-05
0.00357566
3.35083e-05
0.00355751
5.34459e-05
0.00353116
8.52055e-05
0.00349721
0.00011425
0.0034504
0.000164862
0.00339189
0.000209597
0.00331114
0.000298255
0.00321086
0.000373143
0.00306701
0.000548038
0.00288675
0.000689397
0.00107973
0.00355094
-8.69664e-05
0.00356398
-7.69355e-05
0.00357477
-6.735e-05
0.00358293
-5.58623e-05
0.00358857
-4.47965e-05
0.00359103
-3.04259e-05
0.00359046
-1.66442e-05
0.00358578
2.54096e-06
0.00357722
2.07428e-05
0.00356302
4.77058e-05
0.00354352
7.29431e-05
0.00351585
0.000112882
0.0034805
0.000149599
0.0034324
0.000212957
0.00337245
0.000269549
0.00329063
0.000380074
0.00318904
0.00047474
0.0030448
0.000692269
0.00286411
0.000870094
0.00135644
0.00354942
-0.000100856
0.00356094
-8.84522e-05
0.00357018
-7.65937e-05
0.00357679
-6.24687e-05
0.00358086
-4.88646e-05
0.00358174
-3.13095e-05
0.00357958
-1.44781e-05
0.00357329
8.82535e-06
0.0035631
3.09393e-05
0.00354726
6.35415e-05
0.00352609
9.41163e-05
0.00349675
0.000142216
0.00345966
0.000186689
0.00340995
0.000262664
0.00334821
0.000331295
0.00326505
0.000463234
0.00316182
0.000577973
0.00301713
0.000836956
0.00283588
0.00105134
0.00163174
0.00354761
-0.000112935
0.0035573
-9.81403e-05
0.0035647
-8.39903e-05
0.00356944
-6.72144e-05
0.00357163
-5.10553e-05
0.00357063
-3.03028e-05
0.00356655
-1.0403e-05
0.00355834
1.70334e-05
0.0035462
4.30838e-05
0.0035284
8.13389e-05
0.00350523
0.000117291
0.0034739
0.000173541
0.00343474
0.000225855
0.00338308
0.000314317
0.0033192
0.000395179
0.00323442
0.000548015
0.00312923
0.000683163
0.00298402
0.000982168
0.00280212
0.00123324
0.00190516
0.00354551
-0.000122908
0.00355307
-0.000105702
0.00355832
-8.9239e-05
0.0035609
-6.97969e-05
0.00356091
-5.10632e-05
0.00355771
-2.70985e-05
0.00355141
-4.10881e-06
0.00354097
2.7478e-05
0.00352656
5.74922e-05
0.00350648
0.000101419
0.00348098
0.000142791
0.00344733
0.000207188
0.00340576
0.000267423
0.00335183
0.000368253
0.00328548
0.000461531
0.00319878
0.000634713
0.00309132
0.000790622
0.00294552
0.00112797
0.00276285
0.00141591
0.0021761
0.00354311
-0.000130485
0.00354825
-0.000110844
0.00355106
-9.20427e-05
0.00355118
-6.99173e-05
0.0035487
-4.85866e-05
0.003543
-2.13934e-05
0.00353418
4.71082e-06
0.00352119
4.04683e-05
0.0035042
7.44761e-05
0.00348152
0.000124099
0.00345338
0.000170931
0.00341708
0.000243487
0.00337279
0.000311717
0.00331623
0.000424815
0.00324708
0.000530672
0.00315816
0.000723638
0.00304813
0.00090065
0.00290169
0.00127441
0.00271814
0.00159945
0.00244385
0.00354043
-0.000135376
0.00354286
-0.000113275
0.00354292
-9.21081e-05
0.00354029
-6.72807e-05
0.00353503
-4.33278e-05
0.00352652
-1.28882e-05
0.00351488
1.63581e-05
0.00349903
5.63089e-05
0.00347917
9.4343e-05
0.00345357
0.000149693
0.00342248
0.000202026
0.0033832
0.000282768
0.00333586
0.000359052
0.00327633
0.000484351
0.00320409
0.00060291
0.00311261
0.000815118
0.00299973
0.00101352
0.00285258
0.00142157
0.00266806
0.00178397
0.00270756
0.00353746
-0.000137299
0.00353689
-0.000112709
0.00353393
-8.91464e-05
0.00352825
-6.15969e-05
0.00351991
-3.49938e-05
0.00350831
-1.28885e-06
0.00349354
3.11305e-05
0.00347455
7.52992e-05
0.0034515
0.000117396
0.00342268
0.00017851
0.00338832
0.000236383
0.00334574
0.000325355
0.00329505
0.000409737
0.00323219
0.000547213
0.00315656
0.000678541
0.00306217
0.000909503
0.00294621
0.00112949
0.00279827
0.00156951
0.00261272
0.00196951
0.00296617
0.00353421
-0.000135974
0.00353037
-0.000108866
0.00352409
-8.28733e-05
0.00351508
-5.25807e-05
0.00350338
-2.32968e-05
0.0034884
1.36931e-05
0.00347021
4.932e-05
0.00344778
9.77325e-05
0.00342124
0.000143931
0.0033889
0.00021085
0.00335098
0.000274307
0.00330476
0.000371568
0.00325042
0.000464078
0.00318388
0.000613753
0.00310458
0.000757847
0.00300692
0.00100716
0.00288766
0.00124875
0.00273883
0.00171834
0.00255224
0.0021561
0.00321843
0.00353069
-0.000131128
0.00352329
-0.000101469
0.00351343
-7.30101e-05
0.0035008
-3.99528e-05
0.00348546
-7.95457e-06
0.00346681
3.23399e-05
0.00344492
7.12127e-05
0.00341876
0.000123895
0.00338845
0.000174242
0.00335229
0.000247008
0.0033105
0.000316093
0.00326035
0.000421718
0.00320206
0.000522372
0.00313149
0.000684321
0.00304824
0.000841101
0.0029469
0.0011085
0.0028242
0.00137146
0.00267434
0.00186819
0.00248682
0.00234362
0.00346284
0.0035269
-0.000122491
0.00351568
-9.02479e-05
0.00350195
-5.92838e-05
0.00348544
-2.34403e-05
0.00346618
1.13085e-05
0.00344359
5.49266e-05
0.00341771
9.70878e-05
0.00338754
0.000154066
0.00335317
0.000208611
0.00331291
0.000287269
0.00326697
0.000362035
0.00321258
0.000476105
0.00315004
0.000584918
0.0030751
0.000759256
0.00298764
0.000928568
0.00288223
0.0012139
0.00275598
0.0014977
0.0026049
0.00201928
0.00241672
0.0025318
0.0036976
0.00352285
-0.000109801
0.00350754
-7.49383e-05
0.00348968
-4.14279e-05
0.00346902
-2.77729e-06
0.00344556
3.47603e-05
0.00341877
8.17195e-05
0.00338864
0.000127216
0.0033542
0.000188512
0.00331549
0.000247314
0.00327086
0.000331905
0.00322048
0.000412414
0.00316157
0.000535015
0.00309448
0.000652003
0.00301486
0.000838882
0.00292292
0.00102051
0.00281302
0.00132379
0.0026832
0.00162752
0.00253059
0.00217189
0.00234232
0.00272007
0.00392058
0.00351854
-9.28014e-05
0.00349888
-5.52826e-05
0.00347663
-1.91834e-05
0.00345156
2.22935e-05
0.00342366
6.26602e-05
0.00339241
0.000112975
0.00335777
0.000161858
0.00331879
0.00022749
0.00327549
0.000290615
0.00322622
0.000381173
0.00317113
0.0004675
0.00310744
0.000598711
0.00303553
0.000723907
0.00295092
0.000923492
0.00285425
0.00111719
0.00273949
0.00143856
0.00260609
0.00176092
0.00245155
0.00232643
0.00226415
0.00290747
0.00412916
0.00351397
-7.12407e-05
0.00348972
-3.10303e-05
0.00346284
7.70075e-06
0.00343311
5.20215e-05
0.00340051
9.52591e-05
0.00336454
0.000148943
0.00332514
0.000201266
0.00328138
0.000271248
0.00323322
0.00033877
0.00317907
0.00043532
0.00311902
0.000527557
0.00305028
0.000667443
0.00297328
0.000800906
0.00288342
0.00101335
0.00278175
0.00121886
0.00266179
0.00155852
0.0025249
0.0018978
0.00236801
0.00248333
0.00218302
0.00309246
0.0043205
0.00350917
-4.48752e-05
0.00348008
-1.9392e-06
0.00344831
3.94668e-05
0.00341368
8.66488e-05
0.00337614
0.000132802
0.00333522
0.000189868
0.00329079
0.000245692
0.003242
0.000320039
0.00318873
0.000392042
0.00312944
0.000494609
0.00306413
0.000592867
0.00299009
0.000741487
0.00290768
0.000883307
0.00281229
0.00110875
0.00270534
0.00132581
0.00257992
0.00168394
0.00243972
0.002038
0.0022804
0.00264265
0.00210065
0.0032722
0.00449071
0.00350413
-1.34721e-05
0.00346998
3.22171e-05
0.0034331
7.63401e-05
0.00339335
0.000126397
0.00335065
0.00017551
0.00330455
0.000235965
0.00325489
0.000295352
0.00320086
0.000374064
0.00314227
0.000450641
0.00307765
0.000559222
0.00300689
0.00066363
0.00292739
0.000820992
0.00283939
0.000971298
0.00273837
0.00120977
0.00262595
0.00143822
0.00249504
0.00181485
0.00235161
0.00218143
0.00218986
0.00280439
0.0020216
0.00344046
0.00464245
0.00349897
0.00345965
0.00341762
0.00337267
0.00332482
0.00327355
0.00321884
0.00315971
0.00309624
0.00302667
0.00295131
0.00286705
0.00277487
0.00266931
0.00255315
0.00241786
0.00227168
0.00210616
0.00194586
0.00349897
1.16917e-05
2.48759e-05
0.00345964
-3.75194e-05
7.68491e-05
0.00341758
-8.50119e-05
0.000127071
0.00337259
-0.000138284
0.000183273
0.00332471
-0.000190361
0.000238242
0.0032734
-0.0002536
0.000304906
0.00321868
-0.000315426
0.000370146
0.00315956
-0.000396428
0.000455546
0.00309614
-0.000474862
0.000538286
0.00302666
-0.000585295
0.000654778
0.00295146
-0.000691056
0.000766253
0.00286742
-0.000850035
0.000934075
0.00277556
-0.00100142
0.00109328
0.00267042
-0.00124158
0.00134673
0.00255486
-0.00147126
0.00158682
0.00242032
-0.00184994
0.00198448
0.00227519
-0.00221878
0.00236391
0.00211097
-0.00284436
0.00300858
0.00195238
-0.00348591
0.00364449
-0.00469113
0.00478424
0.00350412
4.31018e-05
0.00346994
-3.33949e-06
0.00343304
-4.81027e-05
0.00339325
-9.8494e-05
0.00335049
-0.00014761
0.00330436
-0.000207468
0.00325468
-0.000265743
0.00320066
-0.000342407
0.0031421
-0.000416301
0.00307757
-0.000520765
0.00300694
-0.000620435
0.00292765
-0.000770739
0.00283996
-0.000913739
0.00273934
-0.00114096
0.0026275
-0.00135943
0.0024973
-0.00171975
0.00235487
-0.00207636
0.00219441
-0.0026839
0.00202769
-0.00331919
-0.00454205
0.00350916
6.94746e-05
0.00348005
2.5775e-05
0.00344825
-1.6301e-05
0.00341358
-6.38254e-05
0.00337599
-0.000110024
0.00333503
-0.000166508
0.00329058
-0.000221295
0.00324179
-0.000293618
0.00318856
-0.000363062
0.00312934
-0.000461553
0.00306417
-0.000555258
0.00299032
-0.000696889
0.00290821
-0.000831629
0.00281319
-0.00104594
0.00270678
-0.00125301
0.00258203
-0.001595
0.00244275
-0.00193708
0.00228466
-0.0025258
0.00210632
-0.00314085
-0.0043743
0.00351397
9.10427e-05
0.00348969
5.00502e-05
0.00346277
1.06182e-05
0.003433
-3.40569e-05
0.00340036
-7.73836e-05
0.00336436
-0.000130505
0.00332493
-0.000181864
0.00328117
-0.000249861
0.00323305
-0.000314939
0.00317897
-0.000407477
0.00311904
-0.000495328
0.0030505
-0.000628341
0.00297377
-0.000754904
0.00288426
-0.00095643
0.0027831
-0.00115184
0.00266377
-0.00147568
0.00252774
-0.00180105
0.00237201
-0.00237007
0.00218835
-0.00295719
-0.00418504
0.00351853
0.00010805
0.00349885
6.97281e-05
0.00347657
3.28968e-05
0.00345146
-8.94678e-06
0.00342352
-4.94429e-05
0.00339223
-9.92157e-05
0.00335757
-0.000147201
0.00331859
-0.000210883
0.00327532
-0.000271668
0.00322612
-0.000358278
0.00317115
-0.000440362
0.00310763
-0.000564819
0.00303599
-0.00068326
0.00295171
-0.000872156
0.00285551
-0.00105564
0.00274135
-0.00136152
0.00260875
-0.00166845
0.0024553
-0.00221661
0.00226914
-0.00277103
-0.00397829
0.00352284
0.000120747
0.00350751
8.50591e-05
0.00348962
5.07857e-05
0.00346892
1.17542e-05
0.00344543
-2.59514e-05
0.0034186
-7.23899e-05
0.00338845
-0.000117051
0.003354
-0.000176437
0.00331533
-0.000232992
0.00327076
-0.000313705
0.00322049
-0.000390097
0.00316174
-0.000506073
0.0030949
-0.000616419
0.00301559
-0.000792846
0.00292409
-0.000964141
0.00281477
-0.0012522
0.00268568
-0.00153936
0.00253407
-0.002065
0.00234696
-0.00258393
-0.00375692
0.00352689
0.000129391
0.00351565
9.63007e-05
0.00350189
6.45436e-05
0.00348534
2.83032e-05
0.00346604
-6.65023e-06
0.00344342
-4.97715e-05
0.00341753
-9.11546e-05
0.00338736
-0.000146265
0.00335301
-0.000198649
0.00331281
-0.000273503
0.00326697
-0.000344261
0.00321274
-0.000451839
0.00315042
-0.000554103
0.00307578
-0.000718207
0.00298873
-0.000877084
0.00288385
-0.00114732
0.00275828
-0.0014138
0.00260811
-0.00191482
0.00242102
-0.00239684
-0.00352359
0.00353068
0.000134244
0.00352327
0.000103717
0.00351337
7.44368e-05
0.00350071
4.09658e-05
0.00348533
8.72844e-06
0.00346665
-3.10942e-05
0.00344474
-6.92413e-05
0.00341858
-0.0001201
0.00338829
-0.000168361
0.00335218
-0.0002374
0.0033105
-0.000302573
0.00326049
-0.000401832
0.00320241
-0.00049602
0.00313211
-0.000647915
0.00304924
-0.000794209
0.0029484
-0.00104647
0.00282632
-0.00129172
0.00267729
-0.00176579
0.00249078
-0.00221033
-0.00328044
0.0035342
0.000135575
0.00353034
0.000107579
0.00352404
8.07382e-05
0.00351499
5.00147e-05
0.00350326
2.046e-05
0.00348825
-1.60831e-05
0.00347004
-5.10319e-05
0.0034476
-9.76643e-05
0.00342109
-0.000141846
0.0033888
-0.000205109
0.00335097
-0.000264741
0.00330488
-0.00035575
0.00325074
-0.000441875
0.00318445
-0.000581628
0.0031055
-0.000715252
0.00300828
-0.000949255
0.0028896
-0.00117304
0.00274152
-0.00161771
0.00255586
-0.00202468
-0.0030293
0.00353745
0.000133658
0.00353687
0.000108161
0.00353388
8.37263e-05
0.00352817
5.57291e-05
0.0035198
2.88262e-05
0.00350817
-4.45644e-06
0.00349338
-3.62407e-05
0.00347439
-7.86707e-05
0.00345135
-0.000118812
0.00342258
-0.000176338
0.00338831
-0.000230466
0.00334584
-0.000313283
0.00329534
-0.000391369
0.0032327
-0.000518997
0.00315739
-0.00063994
0.00306341
-0.000855273
0.00294798
-0.00105761
0.0028007
-0.00147043
0.002616
-0.00183998
-0.00277167
0.00354042
0.000128772
0.00354284
0.000105746
0.00354288
8.36852e-05
0.00354021
5.83939e-05
0.00353492
3.41149e-05
0.00352639
4.07424e-06
0.00351473
-2.45756e-05
0.00349888
-6.28264e-05
0.00347903
-9.89615e-05
0.00345348
-0.000150784
0.00342246
-0.000199446
0.00338329
-0.00027411
0.00333611
-0.000344197
0.00327679
-0.00045967
0.00320484
-0.000567992
0.00311372
-0.000764155
0.00300133
-0.000945216
0.00285476
-0.00132386
0.00267102
-0.00165623
-0.00250883
0.00354311
0.000121201
0.00354823
0.000100618
0.00355102
8.09037e-05
0.00355111
5.82992e-05
0.00354861
3.66189e-05
0.00354288
9.80279e-06
0.00353404
-1.57395e-05
0.00352105
-4.98323e-05
0.00350408
-8.19918e-05
0.00348143
-0.000128139
0.00345336
-0.000171373
0.00341716
-0.000237907
0.00337301
-0.000300049
0.00331663
-0.000403295
0.00324775
-0.000499112
0.00315915
-0.000675552
0.00304956
-0.000835623
0.00290363
-0.00117794
0.00272077
-0.00147338
-0.00224183
0.0035455
0.000111232
0.00355305
9.3069e-05
0.00355828
7.56748e-05
0.00356084
5.57397e-05
0.00356082
3.66355e-05
0.0035576
1.30281e-05
0.00355129
-9.4304e-06
0.00354084
-3.93838e-05
0.00352645
-6.75956e-05
0.0035064
-0.00010809
0.00348096
-0.000145933
0.00344739
-0.000204345
0.00340596
-0.000258609
0.00335218
-0.000349524
0.00328606
-0.000432991
0.00319965
-0.000589134
0.00309257
-0.000728549
0.00294722
-0.00103259
0.00276516
-0.00129131
-0.00197154
0.00354761
9.91572e-05
0.00355729
8.33921e-05
0.00356467
6.82957e-05
0.00356939
5.10142e-05
0.00357156
3.44664e-05
0.00357054
1.40535e-05
0.00356645
-5.342e-06
0.00355823
-3.11721e-05
0.0035461
-5.54614e-05
0.00352833
-9.03189e-05
0.00350521
-0.000122809
0.00347395
-0.000173094
0.0034349
-0.000219556
0.00338339
-0.000298013
0.00331971
-0.000369309
0.00323517
-0.000504594
0.00313031
-0.000623695
0.00298549
-0.00088776
0.00280411
-0.00110993
-0.00169868
0.00354942
8.52711e-05
0.00356093
7.18849e-05
0.00357016
5.90669e-05
0.00357675
4.44251e-05
0.0035808
3.04167e-05
0.00358166
1.31859e-05
0.00357949
-3.16435e-06
0.0035732
-2.48843e-05
0.00356301
-4.52735e-05
0.0035472
-7.45055e-05
0.00352607
-0.000101679
0.00349679
-0.000143822
0.0034598
-0.000182561
0.00341021
-0.000248425
0.00334864
-0.000307734
0.00326568
-0.000421637
0.00316273
-0.000520747
0.00301837
-0.000743396
0.00283756
-0.000929125
-0.00142384
0.00355093
6.98712e-05
0.00356397
5.8848e-05
0.00357475
4.82919e-05
0.00358289
3.62781e-05
0.00358852
2.47948e-05
0.00359097
1.07358e-05
0.00359039
-2.58428e-06
0.00358571
-2.02045e-05
0.00357715
-3.67131e-05
0.00356297
-6.0326e-05
0.0035435
-8.22173e-05
0.00351588
-0.000116196
0.00348061
-0.000147289
0.00343261
-0.000200428
0.0033728
-0.000247923
0.00329115
-0.000339982
0.00318978
-0.000419384
0.00304581
-0.000599428
0.00286548
-0.000748786
-0.0011475
0.00355215
5.32573e-05
0.00356641
4.45842e-05
0.00357843
3.62766e-05
0.00358782
2.68813e-05
0.00359471
1.79115e-05
0.00359843
7.01615e-06
0.00359913
-3.28582e-06
0.00359574
-1.68142e-05
0.00358848
-2.94583e-05
0.00357561
-4.74552e-05
0.00355749
-6.40941e-05
0.00353118
-8.98862e-05
0.00349729
-0.000113403
0.00345056
-0.000153695
0.00339217
-0.000189529
0.00331154
-0.000259356
0.00321144
-0.000319285
0.00306779
-0.00045578
0.00288781
-0.000568806
-0.000870061
0.00355306
3.57313e-05
0.00356825
2.93982e-05
0.00358119
2.33289e-05
0.00359153
1.65449e-05
0.00359936
1.008e-05
0.00360404
2.34206e-06
0.0036057
-4.95084e-06
0.00360328
-1.43927e-05
0.00359701
-2.31847e-05
0.00358512
-3.55666e-05
0.003568
-4.69768e-05
0.00354267
-6.45602e-05
0.00350983
-8.05558e-05
0.00346404
-0.000107903
0.0034067
-0.000132197
0.00332684
-0.000179493
0.00322768
-0.000220124
0.00308427
-0.000312372
0.00290455
-0.000389084
-0.000591855
0.00355367
1.75963e-05
0.00356947
1.35963e-05
0.00358304
9.75849e-06
0.00359401
5.58064e-06
0.00360247
1.61475e-06
0.00360778
-2.96971e-06
0.00361009
-7.25948e-06
0.00360832
-1.26181e-05
0.0036027
-1.7566e-05
0.00359146
-2.43324e-05
0.00357502
-3.05301e-05
0.00355035
-3.98882e-05
0.00351819
-4.84015e-05
0.00347302
-6.27335e-05
0.0034164
-7.55705e-05
0.00333703
-0.000100131
0.00323849
-0.000121579
0.00309523
-0.000169117
0.00291567
-0.000209519
-0.000313159
0.00355397
0.00357009
0.00358397
0.00359525
0.00360403
0.00360966
0.00361229
0.00361084
0.00360555
0.00359464
0.00357853
0.00355418
0.00352237
0.00347751
0.00342122
0.0033421
0.00324385
0.00310066
0.00292115
0.0364671
-2.67709e-06
0.0364753
-8.19274e-06
0.036489
-1.36794e-05
0.0365082
-1.91972e-05
0.0365334
-2.51423e-05
0.0365645
-3.1173e-05
0.0366025
-3.79713e-05
0.0366474
-4.49439e-05
0.0367008
-5.33342e-05
0.0367629
-6.21717e-05
0.0368367
-7.37904e-05
0.0369236
-8.6874e-05
0.0370301
-0.000106482
0.037163
-0.000132866
0.0373436
-0.000180602
0.0376045
-0.000260919
0.0380157
-0.000411211
0.0386562
-0.000640481
0.0395647
-0.000908567
0.0045828
0.0349819
0.0364669
-5.15874e-06
0.036475
-1.62156e-05
0.0364878
-2.65368e-05
0.0365065
-3.78425e-05
0.0365301
-4.87225e-05
0.0365601
-6.12042e-05
0.0365952
-7.30564e-05
0.0366378
-8.76091e-05
0.0366859
-0.000101362
0.0367435
-0.000119858
0.0368076
-0.000137802
0.0368854
-0.000164721
0.0369719
-0.000193014
0.0370778
-0.000238751
0.0371858
-0.000288621
0.037286
-0.000361042
0.0372897
-0.000414958
0.0370955
-0.000446245
0.0365678
-0.000380929
0.0052571
0.0358935
0.0364668
-7.52475e-06
0.0364741
-2.35169e-05
0.0364862
-3.86082e-05
0.0365033
-5.49498e-05
0.0365252
-7.05937e-05
0.0365522
-8.82622e-05
0.036584
-0.000104832
0.0366212
-0.000124751
0.0366628
-0.000143037
0.0367099
-0.000166948
0.0367606
-0.000188454
0.0368149
-0.000219057
0.0368668
-0.000244924
0.0369105
-0.000282447
0.0369272
-0.000305271
0.0369011
-0.000335009
0.0368152
-0.000329035
0.0367072
-0.000338252
0.0366592
-0.000332908
0.00540119
0.0365151
0.0364668
-9.8398e-06
0.0364733
-3.00144e-05
0.0364846
-4.99281e-05
0.0365
-7.03619e-05
0.0365203
-9.08372e-05
0.0365441
-0.000112116
0.0365727
-0.000133426
0.0366039
-0.000155971
0.0366393
-0.000178465
0.0366751
-0.000202708
0.036713
-0.000226325
0.0367456
-0.000251662
0.0367747
-0.000274073
0.036789
-0.000296683
0.036796
-0.000312314
0.03679
-0.000328976
0.0368018
-0.000340879
0.0368304
-0.000366817
0.0368896
-0.000392099
0.00553502
0.0367558
0.0364667
-1.20404e-05
0.0364728
-3.61031e-05
0.0364834
-6.05582e-05
0.0364979
-8.48499e-05
0.0365167
-0.000109705
0.0365388
-0.000134204
0.0365649
-0.000159458
0.0365929
-0.000183992
0.0366239
-0.000209441
0.0366546
-0.000233401
0.0366865
-0.000258232
0.036715
-0.000280155
0.0367438
-0.000302914
0.0367685
-0.000321369
0.0367985
-0.000342332
0.0368287
-0.000359201
0.0368699
-0.000382104
0.0369013
-0.000398199
0.0369271
-0.00041784
0.0056134
0.0368487
0.0364666
-1.41946e-05
0.0364727
-4.21716e-05
0.0364832
-7.10348e-05
0.0364976
-9.93026e-05
0.0365162
-0.000128305
0.0365382
-0.000156222
0.0365639
-0.000185105
0.036592
-0.000212138
0.036623
-0.000240461
0.0366554
-0.000265772
0.0366901
-0.000292955
0.0367256
-0.00031562
0.0367642
-0.000341491
0.036804
-0.000361158
0.0368481
-0.000386412
0.0368914
-0.000402571
0.0369358
-0.000426489
0.0369728
-0.000435148
0.0370093
-0.000454368
0.00566977
0.0369529
0.0364667
-1.64402e-05
0.0364731
-4.86063e-05
0.0364842
-8.20692e-05
0.0364995
-0.000114639
0.0365192
-0.000148032
0.0365429
-0.000179863
0.0365706
-0.000212808
0.0366017
-0.000243246
0.0366366
-0.000275329
0.0366744
-0.000303606
0.036716
-0.000334513
0.0367602
-0.000359862
0.0368082
-0.000389489
0.036858
-0.000410937
0.0369105
-0.000438919
0.0369623
-0.000454416
0.0370155
-0.000479636
0.0370668
-0.00048644
0.0371216
-0.00050924
0.0057104
0.037081
0.0364669
-1.8906e-05
0.0364741
-5.57718e-05
0.0364863
-9.42846e-05
0.0365033
-0.000131674
0.0365253
-0.000170022
0.0365519
-0.000206452
0.0365833
-0.00024423
0.0366191
-0.000279005
0.0366596
-0.000315831
0.0367041
-0.000348132
0.0367533
-0.000383663
0.0368059
-0.000412462
0.0368627
-0.000446306
0.0369219
-0.000470103
0.0369846
-0.000501703
0.0370487
-0.00051847
0.0371167
-0.000547616
0.0371857
-0.000555443
0.0372595
-0.000583095
0.00574057
0.0372294
0.0364672
-2.16847e-05
0.0364754
-6.39398e-05
0.0364892
-0.000108107
0.0365085
-0.000150949
0.0365334
-0.000194956
0.0365637
-0.000236736
0.0365997
-0.000280183
0.0366408
-0.000320154
0.0366876
-0.000362643
0.0367394
-0.000399844
0.0367966
-0.000440919
0.0368582
-0.000474063
0.0369251
-0.000513235
0.0369957
-0.000540672
0.0370716
-0.000577594
0.0371505
-0.000597367
0.037235
-0.000632083
0.0373213
-0.000641779
0.0374129
-0.000674697
0.00575879
0.0373947
0.0364676
-2.48286e-05
0.0364769
-7.32587e-05
0.0364926
-0.000123749
0.0365143
-0.000172704
0.0365425
-0.000223113
0.0365767
-0.000270986
0.0366175
-0.000320965
0.0366643
-0.000366987
0.0367179
-0.000416154
0.0367773
-0.000459259
0.0368435
-0.000507121
0.0369153
-0.000545843
0.0369939
-0.000591886
0.0370776
-0.000624387
0.0371683
-0.000668302
0.0372633
-0.000692366
0.0373654
-0.000734135
0.0374703
-0.000746701
0.0375818
-0.000786146
0.00576302
0.0375775
0.036468
-2.8345e-05
0.0364785
-8.3749e-05
0.0364959
-0.000141216
0.0365201
-0.000196894
0.0365515
-0.000254459
0.0365896
-0.000309134
0.0366352
-0.000366576
0.0366878
-0.000419511
0.0367481
-0.000476546
0.0368155
-0.000526647
0.0368913
-0.000582858
0.036974
-0.000628526
0.0370654
-0.000683354
0.0371634
-0.000722358
0.0372703
-0.000775235
0.0373827
-0.000804716
0.0375039
-0.000855375
0.0376288
-0.000871614
0.0377622
-0.000919469
0.00574997
0.0377752
0.0364683
-3.21812e-05
0.0364798
-9.52597e-05
0.0364988
-0.00016025
0.0365251
-0.000223108
0.0365592
-0.00028858
0.0366007
-0.000350682
0.0366508
-0.000416636
0.0367086
-0.000477309
0.0367757
-0.000543619
0.0368508
-0.000601742
0.036936
-0.000668147
0.0370296
-0.000722037
0.0371343
-0.000788095
0.0372471
-0.000835141
0.0373718
-0.000899974
0.0375033
-0.000936201
0.0376466
-0.000998659
0.0377938
-0.00101887
0.0379522
-0.00107779
0.00571689
0.0379852
0.0364685
-3.61902e-05
0.0364806
-0.000107344
0.0365005
-0.000180148
0.0365277
-0.00025031
0.0365634
-0.000324364
0.0366071
-0.000394318
0.0366604
-0.000470004
0.0367223
-0.000539162
0.0367952
-0.000616561
0.0368771
-0.000683644
0.0369716
-0.000762613
0.0370753
-0.000825703
0.0371933
-0.000906101
0.0373206
-0.000962449
0.0374644
-0.00104375
0.0376167
-0.00108852
0.0377866
-0.00116852
0.0379611
-0.00119346
0.0381521
-0.00126876
0.00565787
0.0382111
0.0364684
-4.00798e-05
0.0364801
-0.000119079
0.0364994
-0.000199487
0.0365256
-0.000276459
0.0365607
-0.00035948
0.0366036
-0.000437232
0.0366575
-0.000523946
0.0367205
-0.00060212
0.036797
-0.000693088
0.0368836
-0.000770169
0.0369863
-0.000865345
0.0370992
-0.000938594
0.0372309
-0.00103778
0.0373722
-0.00110375
0.0375358
-0.00120743
0.0377091
-0.00126173
0.0379098
-0.00136931
0.0381183
-0.00140197
0.0383562
-0.00150662
0.00555829
0.0384558
0.0364677
-4.3347e-05
0.0364776
-0.000128934
0.036494
-0.00021586
0.0365157
-0.000298224
0.0365461
-0.000389816
0.0365833
-0.000474436
0.0366323
-0.000572972
0.0366902
-0.000660074
0.0367645
-0.00076735
0.0368499
-0.000855571
0.036957
-0.000972404
0.0370763
-0.00105792
0.0372222
-0.00118371
0.0373786
-0.00126014
0.0375657
-0.00139454
0.0377601
-0.00145607
0.0379937
-0.00160292
0.0382359
-0.00164416
0.0385313
-0.00180209
0.00538812
0.0387015
0.0364663
-4.52181e-05
0.0364722
-0.000134816
0.0364821
-0.000225731
0.036495
-0.000311087
0.0365143
-0.00040915
0.0365385
-0.000498696
0.0365735
-0.000607875
0.0366163
-0.000702882
0.0366762
-0.000827257
0.0367481
-0.000927504
0.0368465
-0.00107078
0.0369614
-0.00117287
0.0371142
-0.00133654
0.0372848
-0.00143071
0.0375018
-0.00161153
0.0377271
-0.00168137
0.0380031
-0.00187894
0.0382797
-0.00192077
0.0386373
-0.0021597
0.00510892
0.0389165
0.036464
-4.47085e-05
0.0364635
-0.000134391
0.0364624
-0.000224631
0.0364613
-0.000309972
0.0364616
-0.000409458
0.0364644
-0.000501446
0.0364723
-0.000615831
0.0364868
-0.000717312
0.036513
-0.000853472
0.0365521
-0.000966671
0.0366143
-0.00113297
0.0366994
-0.00125798
0.0368261
-0.00146319
0.0369891
-0.00159374
0.037219
-0.0018414
0.0374898
-0.00195213
0.0378352
-0.00222434
0.0381753
-0.00226089
0.038573
-0.00255738
0.00469515
0.0389867
0.0364608
-4.10395e-05
0.0364519
-0.000125514
0.0364355
-0.00020824
0.0364157
-0.000290144
0.036389
-0.000382728
0.0363617
-0.000474223
0.0363288
-0.000582929
0.0363007
-0.000689134
0.0362699
-0.000822739
0.0362533
-0.000949991
0.0362409
-0.00112066
0.0362589
-0.00127588
0.0362958
-0.00150018
0.0363912
-0.0016891
0.0365384
-0.00198865
0.0367965
-0.00221013
0.0371769
-0.00260478
0.0377308
-0.00281477
0.0384046
-0.00323122
0.0040182
0.0390816
0.0364577
-3.42828e-05
0.0364388
-0.000106618
0.0364051
-0.00017455
0.0363634
-0.000248418
0.0363051
-0.000324399
0.0362412
-0.000410395
0.0361578
-0.00049951
0.0360746
-0.000605884
0.0359679
-0.000716111
0.0358729
-0.000854975
0.0357498
-0.000997539
0.0356609
-0.001187
0.0355393
-0.00137853
0.0354962
-0.001646
0.0354188
-0.00191129
0.035503
-0.00229429
0.0355606
-0.00266242
0.0359218
-0.00317599
0.0362994
-0.00360879
0.00234919
0.0379684
0.0364551
0.0364253
0.0363778
0.0363127
0.0362265
0.036121
0.0359917
0.0358413
0.0356635
0.0354633
0.035232
0.0349791
0.0346938
0.0343946
0.0340701
0.0337603
0.0334618
0.0332944
0.0333301
0.0404635
0.0348905
9.14662e-05
0.0348494
4.11053e-05
0.0348092
4.01835e-05
0.0347705
3.86392e-05
0.0347338
3.67181e-05
0.0346994
3.44284e-05
0.0346677
3.17399e-05
0.034639
2.86484e-05
0.0346138
2.51717e-05
0.0345925
2.13364e-05
0.0345753
1.71699e-05
0.0345626
1.26974e-05
0.0345547
7.94272e-06
0.0345518
2.92784e-06
0.0345541
-2.326e-06
0.0345619
-7.7974e-06
0.0345754
-1.34651e-05
0.0345947
-1.93087e-05
0.03462
-2.53077e-05
-3.14426e-05
0.0357893
0.000195711
0.0356787
0.000151714
0.0355751
0.000143789
0.0354778
0.000135869
0.0353871
0.000127494
0.035303
0.000118502
0.0352258
0.000108944
0.0351555
9.89061e-05
0.0350923
8.84369e-05
0.035036
7.75577e-05
0.0349869
6.62869e-05
0.034945
5.46477e-05
0.0349103
4.26673e-05
0.0348828
3.03738e-05
0.0348627
1.77951e-05
0.0348499
4.95853e-06
0.0348446
-8.10823e-06
0.0348466
-2.13772e-05
0.0348562
-3.482e-05
-4.84088e-05
0.0364064
0.000304384
0.0362577
0.000300401
0.0361177
0.000283792
0.0359867
0.000266912
0.0358646
0.000249562
0.0357514
0.000231687
0.0356471
0.000213323
0.0355515
0.000194523
0.0354646
0.000175321
0.0353864
0.000155739
0.0353169
0.000135799
0.035256
0.000115523
0.0352037
9.49397e-05
0.03516
7.40767e-05
0.0351249
5.29635e-05
0.0350982
3.16301e-05
0.03508
1.01074e-05
0.0350702
-1.15733e-05
0.0350687
-3.33796e-05
-5.52789e-05
0.0365963
0.000463861
0.0364538
0.000442859
0.0363188
0.000418842
0.0361915
0.000394231
0.036072
0.000369043
0.0359604
0.000343276
0.0358568
0.000316947
0.0357612
0.000290089
0.0356738
0.000262741
0.0355946
0.00023494
0.0355237
0.00020672
0.0354611
0.000178117
0.0354068
0.000149169
0.035361
0.000119913
0.0353236
9.03884e-05
0.0352946
6.06349e-05
0.035274
3.06926e-05
0.0352618
6.02685e-07
0.035258
-2.9593e-05
-5.98525e-05
0.0367078
0.000604711
0.0365757
0.000575016
0.0364499
0.00054465
0.0363306
0.0005135
0.0362181
0.000481579
0.0361125
0.000448873
0.036014
0.000415407
0.0359229
0.000381232
0.0358392
0.000346407
0.0357632
0.000310984
0.0356949
0.000275014
0.0356344
0.000238549
0.035582
0.000201639
0.0355375
0.000164339
0.0355012
0.000126701
0.0354731
8.87788e-05
0.0354531
5.06267e-05
0.0354415
1.22994e-05
0.035438
-2.61481e-05
-6.4661e-05
0.0368209
0.000736705
0.0366932
0.000702693
0.0365717
0.0006662
0.0364565
0.00062872
0.0363478
0.000590256
0.0362459
0.0005508
0.0361509
0.00051039
0.036063
0.000469093
0.0359824
0.000426982
0.0359093
0.000384122
0.0358437
0.000340578
0.0357859
0.000296414
0.0357358
0.000251696
0.0356937
0.00020649
0.0356595
0.000160864
0.0356334
0.000114884
0.0356154
6.86199e-05
0.0356056
2.21387e-05
0.0356039
-2.44906e-05
-7.11999e-05
0.0369553
0.000862423
0.0368297
0.000828329
0.0367102
0.00078563
0.0365972
0.000741739
0.0364908
0.000696669
0.0363912
0.000650418
0.0362985
0.000603036
0.036213
0.000554602
0.0361348
0.0005052
0.036064
0.000454906
0.0360008
0.000403796
0.0359453
0.000351946
0.0358975
0.000299434
0.0358577
0.000246339
0.0358258
0.00019274
0.035802
0.000138718
0.0357862
8.43529e-05
0.0357787
2.97271e-05
0.0357792
-2.50788e-05
-7.99832e-05
0.0371075
0.000984264
0.0369833
0.000952569
0.0368654
0.00090356
0.0367539
0.000853153
0.0366492
0.000801377
0.0365514
0.000748243
0.0364606
0.000693809
0.0363771
0.000638164
0.0363009
0.000581401
0.0362322
0.000523608
0.0361711
0.000464871
0.0361178
0.000405277
0.0360723
0.000344916
0.0360347
0.000283878
0.0360052
0.000222255
0.0359838
0.00016014
0.0359705
9.76244e-05
0.0359655
3.4803e-05
0.0359686
-2.82307e-05
-9.13833e-05
0.0372811
0.00109789
0.0371582
0.00107545
0.0370417
0.00102004
0.0369318
0.000963007
0.0368288
0.000904407
0.0367328
0.000844278
0.0366439
0.000782687
0.0365623
0.000719732
0.0364882
0.00065551
0.0364217
0.000590122
0.0363629
0.000523663
0.036312
0.000456234
0.0362689
0.000387933
0.036234
0.000318864
0.0362071
0.000249129
0.0361884
0.000178833
0.0361779
0.00010808
0.0361758
3.6977e-05
0.0361819
-3.43714e-05
-0.000105859
0.03748
0.00119543
0.0373584
0.00119703
0.0372433
0.00113513
0.037135
0.00107131
0.0370337
0.00100573
0.0369395
0.000938454
0.0368526
0.000869571
0.0367732
0.000799173
0.0367013
0.000727364
0.0366372
0.000654251
0.0365809
0.000579945
0.0365326
0.000504554
0.0364923
0.000428191
0.0364602
0.000350969
0.0364364
0.000273001
0.0364208
0.000194404
0.0364136
0.000115294
0.0364148
3.57877e-05
0.0364244
-4.39955e-05
-0.000123939
0.037709
0.00126163
0.0375888
0.00131724
0.0374752
0.00124875
0.0373685
0.00117795
0.0372691
0.00110516
0.037177
0.00103056
0.0370924
0.000954207
0.0370153
0.0008762
0.0369461
0.000796635
0.0368847
0.000715633
0.0368313
0.000633315
0.0367861
0.000549802
0.036749
0.000465218
0.0367203
0.000379684
0.0367
0.000293328
0.0366881
0.000206274
0.0366848
0.000118652
0.03669
3.05893e-05
0.0367037
-5.77834e-05
-0.000146337
0.0379695
0.00127737
0.0378511
0.00143569
0.0377394
0.00136045
0.0376349
0.00128244
0.0375378
0.00120221
0.0374483
0.00112005
0.0373665
0.00103604
0.0372925
0.000950231
0.0372264
0.000862718
0.0371684
0.000773631
0.0371186
0.000683109
0.0370771
0.000591285
0.037044
0.000498292
0.0370195
0.000404262
0.0370035
0.00030933
0.0369961
0.000213635
0.0369974
0.000117315
0.0370075
2.05111e-05
0.0370264
-7.66367e-05
-0.000173988
0.038258
0.00123054
0.0381426
0.00155107
0.0380341
0.00146892
0.0379331
0.00138346
0.0378397
0.00129557
0.0377541
0.00120566
0.0376764
0.0011138
0.0376066
0.00102
0.037545
0.000924335
0.0374916
0.000826963
0.0374467
0.000728037
0.0374103
0.000627702
0.0373825
0.0005261
0.0373634
0.000423372
0.0373531
0.000319664
0.0373516
0.000215124
0.037359
0.000109903
0.0373753
4.15232e-06
0.0374007
-0.000101977
-0.000208332
0.038562
0.00112438
0.0384525
0.00166055
0.03835
0.00157137
0.0382551
0.00147835
0.038168
0.0013827
0.0380887
0.00128496
0.0380174
0.00118514
0.0379541
0.00108321
0.0378992
0.000979258
0.0378527
0.00087345
0.0378148
0.000765963
0.0377856
0.000656953
0.0377651
0.000546569
0.0377535
0.000434962
0.0377509
0.000322288
0.0377573
0.000208706
0.0377728
9.43783e-05
0.0377975
-2.05339e-05
0.0378314
-0.000135867
-0.00025146
0.0388571
0.000968797
0.0387592
0.00175842
0.0386685
0.00166212
0.0385852
0.00156163
0.0385095
0.00145843
0.0384414
0.00135304
0.0383812
0.00124536
0.038329
0.00113534
0.0382852
0.0010231
0.0382498
0.000908856
0.038223
0.000792791
0.0382048
0.00067507
0.0381956
0.00055585
0.0381952
0.000435296
0.0382039
0.000313579
0.0382218
0.000190871
0.0382488
6.73437e-05
0.0382851
-5.68291e-05
0.0383307
-0.000181472
-0.000306413
0.0390951
0.000790252
0.0390183
0.00183519
0.0389486
0.00173186
0.0388857
0.00162448
0.0388296
0.00151456
0.0387804
0.0014022
0.0387386
0.00128717
0.0387044
0.00116951
0.0386781
0.00104943
0.0386598
0.000927151
0.0386498
0.000802826
0.0386482
0.000676627
0.0386553
0.000548739
0.0386713
0.000419347
0.0386962
0.000288639
0.0387303
0.000156802
0.0387736
2.40208e-05
0.0388263
-0.000109512
0.0388884
-0.000243607
-0.000378074
0.0392394
0.000537561
0.0392004
0.00187418
0.0391663
0.00176597
0.0391376
0.00165317
0.0391153
0.00153688
0.0391
0.00141746
0.0390918
0.00129536
0.0390905
0.00117089
0.0390959
0.00104401
0.0391084
0.000914689
0.0391281
0.00078305
0.0391554
0.000649333
0.0391904
0.000513775
0.0392332
0.00037657
0.0392839
0.000237896
0.0393428
9.79387e-05
0.0394099
-4.31069e-05
0.0394854
-0.000185035
0.0395695
-0.000327642
-0.000470722
0.0392517
0.000367432
0.0392607
0.0018652
0.0392647
0.00176193
0.0392687
0.00164917
0.0392811
0.00152452
0.0393039
0.00139463
0.0393351
0.00126413
0.0393732
0.0011328
0.0394183
0.00099895
0.039471
0.000861965
0.0395318
0.000722242
0.0396008
0.000580327
0.0396781
0.000436517
0.0397637
0.000290952
0.0398578
0.000143766
0.0399606
-4.85796e-06
0.0400722
-0.000154715
0.0401928
-0.000305595
0.0403224
-0.000457291
-0.000609601
0.0393309
-0.000995075
0.039448
0.00174817
0.0395361
0.00167379
0.0396194
0.00156587
0.0397133
0.00143059
0.039815
0.00129291
0.0399194
0.0011598
0.0400255
0.00102663
0.0401348
0.000889654
0.040248
0.000748758
0.0403653
0.000605015
0.0404865
0.000459063
0.040612
0.000311055
0.0407419
0.000161069
0.0408764
9.27923e-06
0.0410156
-0.000144072
0.0411596
-0.000298728
0.0413084
-0.000454432
0.0414621
-0.000610929
-0.000767961
0.0377686
0.0379596
0.0382218
0.0385167
0.0388137
0.0391102
0.039412
0.0397205
0.0400336
0.0403491
0.0406661
0.0409842
0.0413036
0.041624
0.0419456
0.0422686
0.0425935
0.0429206
0.0432508
)
;

boundaryField
{
    inlet
    {
        type            calculated;
        value           nonuniform List<scalar> 
80
(
-0.0364645
-0.0364645
-0.0364645
-0.0364645
-0.0364645
-0.0364645
-0.0364645
-0.0364645
-0.0364645
-0.0364645
-0.0364645
-0.0364645
-0.0364645
-0.0364645
-0.0364645
-0.0364645
-0.0364645
-0.0364645
-0.0364645
-0.0364645
-0.00353554
-0.00353554
-0.00353553
-0.00353554
-0.00353554
-0.00353553
-0.00353554
-0.00353554
-0.00353554
-0.00353554
-0.00353553
-0.00353554
-0.00353554
-0.00353554
-0.00353554
-0.00353554
-0.00353554
-0.00353554
-0.00353554
-0.00353554
-0.00353554
-0.00353554
-0.00353554
-0.00353554
-0.00353554
-0.00353554
-0.00353554
-0.00353554
-0.00353554
-0.00353553
-0.00353554
-0.00353554
-0.00353554
-0.00353554
-0.00353553
-0.00353554
-0.00353554
-0.00353553
-0.00353554
-0.00353554
-0.0364645
-0.0364645
-0.0364645
-0.0364645
-0.0364645
-0.0364645
-0.0364645
-0.0364645
-0.0364645
-0.0364645
-0.0364645
-0.0364645
-0.0364645
-0.0364645
-0.0364645
-0.0364645
-0.0364645
-0.0364645
-0.0364645
-0.0364645
)
;
    }
    outlet
    {
        type            calculated;
        value           nonuniform 0();
    }
    cylinder
    {
        type            calculated;
        value           uniform 0;
    }
    top
    {
        type            symmetryPlane;
        value           uniform 0;
    }
    bottom
    {
        type            symmetryPlane;
        value           uniform 0;
    }
    defaultFaces
    {
        type            empty;
        value           nonuniform 0();
    }
    procBoundary0to1
    {
        type            processor;
        value           nonuniform List<scalar> 
80
(
0.000229055
0.000735289
0.00125703
0.00175208
0.00218537
0.00253669
0.00280164
0.00298767
0.00310867
0.00318029
0.00321698
0.0032305
0.00322965
0.00322055
0.00320728
0.00319238
0.00317745
0.00316347
0.00315105
0.00314078
0.000234979
0.000753665
0.00128693
0.00179101
0.00223002
0.00258381
0.0028487
0.00303306
0.00315161
0.0032206
0.00325481
0.00326618
0.00326353
0.00325294
0.00323841
0.00322244
0.00320657
0.00319175
0.00317857
0.00316758
0.0432831
0.0413989
0.040375
0.0396455
0.0389818
0.0384265
0.0379241
0.0374855
0.0371001
0.0367656
0.036475
0.0362223
0.0359999
0.0358028
0.0356211
0.0354502
0.0352675
0.0350787
0.0348752
0.0346531
0.0346514
0.0348731
0.0350756
0.0352626
0.0354428
0.0356105
0.035788
0.03598
0.0361964
0.0364425
0.0367261
0.037054
0.037435
0.0378745
0.0383857
0.0389601
0.0396621
0.0404613
0.0416204
0.0435849
)
;
    }
}


// ************************************************************************* //
