1.22 	3.45254e-18 	-6.98323e-18 	0.0782658 	-0.445036 	-7.38152e-22
1.66 	3.45254e-18 	-6.96118e-18 	-0.365598 	-0.608282 	-4.93443e-23
2.1 	3.45254e-18 	-6.93894e-18 	0.486448 	-0.0862077 	-1.26575e-21
2.54 	3.45254e-18 	-8.30431e-18 	0.750282 	0.422098 	-3.61847e-23
2.98 	3.45254e-18 	-8.28171e-18 	0.777501 	0.659053 	8.79792e-22
3.42 	3.45254e-18 	-6.87115e-18 	0.687076 	0.66764 	5.53062e-22
3.86 	3.45254e-18 	-6.84819e-18 	0.822702 	0.288622 	1.42242e-22
4.3 	3.45254e-18 	-6.82504e-18 	0.983839 	-0.181191 	1.03988e-21
4.74 	3.45254e-18 	-5.41391e-18 	1.03182 	-0.437561 	-6.54766e-22
5.18 	3.45254e-18 	-2.61482e-18 	0.950134 	-0.618223 	-3.12799e-22
5.62 	3.45254e-18 	-1.2033e-18 	0.940048 	-0.566962 	1.33502e-22
6.06 	3.45254e-18 	-1.17937e-18 	1.0212 	-0.21889 	5.00553e-22
6.5 	3.45254e-18 	-1.15524e-18 	1.05852 	0.0498565 	-3.90894e-22
