1.22 	3.45254e-18 	-6.98323e-18 	-0.106621 	-0.0636381 	-9.09215e-22
1.66 	3.45254e-18 	-6.96118e-18 	-0.220478 	-0.153566 	-4.30293e-23
2.1 	3.45254e-18 	-6.93894e-18 	-0.200785 	-0.045436 	-2.63262e-21
2.54 	3.45254e-18 	-8.30431e-18 	-0.151749 	0.299132 	4.67053e-24
2.98 	3.45254e-18 	-8.28171e-18 	-0.178974 	0.53211 	2.24772e-21
3.42 	3.45254e-18 	-6.87115e-18 	-0.0325684 	0.342551 	2.55396e-21
3.86 	3.45254e-18 	-6.84819e-18 	0.238983 	-0.0647961 	6.41745e-22
4.3 	3.45254e-18 	-6.82504e-18 	0.322431 	-0.342009 	2.53835e-21
4.74 	3.45254e-18 	-5.41391e-18 	0.311101 	-0.51459 	-1.32532e-21
5.18 	3.45254e-18 	-2.61482e-18 	0.149194 	-0.56233 	-6.48377e-22
5.62 	3.45254e-18 	-1.2033e-18 	0.220991 	-0.37614 	3.40832e-22
6.06 	3.45254e-18 	-1.17937e-18 	0.378824 	-0.0484582 	1.20764e-21
6.5 	3.45254e-18 	-1.15524e-18 	0.498843 	0.213098 	-7.07511e-22
