1.22 	3.45254e-18 	-6.98323e-18 	-0.048061 	0.419508 	-1.42711e-21
1.66 	3.45254e-18 	-6.96118e-18 	0.351088 	-0.0684851 	-8.19836e-23
2.1 	3.45254e-18 	-6.93894e-18 	0.729325 	-0.527713 	-3.32609e-21
2.54 	3.45254e-18 	-8.30431e-18 	0.55437 	-0.70907 	3.9985e-23
2.98 	3.45254e-18 	-8.28171e-18 	0.52932 	-0.553409 	8.48024e-22
3.42 	3.45254e-18 	-6.87115e-18 	0.788068 	-0.00848977 	1.45957e-21
3.86 	3.45254e-18 	-6.84819e-18 	0.96201 	0.357288 	4.07652e-22
4.3 	3.45254e-18 	-6.82504e-18 	0.933066 	0.601891 	1.49833e-21
4.74 	3.45254e-18 	-5.41391e-18 	0.852248 	0.597323 	-6.39521e-22
5.18 	3.45254e-18 	-2.61482e-18 	0.921342 	0.385357 	-4.21476e-22
5.62 	3.45254e-18 	-1.2033e-18 	1.011 	0.0665863 	2.78394e-22
6.06 	3.45254e-18 	-1.17937e-18 	1.05372 	-0.258788 	1.05008e-21
6.5 	3.45254e-18 	-1.15524e-18 	1.02344 	-0.397237 	-4.90503e-22
