1.22 	3.45254e-18 	-6.98323e-18 	0.0548866 	-0.517168 	-1.30666e-21
1.66 	3.45254e-18 	-6.96118e-18 	-0.269616 	-0.535462 	-7.33777e-23
2.1 	3.45254e-18 	-6.93894e-18 	0.531817 	0.0665161 	-2.68175e-21
2.54 	3.45254e-18 	-8.30431e-18 	0.764166 	0.48152 	-4.392e-23
2.98 	3.45254e-18 	-8.28171e-18 	0.730452 	0.685586 	1.3991e-21
3.42 	3.45254e-18 	-6.87115e-18 	0.667905 	0.600779 	8.60981e-22
3.86 	3.45254e-18 	-6.84819e-18 	0.818604 	0.205243 	2.5953e-22
4.3 	3.45254e-18 	-6.82504e-18 	0.993226 	-0.223863 	1.76529e-21
4.74 	3.45254e-18 	-5.41391e-18 	1.01084 	-0.463417 	-1.06387e-21
5.18 	3.45254e-18 	-2.61482e-18 	0.941973 	-0.56806 	-4.75151e-22
5.62 	3.45254e-18 	-1.2033e-18 	0.927514 	-0.553802 	2.14683e-22
6.06 	3.45254e-18 	-1.17937e-18 	1.0056 	-0.21624 	7.72034e-22
6.5 	3.45254e-18 	-1.15524e-18 	1.03616 	0.0494871 	-6.06545e-22
