1.22 	3.45254e-18 	-6.98323e-18 	0.0421625 	0.47474 	-1.24779e-21
1.66 	3.45254e-18 	-6.96118e-18 	-0.298628 	0.562028 	-7.94117e-23
2.1 	3.45254e-18 	-6.93894e-18 	0.522112 	-0.0150421 	-2.75046e-21
2.54 	3.45254e-18 	-8.30431e-18 	0.763379 	-0.453122 	-5.11729e-23
2.98 	3.45254e-18 	-8.28171e-18 	0.775985 	-0.662515 	1.51881e-21
3.42 	3.45254e-18 	-6.87115e-18 	0.683116 	-0.647117 	9.95006e-22
3.86 	3.45254e-18 	-6.84819e-18 	0.819784 	-0.25668 	2.70766e-22
4.3 	3.45254e-18 	-6.82504e-18 	0.973551 	0.201684 	1.91445e-21
4.74 	3.45254e-18 	-5.41391e-18 	1.00465 	0.450312 	-1.15593e-21
5.18 	3.45254e-18 	-2.61482e-18 	0.927517 	0.614279 	-5.37872e-22
5.62 	3.45254e-18 	-1.2033e-18 	0.934191 	0.539378 	2.25183e-22
6.06 	3.45254e-18 	-1.17937e-18 	1.01145 	0.195039 	8.3993e-22
6.5 	3.45254e-18 	-1.15524e-18 	1.04891 	-0.0624576 	-6.44992e-22
