1.22 	3.45254e-18 	-6.98323e-18 	-0.0939091 	0.0963968 	-1.00074e-21
1.66 	3.45254e-18 	-6.96118e-18 	-0.202798 	0.0548338 	-5.85254e-23
2.1 	3.45254e-18 	-6.93894e-18 	-0.104194 	-0.286616 	-2.70472e-21
2.54 	3.45254e-18 	-8.30431e-18 	-0.255323 	-0.524163 	-1.32959e-23
2.98 	3.45254e-18 	-8.28171e-18 	0.130614 	-0.244732 	2.06302e-21
3.42 	3.45254e-18 	-6.87115e-18 	0.337397 	0.218223 	2.59604e-21
3.86 	3.45254e-18 	-6.84819e-18 	0.406183 	0.490984 	5.01448e-22
4.3 	3.45254e-18 	-6.82504e-18 	0.244984 	0.640711 	1.74864e-21
4.74 	3.45254e-18 	-5.41391e-18 	0.300807 	0.483259 	-1.23204e-21
5.18 	3.45254e-18 	-2.61482e-18 	0.468911 	0.0563033 	-9.22575e-22
5.62 	3.45254e-18 	-1.2033e-18 	0.596501 	-0.273648 	4.44645e-22
6.06 	3.45254e-18 	-1.17937e-18 	0.662429 	-0.456912 	1.16427e-21
6.5 	3.45254e-18 	-1.15524e-18 	0.564378 	-0.567616 	-4.80491e-22
