1.22 	3.45254e-18 	-6.98323e-18 	-0.217965 	0.00798982 	-5.06564e-22
1.66 	3.45254e-18 	-6.96118e-18 	-0.467729 	0.00650047 	-2.51572e-23
2.1 	3.45254e-18 	-6.93894e-18 	-0.523691 	0.00148265 	-1.75367e-21
2.54 	3.45254e-18 	-8.30431e-18 	-0.521059 	-0.00542993 	-4.00986e-23
2.98 	3.45254e-18 	-8.28171e-18 	-0.273805 	-0.00791844 	7.73438e-22
3.42 	3.45254e-18 	-6.87115e-18 	-0.15925 	-0.00683967 	4.33504e-22
3.86 	3.45254e-18 	-6.84819e-18 	0.0521979 	-0.00671383 	2.35009e-23
4.3 	3.45254e-18 	-6.82504e-18 	0.194654 	-0.00516722 	-1.84972e-22
4.74 	3.45254e-18 	-5.41391e-18 	0.344722 	-0.0041308 	1.76015e-22
5.18 	3.45254e-18 	-2.61482e-18 	0.453248 	-0.00301316 	1.28716e-22
5.62 	3.45254e-18 	-1.2033e-18 	0.545167 	-0.00229933 	-6.04874e-23
6.06 	3.45254e-18 	-1.17937e-18 	0.615818 	-0.00181057 	-1.78102e-22
6.5 	3.45254e-18 	-1.15524e-18 	0.675138 	-0.00152169 	9.37184e-23
