1.275 	2.15223e-18 	-2.76991e-20 	-0.147314 	0.00599321 	-2.68279e-22
1.825 	2.15223e-18 	-1.39322e-20 	-0.288924 	0.00408235 	3.71145e-21
2.375 	2.15223e-18 	1.38775e-18 	-0.426518 	-0.00162248 	-1.93814e-21
2.925 	2.15223e-18 	2.78958e-18 	-0.479191 	-0.00795833 	1.8715e-22
3.475 	2.15223e-18 	4.53849e-18 	-0.320193 	-0.00478231 	-9.34218e-22
4.025 	2.15223e-18 	6.28755e-18 	-0.264653 	0.00132818 	-7.54486e-23
4.575 	2.15223e-18 	6.30203e-18 	-0.106081 	0.0037434 	1.03535e-21
5.125 	2.15223e-18 	6.31666e-18 	-0.0220534 	0.00294665 	-5.8931e-22
5.675 	2.15223e-18 	6.33144e-18 	0.101825 	-0.000856202 	-4.64887e-23
6.225 	2.15223e-18 	4.61166e-18 	0.194808 	-0.00428479 	3.94084e-24
