1.22 	3.45254e-18 	-6.98323e-18 	0.0638313 	0.26333 	-8.1669e-22
1.66 	3.45254e-18 	-6.96118e-18 	0.433426 	-0.268677 	-6.46618e-23
2.1 	3.45254e-18 	-6.93894e-18 	0.679381 	-0.647377 	-1.57622e-21
2.54 	3.45254e-18 	-8.30431e-18 	0.321101 	-0.711719 	4.04731e-23
2.98 	3.45254e-18 	-8.28171e-18 	0.620321 	-0.245883 	5.48127e-22
3.42 	3.45254e-18 	-6.87115e-18 	0.890388 	0.253707 	1.00769e-21
3.86 	3.45254e-18 	-6.84819e-18 	0.946098 	0.542456 	2.14255e-22
4.3 	3.45254e-18 	-6.82504e-18 	0.852783 	0.6727 	6.11368e-22
4.74 	3.45254e-18 	-5.41391e-18 	0.863312 	0.473906 	-3.37153e-22
5.18 	3.45254e-18 	-2.61482e-18 	0.989118 	0.16997 	-2.92013e-22
5.62 	3.45254e-18 	-1.2033e-18 	1.0553 	-0.187619 	1.8225e-22
6.06 	3.45254e-18 	-1.17937e-18 	1.05782 	-0.406646 	5.27344e-22
6.5 	3.45254e-18 	-1.15524e-18 	0.983967 	-0.524211 	-2.4389e-22
