1.22 	3.45254e-18 	-6.98323e-18 	-0.00422305 	0.549128 	-1.26229e-21
1.66 	3.45254e-18 	-6.96118e-18 	-0.0360655 	0.427173 	-5.96042e-23
2.1 	3.45254e-18 	-6.93894e-18 	0.603804 	-0.225303 	-3.23841e-21
2.54 	3.45254e-18 	-8.30431e-18 	0.78967 	-0.539835 	-2.01849e-23
2.98 	3.45254e-18 	-8.28171e-18 	0.69602 	-0.705231 	1.26745e-21
3.42 	3.45254e-18 	-6.87115e-18 	0.669632 	-0.533634 	8.62644e-22
3.86 	3.45254e-18 	-6.84819e-18 	0.849908 	-0.0943564 	3.02121e-22
4.3 	3.45254e-18 	-6.82504e-18 	1.00127 	0.305089 	1.86568e-21
4.74 	3.45254e-18 	-5.41391e-18 	0.976746 	0.520372 	-1.01105e-21
5.18 	3.45254e-18 	-2.61482e-18 	0.909422 	0.582823 	-4.39973e-22
5.62 	3.45254e-18 	-1.2033e-18 	0.940655 	0.486526 	2.07341e-22
6.06 	3.45254e-18 	-1.17937e-18 	1.01755 	0.116464 	8.28758e-22
6.5 	3.45254e-18 	-1.15524e-18 	1.04379 	-0.126724 	-5.84183e-22
