1.275 	2.15223e-18 	-2.76991e-20 	-0.152385 	0.00707874 	-2.8252e-22
1.825 	2.15223e-18 	-1.39322e-20 	-0.367386 	0.00659855 	4.25007e-21
2.375 	2.15223e-18 	1.38775e-18 	-0.459386 	0.00121919 	-2.12501e-21
2.925 	2.15223e-18 	2.78958e-18 	-0.477335 	-0.00691028 	1.80335e-22
3.475 	2.15223e-18 	4.53849e-18 	-0.254416 	-0.00788046 	-7.11292e-22
4.025 	2.15223e-18 	6.28755e-18 	-0.196246 	-0.00470997 	-2.9964e-23
4.575 	2.15223e-18 	6.30203e-18 	-0.0129033 	-0.00348 	6.08238e-22
5.125 	2.15223e-18 	6.31666e-18 	0.0887255 	-0.00184888 	-1.44196e-22
5.675 	2.15223e-18 	6.33144e-18 	0.224784 	-0.00197793 	2.50044e-23
6.225 	2.15223e-18 	4.61166e-18 	0.32746 	-0.00203177 	1.38247e-22
