1.22 	3.45254e-18 	-6.98323e-18 	0.0751067 	0.300359 	-7.59922e-22
1.66 	3.45254e-18 	-6.96118e-18 	-0.250039 	0.677028 	-6.26658e-23
2.1 	3.45254e-18 	-6.93894e-18 	0.373806 	0.342778 	-1.10741e-21
2.54 	3.45254e-18 	-8.30431e-18 	0.720228 	-0.297398 	-3.58774e-23
2.98 	3.45254e-18 	-8.28171e-18 	0.862478 	-0.573785 	9.75396e-22
3.42 	3.45254e-18 	-6.87115e-18 	0.748078 	-0.693368 	6.53156e-22
3.86 	3.45254e-18 	-6.84819e-18 	0.789706 	-0.516893 	1.22754e-22
4.3 	3.45254e-18 	-6.82504e-18 	0.932425 	-0.0275418 	8.80672e-22
4.74 	3.45254e-18 	-5.41391e-18 	1.03393 	0.286424 	-6.80058e-22
5.18 	3.45254e-18 	-2.61482e-18 	1.01848 	0.512446 	-3.60412e-22
5.62 	3.45254e-18 	-1.2033e-18 	0.928295 	0.637808 	1.37874e-22
6.06 	3.45254e-18 	-1.17937e-18 	0.981345 	0.401521 	3.53038e-22
6.5 	3.45254e-18 	-1.15524e-18 	1.03981 	0.152808 	-3.10613e-22
