1.22 	3.45254e-18 	-6.98323e-18 	-0.134461 	0.00471136 	-8.19354e-22
1.66 	3.45254e-18 	-6.96118e-18 	-0.260104 	-0.000515055 	-3.94679e-23
2.1 	3.45254e-18 	-6.93894e-18 	-0.293784 	-0.00952778 	-2.35053e-21
2.54 	3.45254e-18 	-8.30431e-18 	-0.439607 	-0.0154689 	-8.17099e-24
2.98 	3.45254e-18 	-8.28171e-18 	-0.459245 	-0.00884668 	2.68907e-21
3.42 	3.45254e-18 	-6.87115e-18 	-0.450276 	0.00759572 	2.56757e-21
3.86 	3.45254e-18 	-6.84819e-18 	-0.304582 	0.0187029 	4.3791e-22
4.3 	3.45254e-18 	-6.82504e-18 	-0.234497 	0.0193439 	1.32975e-21
4.74 	3.45254e-18 	-5.41391e-18 	-0.0969106 	0.0132362 	-5.64703e-22
5.18 	3.45254e-18 	-2.61482e-18 	-0.00621007 	0.00375349 	-1.5085e-22
5.62 	3.45254e-18 	-1.2033e-18 	0.105818 	-0.00574479 	2.78059e-23
6.06 	3.45254e-18 	-1.17937e-18 	0.188332 	-0.0120081 	-5.4836e-23
6.5 	3.45254e-18 	-1.15524e-18 	0.272299 	-0.0154557 	8.77217e-23
