1.275 	2.15223e-18 	-2.76991e-20 	-0.149134 	0.00515642 	-2.75914e-22
1.825 	2.15223e-18 	-1.39322e-20 	-0.328371 	0.00634459 	3.98319e-21
2.375 	2.15223e-18 	1.38775e-18 	-0.452678 	0.00672861 	-2.06052e-21
2.925 	2.15223e-18 	2.78958e-18 	-0.481756 	-0.000549931 	1.87868e-22
3.475 	2.15223e-18 	4.53849e-18 	-0.283895 	-0.00592209 	-8.1068e-22
4.025 	2.15223e-18 	6.28755e-18 	-0.228456 	-0.00771417 	-5.54344e-23
4.575 	2.15223e-18 	6.30203e-18 	-0.0561005 	-0.00897189 	8.07763e-22
5.125 	2.15223e-18 	6.31666e-18 	0.0367771 	-0.00665031 	-3.42913e-22
5.675 	2.15223e-18 	6.33144e-18 	0.16827 	-0.00445302 	-4.7496e-24
6.225 	2.15223e-18 	4.61166e-18 	0.267361 	-0.00197477 	8.52447e-23
