1.275 	2.15223e-18 	-2.76991e-20 	-0.133294 	0.00209888 	-2.53333e-22
1.825 	2.15223e-18 	-1.39322e-20 	-0.267432 	-0.0379534 	3.46197e-21
2.375 	2.15223e-18 	1.38775e-18 	-0.294064 	-0.0872936 	-1.55359e-21
2.925 	2.15223e-18 	2.78958e-18 	-0.426589 	-0.0435477 	1.39491e-22
3.475 	2.15223e-18 	4.53849e-18 	-0.365366 	0.0871791 	-1.2903e-21
4.025 	2.15223e-18 	6.28755e-18 	-0.350654 	0.173918 	-1.02546e-22
4.575 	2.15223e-18 	6.30203e-18 	-0.16638 	0.148955 	1.59064e-21
5.125 	2.15223e-18 	6.31666e-18 	-0.0640004 	0.0450368 	-1.24755e-21
5.675 	2.15223e-18 	6.33144e-18 	0.100361 	-0.0749347 	-1.88284e-22
6.225 	2.15223e-18 	4.61166e-18 	0.137362 	-0.143969 	-2.38058e-22
