1.275 	2.15223e-18 	-2.76991e-20 	-0.0895542 	-0.14476 	-3.20843e-22
1.825 	2.15223e-18 	-1.39322e-20 	-0.214612 	-0.159885 	4.49355e-21
2.375 	2.15223e-18 	1.38775e-18 	-0.00462957 	0.192104 	-2.02985e-21
2.925 	2.15223e-18 	2.78958e-18 	-0.174072 	0.538967 	9.15913e-23
3.475 	2.15223e-18 	4.53849e-18 	0.139418 	0.371712 	-1.06874e-21
4.025 	2.15223e-18 	6.28755e-18 	0.478436 	-0.136844 	-3.03132e-22
4.575 	2.15223e-18 	6.30203e-18 	0.618088 	-0.440566 	2.46649e-21
5.125 	2.15223e-18 	6.31666e-18 	0.420549 	-0.604456 	-1.52521e-21
5.675 	2.15223e-18 	6.33144e-18 	0.450344 	-0.431473 	-2.08104e-22
6.225 	2.15223e-18 	4.61166e-18 	0.619349 	0.0310744 	-7.82227e-22
