1.275 	2.15223e-18 	-2.76991e-20 	-0.109527 	0.0667528 	-2.91403e-22
1.825 	2.15223e-18 	-1.39322e-20 	-0.244709 	0.183813 	4.13649e-21
2.375 	2.15223e-18 	1.38775e-18 	-0.15534 	0.0628643 	-1.95615e-21
2.925 	2.15223e-18 	2.78958e-18 	-0.123034 	-0.292809 	1.91564e-22
3.475 	2.15223e-18 	4.53849e-18 	-0.210161 	-0.51006 	-1.22528e-21
4.025 	2.15223e-18 	6.28755e-18 	0.0128817 	-0.270359 	-1.02038e-22
4.575 	2.15223e-18 	6.30203e-18 	0.334583 	0.137397 	2.57543e-21
5.125 	2.15223e-18 	6.31666e-18 	0.406668 	0.363639 	-2.01415e-21
5.675 	2.15223e-18 	6.33144e-18 	0.284571 	0.508871 	-2.77321e-22
6.225 	2.15223e-18 	4.61166e-18 	0.276568 	0.387 	-4.84156e-22
