1.22 	3.45254e-18 	-6.98323e-18 	-0.148785 	0.00440227 	-8.53697e-22
1.66 	3.45254e-18 	-6.96118e-18 	-0.275275 	0.00548811 	-3.58575e-23
2.1 	3.45254e-18 	-6.93894e-18 	-0.349098 	0.0121877 	-2.55823e-21
2.54 	3.45254e-18 	-8.30431e-18 	-0.498473 	0.0123896 	-4.21229e-23
2.98 	3.45254e-18 	-8.28171e-18 	-0.456006 	0.00236821 	2.62347e-21
3.42 	3.45254e-18 	-6.87115e-18 	-0.41717 	-0.00979937 	2.33231e-21
3.86 	3.45254e-18 	-6.84819e-18 	-0.250739 	-0.0162205 	3.68057e-22
4.3 	3.45254e-18 	-6.82504e-18 	-0.165977 	-0.0158629 	9.66076e-22
4.74 	3.45254e-18 	-5.41391e-18 	-0.0237609 	-0.0127964 	-3.44003e-22
5.18 	3.45254e-18 	-2.61482e-18 	0.074463 	-0.00733191 	-3.44843e-23
5.62 	3.45254e-18 	-1.2033e-18 	0.185748 	-0.00242647 	-1.77757e-23
6.06 	3.45254e-18 	-1.17937e-18 	0.269612 	0.00128502 	-1.58594e-22
6.5 	3.45254e-18 	-1.15524e-18 	0.351422 	0.00344766 	1.27822e-22
