1.275 	2.15223e-18 	-2.76991e-20 	-0.13964 	0.00237371 	-2.55395e-22
1.825 	2.15223e-18 	-1.39322e-20 	-0.26351 	0.00600287 	3.43899e-21
2.375 	2.15223e-18 	1.38775e-18 	-0.342927 	0.0246705 	-1.65233e-21
2.925 	2.15223e-18 	2.78958e-18 	-0.462273 	0.0272509 	1.90561e-22
3.475 	2.15223e-18 	4.53849e-18 	-0.372533 	0.00238509 	-1.19145e-21
4.025 	2.15223e-18 	6.28755e-18 	-0.326094 	-0.0288463 	-9.89652e-23
4.575 	2.15223e-18 	6.30203e-18 	-0.165709 	-0.0438008 	1.35771e-21
5.125 	2.15223e-18 	6.31666e-18 	-0.104063 	-0.0385882 	-8.88976e-22
5.675 	2.15223e-18 	6.33144e-18 	0.0166193 	-0.0205103 	-9.8071e-23
6.225 	2.15223e-18 	4.61166e-18 	0.0975851 	0.00546468 	-9.88336e-23
