1.275 	2.15223e-18 	-2.76991e-20 	-0.0250248 	-0.483621 	-4.18672e-22
1.825 	2.15223e-18 	-1.39322e-20 	-0.153842 	-0.355353 	4.49189e-21
2.375 	2.15223e-18 	1.38775e-18 	0.632641 	0.189171 	-2.21438e-21
2.925 	2.15223e-18 	2.78958e-18 	0.829007 	0.508215 	1.08398e-22
3.475 	2.15223e-18 	4.53849e-18 	0.665963 	0.67271 	-3.0009e-22
4.025 	2.15223e-18 	6.28755e-18 	0.711305 	0.306889 	4.15557e-23
4.575 	2.15223e-18 	6.30203e-18 	0.962043 	-0.113293 	1.67727e-21
5.125 	2.15223e-18 	6.31666e-18 	0.995844 	-0.458707 	-1.66651e-21
5.675 	2.15223e-18 	6.33144e-18 	0.918645 	-0.614244 	-2.07731e-22
6.225 	2.15223e-18 	4.61166e-18 	0.936631 	-0.366421 	-4.21625e-22
