1.22 	3.45254e-18 	-6.98323e-18 	0.781534 	-0.00613302 	4.81179e-23
1.66 	3.45254e-18 	-6.96118e-18 	0.872103 	-0.00268485 	6.03197e-24
2.1 	3.45254e-18 	-6.93894e-18 	0.923137 	-0.00131063 	6.94031e-23
2.54 	3.45254e-18 	-8.30431e-18 	0.94996 	-0.000728526 	-4.28334e-25
2.98 	3.45254e-18 	-8.28171e-18 	0.965129 	-0.000432595 	-1.99283e-23
3.42 	3.45254e-18 	-6.87115e-18 	0.974857 	-0.000275825 	-1.29477e-23
3.86 	3.45254e-18 	-6.84819e-18 	0.981243 	-0.000185333 	-1.65409e-24
4.3 	3.45254e-18 	-6.82504e-18 	0.985671 	-0.000130019 	-3.40456e-24
4.74 	3.45254e-18 	-5.41391e-18 	0.988847 	-9.38418e-05 	9.22729e-25
5.18 	3.45254e-18 	-2.61482e-18 	0.991185 	-7.10615e-05 	2.27604e-27
5.62 	3.45254e-18 	-1.2033e-18 	0.992954 	-5.26155e-05 	1.22738e-25
6.06 	3.45254e-18 	-1.17937e-18 	0.994311 	-4.21574e-05 	6.19814e-25
6.5 	3.45254e-18 	-1.15524e-18 	0.99537 	-3.2011e-05 	-4.82027e-25
