1.275 	2.15223e-18 	-2.76991e-20 	-0.119423 	0.0194833 	-2.76754e-22
1.825 	2.15223e-18 	-1.39322e-20 	-0.258185 	-0.0985759 	3.81306e-21
2.375 	2.15223e-18 	1.38775e-18 	-0.237588 	-0.269866 	-1.66638e-21
2.925 	2.15223e-18 	2.78958e-18 	-0.261836 	-0.15069 	7.42869e-23
3.475 	2.15223e-18 	4.53849e-18 	-0.0443003 	0.187098 	-1.48483e-21
4.025 	2.15223e-18 	6.28755e-18 	-0.112485 	0.432882 	-9.57545e-23
4.575 	2.15223e-18 	6.30203e-18 	-0.0877588 	0.412938 	1.8662e-21
5.125 	2.15223e-18 	6.31666e-18 	0.201763 	0.123269 	-1.78141e-21
5.675 	2.15223e-18 	6.33144e-18 	0.428396 	-0.167323 	-3.84542e-22
6.225 	2.15223e-18 	4.61166e-18 	0.443855 	-0.317653 	-5.96774e-22
