1.22 	3.45254e-18 	-6.98323e-18 	0.13779 	0.027329 	-1.60522e-21
1.66 	3.45254e-18 	-6.96118e-18 	0.362403 	-0.477282 	-1.40472e-22
2.1 	3.45254e-18 	-6.93894e-18 	0.15896 	-0.735133 	-2.26277e-21
2.54 	3.45254e-18 	-8.30431e-18 	0.419898 	-0.402949 	1.72058e-22
2.98 	3.45254e-18 	-8.28171e-18 	0.790541 	0.242563 	1.92982e-21
3.42 	3.45254e-18 	-6.87115e-18 	0.891617 	0.513761 	1.65826e-21
3.86 	3.45254e-18 	-6.84819e-18 	0.803677 	0.673967 	2.8221e-22
4.3 	3.45254e-18 	-6.82504e-18 	0.824985 	0.544579 	8.31727e-22
4.74 	3.45254e-18 	-5.41391e-18 	0.922624 	0.117583 	-8.78671e-22
5.18 	3.45254e-18 	-2.61482e-18 	1.03783 	-0.157863 	-6.46713e-22
5.62 	3.45254e-18 	-1.2033e-18 	1.03536 	-0.421174 	3.1094e-22
6.06 	3.45254e-18 	-1.17937e-18 	0.972 	-0.559234 	7.1144e-22
6.5 	3.45254e-18 	-1.15524e-18 	0.954213 	-0.468709 	-3.57659e-22
