1.275 	2.15223e-18 	-2.76991e-20 	-0.0699587 	0.359709 	-4.29447e-22
1.825 	2.15223e-18 	-1.39322e-20 	0.266968 	-0.0591934 	6.00351e-21
2.375 	2.15223e-18 	1.38775e-18 	0.754226 	-0.465866 	-2.64544e-21
2.925 	2.15223e-18 	2.78958e-18 	0.379776 	-0.649088 	-1.34972e-22
3.475 	2.15223e-18 	4.53849e-18 	0.579251 	-0.357897 	-1.8849e-22
4.025 	2.15223e-18 	6.28755e-18 	0.869851 	0.170588 	-2.11096e-22
4.575 	2.15223e-18 	6.30203e-18 	0.969145 	0.46302 	1.46987e-21
5.125 	2.15223e-18 	6.31666e-18 	0.860188 	0.645598 	-1.05648e-21
5.675 	2.15223e-18 	6.33144e-18 	0.940434 	0.349243 	-1.43734e-22
6.225 	2.15223e-18 	4.61166e-18 	1.02505 	0.0334847 	-6.28888e-22
