1.22 	3.45254e-18 	-6.98323e-18 	-0.141898 	0.00211329 	-8.38246e-22
1.66 	3.45254e-18 	-6.96118e-18 	-0.267281 	-0.00152363 	-3.77257e-23
2.1 	3.45254e-18 	-6.93894e-18 	-0.321033 	0.00163277 	-2.45113e-21
2.54 	3.45254e-18 	-8.30431e-18 	-0.474253 	0.0105109 	-2.62143e-23
2.98 	3.45254e-18 	-8.28171e-18 	-0.461754 	0.015673 	2.67514e-21
3.42 	3.45254e-18 	-6.87115e-18 	-0.435216 	0.0100965 	2.459e-21
3.86 	3.45254e-18 	-6.84819e-18 	-0.27505 	-4.65796e-05 	4.02459e-22
4.3 	3.45254e-18 	-6.82504e-18 	-0.196478 	-0.00907987 	1.13675e-21
4.74 	3.45254e-18 	-5.41391e-18 	-0.0560445 	-0.0156622 	-4.44563e-22
5.18 	3.45254e-18 	-2.61482e-18 	0.0376383 	-0.0167116 	-8.46452e-23
5.62 	3.45254e-18 	-1.2033e-18 	0.148397 	-0.014678 	1.53224e-24
6.06 	3.45254e-18 	-1.17937e-18 	0.23109 	-0.0103233 	-1.17046e-22
6.5 	3.45254e-18 	-1.15524e-18 	0.313615 	-0.00568192 	1.1168e-22
