1.275 	2.15223e-18 	-2.76991e-20 	-0.142542 	0.00547323 	-2.59348e-22
1.825 	2.15223e-18 	-1.39322e-20 	-0.26576 	-0.000443261 	3.50173e-21
2.375 	2.15223e-18 	1.38775e-18 	-0.37211 	-0.0098722 	-1.7428e-21
2.925 	2.15223e-18 	2.78958e-18 	-0.470959 	-0.0103451 	1.8683e-22
3.475 	2.15223e-18 	4.53849e-18 	-0.36171 	0.00298073 	-1.09677e-21
4.025 	2.15223e-18 	6.28755e-18 	-0.310535 	0.0155744 	-8.79626e-23
4.575 	2.15223e-18 	6.30203e-18 	-0.15243 	0.0174752 	1.26496e-21
5.125 	2.15223e-18 	6.31666e-18 	-0.0782902 	0.00999151 	-8.16569e-22
5.675 	2.15223e-18 	6.33144e-18 	0.041879 	-0.00296111 	-8.80807e-23
6.225 	2.15223e-18 	4.61166e-18 	0.12684 	-0.0145826 	-7.76089e-23
