1.22 	3.45254e-18 	-6.98323e-18 	-0.122271 	0.0208584 	-4.1921e-22
1.66 	3.45254e-18 	-6.96118e-18 	-0.236578 	0.0319053 	-2.0707e-23
2.1 	3.45254e-18 	-6.93894e-18 	-0.257407 	0.0024553 	-1.19648e-21
2.54 	3.45254e-18 	-8.30431e-18 	-0.326415 	-0.082435 	7.98345e-25
2.98 	3.45254e-18 	-8.28171e-18 	-0.334225 	-0.158971 	1.21908e-21
3.42 	3.45254e-18 	-6.87115e-18 	-0.381063 	-0.138173 	1.3691e-21
3.86 	3.45254e-18 	-6.84819e-18 	-0.305452 	-0.0214504 	2.94858e-22
4.3 	3.45254e-18 	-6.82504e-18 	-0.258356 	0.108362 	1.11728e-21
4.74 	3.45254e-18 	-5.41391e-18 	-0.18525 	0.183104 	-5.94069e-22
5.18 	3.45254e-18 	-2.61482e-18 	-0.149171 	0.186855 	-2.65555e-22
5.62 	3.45254e-18 	-1.2033e-18 	-0.0549756 	0.138153 	1.03795e-22
6.06 	3.45254e-18 	-1.17937e-18 	0.0430112 	0.0589093 	2.45885e-22
6.5 	3.45254e-18 	-1.15524e-18 	0.152903 	-0.0256974 	-9.96711e-23
