1.275 	2.15223e-18 	-2.76991e-20 	-0.116464 	0.484072 	-4.09922e-22
1.825 	2.15223e-18 	-1.39322e-20 	0.177297 	0.156763 	4.87965e-21
2.375 	2.15223e-18 	1.38775e-18 	0.746512 	-0.343889 	-2.59489e-21
2.925 	2.15223e-18 	2.78958e-18 	0.775903 	-0.585905 	-9.92914e-24
3.475 	2.15223e-18 	4.53849e-18 	0.606548 	-0.623173 	-2.24819e-22
4.025 	2.15223e-18 	6.28755e-18 	0.777381 	-0.114538 	-7.58071e-23
4.575 	2.15223e-18 	6.30203e-18 	0.982621 	0.270248 	1.74741e-21
5.125 	2.15223e-18 	6.31666e-18 	0.928863 	0.573775 	-1.49915e-21
5.675 	2.15223e-18 	6.33144e-18 	0.91009 	0.571682 	-1.38539e-22
6.225 	2.15223e-18 	4.61166e-18 	0.976057 	0.225825 	-5.09422e-22
