1.275 	2.15223e-18 	-2.76991e-20 	0.00350533 	0.3127 	-4.44348e-22
1.825 	2.15223e-18 	-1.39322e-20 	0.390244 	-0.187677 	6.28492e-21
2.375 	2.15223e-18 	1.38775e-18 	0.699472 	-0.545002 	-2.43231e-21
2.925 	2.15223e-18 	2.78958e-18 	0.21923 	-0.645603 	-1.83158e-22
3.475 	2.15223e-18 	4.53849e-18 	0.695793 	-0.185047 	-4.35939e-22
4.025 	2.15223e-18 	6.28755e-18 	0.898729 	0.337274 	-2.33805e-22
4.575 	2.15223e-18 	6.30203e-18 	0.91433 	0.542085 	1.21514e-21
5.125 	2.15223e-18 	6.31666e-18 	0.870938 	0.607614 	-9.72962e-22
5.675 	2.15223e-18 	6.33144e-18 	0.990141 	0.231147 	-2.30239e-22
6.225 	2.15223e-18 	4.61166e-18 	1.04729 	-0.111201 	-7.75603e-22
