1.275 	2.15223e-18 	-2.76991e-20 	0.0230326 	-0.420645 	-4.27014e-22
1.825 	2.15223e-18 	-1.39322e-20 	-0.389069 	-0.468822 	4.51691e-21
2.375 	2.15223e-18 	1.38775e-18 	0.54897 	0.0288818 	-1.80359e-21
2.925 	2.15223e-18 	2.78958e-18 	0.843813 	0.433907 	1.81901e-22
3.475 	2.15223e-18 	4.53849e-18 	0.756066 	0.665376 	-4.1846e-22
4.025 	2.15223e-18 	6.28755e-18 	0.695289 	0.442755 	9.52144e-23
4.575 	2.15223e-18 	6.30203e-18 	0.922585 	0.0339694 	1.48505e-21
5.125 	2.15223e-18 	6.31666e-18 	1.02157 	-0.345138 	-1.76266e-21
5.675 	2.15223e-18 	6.33144e-18 	0.952845 	-0.593762 	-2.67973e-22
6.225 	2.15223e-18 	4.61166e-18 	0.918386 	-0.449907 	-3.96066e-22
