1.22 	3.45254e-18 	-6.98323e-18 	0.104944 	0.193868 	-1.48412e-21
1.66 	3.45254e-18 	-6.96118e-18 	-0.0198795 	0.677366 	-1.2305e-22
2.1 	3.45254e-18 	-6.93894e-18 	0.160856 	0.522067 	-1.98741e-21
2.54 	3.45254e-18 	-8.30431e-18 	0.663642 	-0.129163 	-1.68881e-23
2.98 	3.45254e-18 	-8.28171e-18 	0.860758 	-0.509544 	1.92939e-21
3.42 	3.45254e-18 	-6.87115e-18 	0.801374 	-0.64986 	1.22013e-21
3.86 	3.45254e-18 	-6.84819e-18 	0.765148 	-0.609489 	2.18735e-22
4.3 	3.45254e-18 	-6.82504e-18 	0.888994 	-0.229388 	1.16491e-21
4.74 	3.45254e-18 	-5.41391e-18 	0.993297 	0.180194 	-1.16553e-21
5.18 	3.45254e-18 	-2.61482e-18 	1.03947 	0.378124 	-6.37812e-22
5.62 	3.45254e-18 	-1.2033e-18 	0.953335 	0.58386 	2.64908e-22
6.06 	3.45254e-18 	-1.17937e-18 	0.949964 	0.52756 	5.28052e-22
6.5 	3.45254e-18 	-1.15524e-18 	0.992718 	0.27013 	-4.4374e-22
