1.275 	2.15223e-18 	-2.76991e-20 	-0.00701973 	-0.271076 	-4.4867e-22
1.825 	2.15223e-18 	-1.39322e-20 	0.334018 	0.221352 	6.27194e-21
2.375 	2.15223e-18 	1.38775e-18 	0.529872 	0.600181 	-2.3023e-21
2.925 	2.15223e-18 	2.78958e-18 	0.196018 	0.594907 	-2.74591e-22
3.475 	2.15223e-18 	4.53849e-18 	0.766187 	0.00987196 	-7.77955e-22
4.025 	2.15223e-18 	6.28755e-18 	0.911901 	-0.417033 	-1.55595e-22
4.575 	2.15223e-18 	6.30203e-18 	0.896874 	-0.570734 	1.07847e-21
5.125 	2.15223e-18 	6.31666e-18 	0.879996 	-0.562291 	-9.63498e-22
5.675 	2.15223e-18 	6.33144e-18 	1.0057 	-0.134712 	-3.09141e-22
6.225 	2.15223e-18 	4.61166e-18 	1.04525 	0.183549 	-8.2612e-22
