1.22 	3.45254e-18 	-6.98323e-18 	-0.163559 	0.00571771 	-4.77809e-22
1.66 	3.45254e-18 	-6.96118e-18 	-0.300572 	0.00479756 	-1.75669e-23
2.1 	3.45254e-18 	-6.93894e-18 	-0.412146 	0.00337949 	-1.51856e-21
2.54 	3.45254e-18 	-8.30431e-18 	-0.534635 	-0.00272299 	-3.52117e-23
2.98 	3.45254e-18 	-8.28171e-18 	-0.433444 	-0.00607961 	1.31242e-21
3.42 	3.45254e-18 	-6.87115e-18 	-0.373224 	-0.00514959 	1.10126e-21
3.86 	3.45254e-18 	-6.84819e-18 	-0.196445 	-0.00375452 	1.60922e-22
4.3 	3.45254e-18 	-6.82504e-18 	-0.0950297 	-0.00196567 	3.47092e-22
4.74 	3.45254e-18 	-5.41391e-18 	0.052021 	-0.00168987 	-8.37339e-23
5.18 	3.45254e-18 	-2.61482e-18 	0.159129 	-0.00162426 	3.05215e-23
5.62 	3.45254e-18 	-1.2033e-18 	0.269495 	-0.00203461 	-2.8481e-23
6.06 	3.45254e-18 	-1.17937e-18 	0.354566 	-0.00238968 	-1.26142e-22
6.5 	3.45254e-18 	-1.15524e-18 	0.432634 	-0.0026888 	8.44099e-23
