1.22 	3.45254e-18 	-6.98323e-18 	-0.454388 	0.00831671 	-7.51289e-22
1.66 	3.45254e-18 	-6.96118e-18 	-0.546092 	-0.00396285 	-6.62417e-23
2.1 	3.45254e-18 	-6.93894e-18 	-0.222301 	-0.00915078 	-7.99045e-22
2.54 	3.45254e-18 	-8.30431e-18 	-0.0312907 	-0.00818426 	1.0938e-23
2.98 	3.45254e-18 	-8.28171e-18 	0.231517 	-0.00791561 	-1.61464e-22
3.42 	3.45254e-18 	-6.87115e-18 	0.413184 	-0.00615136 	-3.31748e-22
3.86 	3.45254e-18 	-6.84819e-18 	0.568726 	-0.00470955 	-7.11936e-23
4.3 	3.45254e-18 	-6.82504e-18 	0.675615 	-0.00346256 	-2.94646e-22
4.74 	3.45254e-18 	-5.41391e-18 	0.759589 	-0.00265166 	1.68784e-22
5.18 	3.45254e-18 	-2.61482e-18 	0.824257 	-0.00202467 	8.61768e-23
5.62 	3.45254e-18 	-1.2033e-18 	0.874672 	-0.00150924 	-3.55564e-23
6.06 	3.45254e-18 	-1.17937e-18 	0.912087 	-0.00108154 	-8.96144e-23
6.5 	3.45254e-18 	-1.15524e-18 	0.938994 	-0.000749214 	4.12854e-23
