1.22 	3.45254e-18 	-6.98323e-18 	0.132038 	-0.208337 	-1.5747e-21
1.66 	3.45254e-18 	-6.96118e-18 	0.014512 	-0.682062 	-1.26723e-22
2.1 	3.45254e-18 	-6.93894e-18 	0.153598 	-0.522393 	-1.94169e-21
2.54 	3.45254e-18 	-8.30431e-18 	0.657126 	0.139682 	8.01457e-24
2.98 	3.45254e-18 	-8.28171e-18 	0.840199 	0.517619 	1.90422e-21
3.42 	3.45254e-18 	-6.87115e-18 	0.772091 	0.656694 	1.19195e-21
3.86 	3.45254e-18 	-6.84819e-18 	0.756653 	0.592092 	2.086e-22
4.3 	3.45254e-18 	-6.82504e-18 	0.893183 	0.18873 	1.17255e-21
4.74 	3.45254e-18 	-5.41391e-18 	1.00038 	-0.207332 	-1.13331e-21
5.18 	3.45254e-18 	-2.61482e-18 	1.04296 	-0.392481 	-6.1274e-22
5.62 	3.45254e-18 	-1.2033e-18 	0.951854 	-0.589223 	2.56772e-22
6.06 	3.45254e-18 	-1.17937e-18 	0.951498 	-0.51494 	5.45073e-22
6.5 	3.45254e-18 	-1.15524e-18 	0.995317 	-0.251157 	-4.77351e-22
