1.275 	2.15223e-18 	-2.76991e-20 	-0.114435 	0.0597522 	-2.84778e-22
1.825 	2.15223e-18 	-1.39322e-20 	-0.251804 	-0.00715507 	3.96873e-21
2.375 	2.15223e-18 	1.38775e-18 	-0.215565 	-0.259903 	-1.70014e-21
2.925 	2.15223e-18 	2.78958e-18 	-0.32576 	-0.346433 	6.82475e-23
3.475 	2.15223e-18 	4.53849e-18 	0.00399759 	-0.060917 	-1.51447e-21
4.025 	2.15223e-18 	6.28755e-18 	0.12471 	0.290208 	-1.89763e-22
4.575 	2.15223e-18 	6.30203e-18 	0.0938477 	0.479716 	1.97163e-21
5.125 	2.15223e-18 	6.31666e-18 	0.0185454 	0.418624 	-1.53126e-21
5.675 	2.15223e-18 	6.33144e-18 	0.351291 	0.105278 	-3.4074e-22
6.225 	2.15223e-18 	4.61166e-18 	0.495551 	-0.180554 	-7.34721e-22
