1.22 	3.45254e-18 	-6.98323e-18 	-0.131975 	0.00699325 	-8.12201e-22
1.66 	3.45254e-18 	-6.96118e-18 	-0.257747 	0.00489914 	-3.98596e-23
2.1 	3.45254e-18 	-6.93894e-18 	-0.285766 	-0.00356344 	-2.32088e-21
2.54 	3.45254e-18 	-8.30431e-18 	-0.425208 	-0.0174144 	-2.80622e-24
2.98 	3.45254e-18 	-8.28171e-18 	-0.455122 	-0.023851 	2.68432e-21
3.42 	3.45254e-18 	-6.87115e-18 	-0.453161 	-0.0115526 	2.6001e-21
3.86 	3.45254e-18 	-6.84819e-18 	-0.313712 	0.00673755 	4.50268e-22
4.3 	3.45254e-18 	-6.82504e-18 	-0.246911 	0.0184789 	1.39887e-21
4.74 	3.45254e-18 	-5.41391e-18 	-0.112313 	0.0220196 	-6.07808e-22
5.18 	3.45254e-18 	-2.61482e-18 	-0.0241482 	0.0176806 	-1.755e-22
5.62 	3.45254e-18 	-1.2033e-18 	0.0876601 	0.00882863 	3.80097e-23
6.06 	3.45254e-18 	-1.17937e-18 	0.170649 	-0.000303511 	-2.92086e-23
6.5 	3.45254e-18 	-1.15524e-18 	0.256383 	-0.00804999 	7.66905e-23
