1.22 	3.45254e-18 	-6.98323e-18 	0.0841606 	-0.165912 	-1.51026e-21
1.66 	3.45254e-18 	-6.96118e-18 	0.387363 	0.358408 	-1.30188e-22
2.1 	3.45254e-18 	-6.93894e-18 	0.439206 	0.709571 	-2.56263e-21
2.54 	3.45254e-18 	-8.30431e-18 	0.293806 	0.615413 	1.1942e-22
2.98 	3.45254e-18 	-8.28171e-18 	0.726923 	-0.0161869 	1.60529e-21
3.42 	3.45254e-18 	-6.87115e-18 	0.910922 	-0.406961 	1.82926e-21
3.86 	3.45254e-18 	-6.84819e-18 	0.897222 	-0.60299 	3.29883e-22
4.3 	3.45254e-18 	-6.82504e-18 	0.825871 	-0.658661 	1.00746e-21
4.74 	3.45254e-18 	-5.41391e-18 	0.886729 	-0.330476 	-7.17601e-22
5.18 	3.45254e-18 	-2.61482e-18 	1.00084 	-0.00304561 	-6.33053e-22
5.62 	3.45254e-18 	-1.2033e-18 	1.04695 	0.279624 	3.33124e-22
6.06 	3.45254e-18 	-1.17937e-18 	1.007 	0.506291 	9.00319e-22
6.5 	3.45254e-18 	-1.15524e-18 	0.951507 	0.511573 	-3.55889e-22
