/*--------------------------------*- C++ -*----------------------------------*\
  =========                 |
  \\      /  F ield         | OpenFOAM: The Open Source CFD Toolbox
   \\    /   O peration     | Website:  https://openfoam.org
    \\  /    A nd           | Version:  6.0
     \\/     M anipulation  |
\*---------------------------------------------------------------------------*/
FoamFile
{
    version     2.0;
    format      ascii;
    class       volScalarField;
    location    "13";
    object      p;
}
// * * * * * * * * * * * * * * * * * * * * * * * * * * * * * * * * * * * * * //

dimensions      [0 2 -2 0 0 0 0];

internalField   nonuniform List<scalar> 
8000
(
-0.290187
-0.291421
-0.292215
-0.292785
-0.293268
-0.293687
-0.294061
-0.294408
-0.294741
-0.295067
-0.295395
-0.295731
-0.296082
-0.296454
-0.296856
-0.297305
-0.297802
-0.298273
-0.298689
-0.299843
-0.290351
-0.29157
-0.292354
-0.292916
-0.293391
-0.293802
-0.294168
-0.294507
-0.294831
-0.295148
-0.295466
-0.295792
-0.296132
-0.296493
-0.296885
-0.297322
-0.29781
-0.298272
-0.298678
-0.299828
-0.29068
-0.291871
-0.292635
-0.293182
-0.293641
-0.294036
-0.294386
-0.294708
-0.295014
-0.295313
-0.295611
-0.295916
-0.296234
-0.296573
-0.296942
-0.297358
-0.297826
-0.29827
-0.298655
-0.299797
-0.291168
-0.292319
-0.293055
-0.293578
-0.294013
-0.294383
-0.294708
-0.295004
-0.295283
-0.295552
-0.29582
-0.296092
-0.296376
-0.29668
-0.297013
-0.297395
-0.297832
-0.298248
-0.2986
-0.299728
-0.291807
-0.292907
-0.293608
-0.294099
-0.294502
-0.294839
-0.295129
-0.295389
-0.295629
-0.295857
-0.296081
-0.296307
-0.296543
-0.296797
-0.297081
-0.297413
-0.297806
-0.298181
-0.298489
-0.299595
-0.292586
-0.293629
-0.294287
-0.294739
-0.295101
-0.295395
-0.29564
-0.295852
-0.296042
-0.296216
-0.296383
-0.296548
-0.296719
-0.296906
-0.297122
-0.297388
-0.29772
-0.29804
-0.29829
-0.299366
-0.293496
-0.294478
-0.295086
-0.295492
-0.295804
-0.296046
-0.296235
-0.296388
-0.296513
-0.29662
-0.296713
-0.2968
-0.296889
-0.29699
-0.297118
-0.297298
-0.297548
-0.297796
-0.297973
-0.299008
-0.29453
-0.295447
-0.296001
-0.296353
-0.296607
-0.296786
-0.296908
-0.296989
-0.297037
-0.297061
-0.297064
-0.297055
-0.297042
-0.297036
-0.297053
-0.297122
-0.297269
-0.297423
-0.297511
-0.298494
-0.295681
-0.296532
-0.297028
-0.297318
-0.297505
-0.297611
-0.297656
-0.297653
-0.297612
-0.297538
-0.297437
-0.297314
-0.297178
-0.297041
-0.296921
-0.296853
-0.296867
-0.2969
-0.296877
-0.297798
-0.296947
-0.297732
-0.298164
-0.298386
-0.298497
-0.298522
-0.298479
-0.298383
-0.298241
-0.298058
-0.297837
-0.297583
-0.297305
-0.297013
-0.29673
-0.296492
-0.296339
-0.296216
-0.296053
-0.296895
-0.298329
-0.299047
-0.299411
-0.299557
-0.299585
-0.299519
-0.29938
-0.299182
-0.298931
-0.298629
-0.298279
-0.297882
-0.297444
-0.296977
-0.296501
-0.296058
-0.295695
-0.29537
-0.295024
-0.295763
-0.299834
-0.300482
-0.300771
-0.300834
-0.30077
-0.300606
-0.300364
-0.300058
-0.299693
-0.299269
-0.298784
-0.298236
-0.297628
-0.296966
-0.296271
-0.295585
-0.294964
-0.294375
-0.293779
-0.294367
-0.30147
-0.302044
-0.302249
-0.302221
-0.302056
-0.301787
-0.301436
-0.301019
-0.300539
-0.299992
-0.299373
-0.298675
-0.297892
-0.297025
-0.296089
-0.295124
-0.294187
-0.293255
-0.292306
-0.292662
-0.303251
-0.303741
-0.303854
-0.303723
-0.303447
-0.303065
-0.302601
-0.30207
-0.301476
-0.300811
-0.300065
-0.299222
-0.298269
-0.297196
-0.296006
-0.294728
-0.293416
-0.292043
-0.290596
-0.290578
-0.305191
-0.305587
-0.305595
-0.305347
-0.304949
-0.304444
-0.30386
-0.303213
-0.302505
-0.301728
-0.300863
-0.299888
-0.298777
-0.297506
-0.296058
-0.294443
-0.2927
-0.290776
-0.28864
-0.288027
-0.30731
-0.307596
-0.307483
-0.307103
-0.306567
-0.305926
-0.305211
-0.304442
-0.30362
-0.302732
-0.301757
-0.300662
-0.299408
-0.297953
-0.296255
-0.294293
-0.292075
-0.289501
-0.286459
-0.284942
-0.309629
-0.309787
-0.309533
-0.309002
-0.308309
-0.307513
-0.306654
-0.305751
-0.304807
-0.303807
-0.302723
-0.301516
-0.300133
-0.298511
-0.29658
-0.29428
-0.291574
-0.288295
-0.284166
-0.281362
-0.312175
-0.312182
-0.311763
-0.311057
-0.310183
-0.309212
-0.308187
-0.307134
-0.306053
-0.30493
-0.303733
-0.302415
-0.300912
-0.299141
-0.297002
-0.294388
-0.291204
-0.287199
-0.281831
-0.277236
-0.314979
-0.314808
-0.314197
-0.313287
-0.312206
-0.311033
-0.309819
-0.308592
-0.307356
-0.306096
-0.304778
-0.303352
-0.301747
-0.299869
-0.297591
-0.294757
-0.291181
-0.286445
-0.279559
-0.272387
-0.318077
-0.317697
-0.316863
-0.315719
-0.3144
-0.312997
-0.311567
-0.310143
-0.308731
-0.307319
-0.305877
-0.304359
-0.302707
-0.300844
-0.298669
-0.296056
-0.292822
-0.28844
-0.281515
-0.273313
-0.321514
-0.320888
-0.319796
-0.318386
-0.316798
-0.315135
-0.313464
-0.311819
-0.310213
-0.308636
-0.307068
-0.305479
-0.303839
-0.302127
-0.300345
-0.298559
-0.296935
-0.295763
-0.296243
-0.304898
-0.32534
-0.324424
-0.323037
-0.321327
-0.31944
-0.317491
-0.315554
-0.31367
-0.311853
-0.310101
-0.308402
-0.306743
-0.30512
-0.303555
-0.302114
-0.300946
-0.300325
-0.30069
-0.303002
-0.311469
-0.329611
-0.328356
-0.326633
-0.324591
-0.322376
-0.320117
-0.317897
-0.315758
-0.313719
-0.311783
-0.309946
-0.308206
-0.306581
-0.305114
-0.3039
-0.303099
-0.302964
-0.303838
-0.306209
-0.312228
-0.334385
-0.332734
-0.330636
-0.328228
-0.32566
-0.323073
-0.320554
-0.318149
-0.315878
-0.313746
-0.311754
-0.309906
-0.308226
-0.306764
-0.305608
-0.304889
-0.304783
-0.305488
-0.307222
-0.310846
-0.339724
-0.337615
-0.335097
-0.332296
-0.329352
-0.32642
-0.32359
-0.320907
-0.31839
-0.316041
-0.313859
-0.311848
-0.310029
-0.308441
-0.30715
-0.306241
-0.305811
-0.305943
-0.306724
-0.308247
-0.345683
-0.343049
-0.34007
-0.336847
-0.33351
-0.330218
-0.327064
-0.324087
-0.321298
-0.318693
-0.316264
-0.314008
-0.311936
-0.310071
-0.308453
-0.307129
-0.306141
-0.305506
-0.30526
-0.30515
-0.352315
-0.349087
-0.345605
-0.341937
-0.338188
-0.334522
-0.331025
-0.327727
-0.324624
-0.321703
-0.318943
-0.316333
-0.313872
-0.311572
-0.309454
-0.307541
-0.305848
-0.30437
-0.303124
-0.301765
-0.359661
-0.355768
-0.351746
-0.347611
-0.343434
-0.339375
-0.335508
-0.331843
-0.328363
-0.325036
-0.321834
-0.318738
-0.315742
-0.312852
-0.310086
-0.307458
-0.304979
-0.302647
-0.300473
-0.298157
-0.367749
-0.363125
-0.35853
-0.35391
-0.349285
-0.344806
-0.340524
-0.336427
-0.332476
-0.328629
-0.324849
-0.321119
-0.317438
-0.313818
-0.310283
-0.306853
-0.303548
-0.300378
-0.297351
-0.294256
-0.376592
-0.371177
-0.365979
-0.360857
-0.355762
-0.350821
-0.346059
-0.341435
-0.336892
-0.33238
-0.32787
-0.323353
-0.318846
-0.314377
-0.309983
-0.305699
-0.301555
-0.297572
-0.293758
-0.289981
-0.38618
-0.379921
-0.374102
-0.368461
-0.362862
-0.357399
-0.352063
-0.346786
-0.3415
-0.336162
-0.33076
-0.32531
-0.319855
-0.314444
-0.309134
-0.303971
-0.298992
-0.294228
-0.289677
-0.285267
-0.396479
-0.389339
-0.382881
-0.376702
-0.370551
-0.364481
-0.358447
-0.352361
-0.34616
-0.339823
-0.333371
-0.32686
-0.32036
-0.313948
-0.307692
-0.301648
-0.295856
-0.290342
-0.285096
-0.280083
-0.407427
-0.399379
-0.392276
-0.38553
-0.37876
-0.371968
-0.36508
-0.358004
-0.350701
-0.343195
-0.335555
-0.327879
-0.320272
-0.312828
-0.305625
-0.298718
-0.292142
-0.285916
-0.280014
-0.27442
-0.418925
-0.409962
-0.402207
-0.394857
-0.387376
-0.379716
-0.37179
-0.363525
-0.354935
-0.346105
-0.337165
-0.328256
-0.319511
-0.311034
-0.302905
-0.295169
-0.287849
-0.280951
-0.27443
-0.268287
-0.430839
-0.420971
-0.412561
-0.40455
-0.396239
-0.387536
-0.378366
-0.368712
-0.358663
-0.348384
-0.338066
-0.327891
-0.318008
-0.308524
-0.299506
-0.290985
-0.282968
-0.275444
-0.268345
-0.26169
-0.442995
-0.432249
-0.423177
-0.414432
-0.405142
-0.395197
-0.384572
-0.373337
-0.361685
-0.349867
-0.338134
-0.326695
-0.315703
-0.305256
-0.2954
-0.286148
-0.277486
-0.269386
-0.261754
-0.254634
-0.455176
-0.443597
-0.433853
-0.424276
-0.413834
-0.402435
-0.390147
-0.377167
-0.363806
-0.350403
-0.337255
-0.324585
-0.312537
-0.301186
-0.290555
-0.280632
-0.271383
-0.262758
-0.254644
-0.247112
-0.467126
-0.454775
-0.444339
-0.433812
-0.422027
-0.408961
-0.394825
-0.379972
-0.364842
-0.349851
-0.335325
-0.321484
-0.30845
-0.296268
-0.284931
-0.274402
-0.264627
-0.255537
-0.246992
-0.239108
-0.478551
-0.465501
-0.454345
-0.44273
-0.429405
-0.414473
-0.398339
-0.381535
-0.364624
-0.348083
-0.332248
-0.317319
-0.303383
-0.290451
-0.278486
-0.267421
-0.257186
-0.247689
-0.23877
-0.230597
-0.489124
-0.475461
-0.463545
-0.450693
-0.435634
-0.418667
-0.400433
-0.381652
-0.362997
-0.344983
-0.327935
-0.312017
-0.297276
-0.283684
-0.27117
-0.259644
-0.249018
-0.23918
-0.229947
-0.221552
-0.498495
-0.484309
-0.471584
-0.457342
-0.440376
-0.421249
-0.400867
-0.380139
-0.359822
-0.340445
-0.322301
-0.305509
-0.290068
-0.275911
-0.262934
-0.251027
-0.240082
-0.229969
-0.220488
-0.211939
-0.506291
-0.491678
-0.478091
-0.462314
-0.443301
-0.421942
-0.399426
-0.376831
-0.354975
-0.334371
-0.315267
-0.297727
-0.281699
-0.267077
-0.25373
-0.241524
-0.230338
-0.220021
-0.210358
-0.201727
-0.512138
-0.497196
-0.482691
-0.465251
-0.444098
-0.420495
-0.395917
-0.371586
-0.348347
-0.326676
-0.306762
-0.288607
-0.272112
-0.257133
-0.24351
-0.231093
-0.219747
-0.2093
-0.199525
-0.190886
-0.515662
-0.50049
-0.485018
-0.465818
-0.442483
-0.416688
-0.390178
-0.364282
-0.339845
-0.317284
-0.29672
-0.278093
-0.261256
-0.246031
-0.232233
-0.219698
-0.208276
-0.197775
-0.187964
-0.179391
-0.516508
-0.5012
-0.484722
-0.463705
-0.438209
-0.410336
-0.382073
-0.354821
-0.329392
-0.306132
-0.285086
-0.266134
-0.249086
-0.23373
-0.219863
-0.207305
-0.195895
-0.185423
-0.175653
-0.167223
-0.514343
-0.498994
-0.48149
-0.458646
-0.43107
-0.40129
-0.371498
-0.343126
-0.316928
-0.293168
-0.271814
-0.252691
-0.235565
-0.220199
-0.206372
-0.193891
-0.182586
-0.172226
-0.162578
-0.15437
-0.508872
-0.493575
-0.475047
-0.450418
-0.420906
-0.389442
-0.358378
-0.329142
-0.302409
-0.278354
-0.256872
-0.237732
-0.220667
-0.205415
-0.19174
-0.17944
-0.168334
-0.158175
-0.148735
-0.140827
-0.499845
-0.48469
-0.465172
-0.438852
-0.407601
-0.37472
-0.342669
-0.312838
-0.28581
-0.261669
-0.240238
-0.22124
-0.204376
-0.189365
-0.175958
-0.163945
-0.153137
-0.143269
-0.134125
-0.126596
-0.487065
-0.472143
-0.451698
-0.423832
-0.391089
-0.35709
-0.324355
-0.294207
-0.267126
-0.243107
-0.221907
-0.203209
-0.186687
-0.172045
-0.159024
-0.147409
-0.137
-0.127519
-0.118761
-0.111689
-0.470393
-0.455795
-0.434517
-0.405301
-0.371353
-0.336558
-0.303451
-0.273264
-0.24637
-0.222677
-0.201886
-0.183644
-0.167606
-0.153463
-0.140948
-0.129841
-0.119937
-0.110942
-0.102667
-0.0961334
-0.449751
-0.435569
-0.413587
-0.383255
-0.348419
-0.313166
-0.280001
-0.250049
-0.223575
-0.200407
-0.180198
-0.162566
-0.14715
-0.133633
-0.121744
-0.111261
-0.101968
-0.093565
-0.0858769
-0.0799692
-0.425128
-0.411456
-0.388926
-0.357747
-0.32236
-0.286992
-0.25408
-0.224627
-0.198795
-0.176342
-0.15688
-0.140004
-0.125345
-0.11258
-0.101436
-0.0916877
-0.0831175
-0.0754162
-0.0684273
-0.0632413
-0.396577
-0.383511
-0.360614
-0.328883
-0.293295
-0.25815
-0.225788
-0.197085
-0.172105
-0.150544
-0.131983
-0.116002
-0.102226
-0.0903313
-0.0800453
-0.0711441
-0.0634055
-0.0565214
-0.050351
-0.0459733
-0.364217
-0.351853
-0.328792
-0.296819
-0.261379
-0.226788
-0.195258
-0.167539
-0.143603
-0.123096
-0.105574
-0.0906119
-0.0778337
-0.0669185
-0.0575977
-0.0496495
-0.0428527
-0.036906
-0.031672
-0.0281556
-0.328228
-0.316663
-0.293652
-0.261758
-0.22681
-0.193085
-0.16265
-0.136128
-0.113409
-0.0940975
-0.0777367
-0.0638995
-0.0522158
-0.0423731
-0.0341112
-0.0272148
-0.0214696
-0.0165845
-0.0124004
-0.00978843
-0.288847
-0.278176
-0.255443
-0.223945
-0.18982
-0.157254
-0.128153
-0.103018
-0.0816667
-0.0636735
-0.0485737
-0.0359458
-0.0254313
-0.0167316
-0.00960205
-0.00383983
0.000756717
0.0044618
0.00745723
0.00899523
-0.246366
-0.236682
-0.214454
-0.183665
-0.150677
-0.119537
-0.0919849
-0.0684026
-0.048548
-0.0319716
-0.018209
-0.00685006
0.00244644
0.0099566
0.015902
0.020469
0.0238427
0.0262409
0.0277795
0.0277904
-0.201122
-0.192514
-0.171017
-0.141237
-0.109675
-0.080205
-0.0543903
-0.0325038
-0.0142503
0.000835873
0.0132142
0.0232789
0.0313469
0.0376611
0.0424084
0.0457539
0.0478412
0.0487099
0.048243
0.0461524
-0.153493
-0.146043
-0.125497
-0.0970075
-0.0671374
-0.0395537
-0.0156424
0.0044265
0.020995
0.0345413
0.0455204
0.0543126
0.0612117
0.0664256
0.070104
0.07238
0.0732813
0.0724456
0.0693982
0.0651626
-0.103891
-0.0976744
-0.0782858
-0.051347
-0.0234073
0.00209835
0.0239608
0.0421055
0.0569155
0.0688808
0.0784571
0.0860226
0.0918678
0.0961994
0.0991797
0.10096
0.10144
0.0997598
0.0952119
0.090632
-0.0527524
-0.0478347
-0.0297946
-0.00464104
0.0211578
0.0444185
0.0641048
0.080229
0.0932076
0.103539
0.111681
0.118014
0.122843
0.126414
0.128973
0.1308
0.131866
0.131178
0.128475
0.132121
-0.000524806
0.0030364
0.019555
0.042716
0.066193
0.0870677
0.10447
0.118489
0.129566
0.138202
0.144847
0.149876
0.153593
0.156255
0.158125
0.159469
0.160271
0.160056
0.159729
0.165542
0.0523268
0.0544859
0.0693327
0.0903256
0.111332
0.129708
0.14474
0.156584
0.1657
0.172584
0.177677
0.181343
0.183881
0.185545
0.186588
0.187231
0.187456
0.186966
0.18668
0.191367
0.105335
0.106059
0.119109
0.137792
0.156214
0.172007
0.184605
0.194223
0.20133
0.206412
0.209894
0.212124
0.213388
0.213928
0.213975
0.213728
0.213181
0.212108
0.211266
0.214438
0.158035
0.157304
0.168461
0.184728
0.200486
0.213643
0.223773
0.231136
0.236206
0.239454
0.241287
0.242033
0.241957
0.241284
0.240218
0.23893
0.2374
0.23543
0.233716
0.235479
0.209969
0.207778
0.216972
0.230754
0.243807
0.254308
0.261961
0.267066
0.270093
0.271498
0.271663
0.270898
0.269447
0.267512
0.265277
0.262883
0.260298
0.257345
0.254684
0.255096
0.26069
0.257047
0.264241
0.275507
0.285848
0.293707
0.298905
0.301772
0.302775
0.302349
0.300855
0.298577
0.295741
0.292529
0.289102
0.285577
0.281913
0.277958
0.274346
0.273483
0.309767
0.304697
0.309882
0.318637
0.326298
0.33156
0.334352
0.33503
0.334052
0.331831
0.328707
0.324941
0.320739
0.316264
0.311657
0.307016
0.302292
0.297363
0.292825
0.290749
0.356787
0.350329
0.353528
0.359814
0.364859
0.367601
0.368064
0.366626
0.363732
0.359776
0.355073
0.349865
0.344337
0.338636
0.332885
0.327163
0.321423
0.315566
0.310142
0.306917
0.40136
0.393568
0.394832
0.398725
0.401253
0.40158
0.399818
0.396358
0.391636
0.386023
0.379813
0.373227
0.366434
0.359562
0.35272
0.345973
0.339273
0.332544
0.326282
0.321973
0.443118
0.43406
0.433468
0.435078
0.435218
0.433263
0.429402
0.42404
0.417596
0.410423
0.402793
0.394911
0.386926
0.378955
0.371088
0.363381
0.355789
0.348252
0.341203
0.335878
0.48172
0.471478
0.469136
0.468602
0.466511
0.462433
0.456622
0.449493
0.441452
0.432832
0.423886
0.414801
0.405713
0.396723
0.38791
0.379317
0.370907
0.36263
0.354854
0.348587
0.516853
0.505522
0.501561
0.49905
0.494911
0.488889
0.481297
0.472555
0.463056
0.453116
0.44297
0.432789
0.422695
0.412778
0.403104
0.393709
0.384559
0.375614
0.367175
0.360045
0.548233
0.535922
0.530493
0.526196
0.520217
0.51245
0.503263
0.493076
0.482273
0.471152
0.459933
0.448772
0.43778
0.427035
0.416594
0.406483
0.396677
0.38714
0.378106
0.370201
0.57561
0.562437
0.555712
0.549844
0.542248
0.532956
0.522373
0.510925
0.498982
0.48683
0.474673
0.462657
0.450882
0.439415
0.428305
0.417573
0.407197
0.397146
0.38759
0.379007
0.598764
0.584857
0.577025
0.569819
0.560851
0.550263
0.538498
0.525982
0.513075
0.50005
0.487101
0.474362
0.461924
0.449847
0.438172
0.426915
0.416059
0.405576
0.395578
0.386416
0.617511
0.603007
0.594272
0.585976
0.575893
0.564255
0.551532
0.53815
0.524462
0.51073
0.497139
0.483814
0.47084
0.45827
0.446137
0.434457
0.423214
0.41238
0.402023
0.39239
0.631703
0.616745
0.607323
0.598198
0.587268
0.574834
0.561385
0.547347
0.533068
0.518801
0.504723
0.490955
0.477575
0.464632
0.452154
0.440153
0.428617
0.41752
0.406889
0.396899
0.641227
0.625963
0.616078
0.606395
0.594896
0.581927
0.56799
0.553513
0.538836
0.52421
0.509806
0.495741
0.482089
0.468895
0.456185
0.443969
0.432238
0.420963
0.410148
0.399917
0.646007
0.63059
0.620471
0.610508
0.598724
0.585486
0.571304
0.556605
0.54173
0.526923
0.512356
0.498141
0.484352
0.471033
0.458207
0.445883
0.434053
0.42269
0.411782
0.40143
0.646007
0.630589
0.62047
0.610507
0.598723
0.585485
0.571303
0.556605
0.541729
0.526922
0.512355
0.49814
0.484351
0.471032
0.458206
0.445882
0.434052
0.422689
0.411781
0.401429
0.641225
0.625961
0.616075
0.606393
0.594894
0.581925
0.567988
0.55351
0.538834
0.524207
0.509804
0.495738
0.482086
0.468892
0.456182
0.443966
0.432235
0.42096
0.410145
0.399914
0.6317
0.616741
0.607319
0.598194
0.587264
0.57483
0.561381
0.547343
0.533063
0.518796
0.504719
0.490951
0.477571
0.464627
0.452149
0.440148
0.428613
0.417515
0.406884
0.396894
0.617507
0.603002
0.594267
0.585971
0.575888
0.56425
0.551526
0.538144
0.524456
0.510724
0.497132
0.483808
0.470833
0.458263
0.446131
0.43445
0.423207
0.412374
0.402016
0.392384
0.598758
0.58485
0.577019
0.569812
0.560844
0.550256
0.538491
0.525974
0.513068
0.500042
0.487093
0.474354
0.461916
0.449839
0.438164
0.426907
0.416051
0.405567
0.395569
0.386407
0.575602
0.562428
0.555703
0.549835
0.54224
0.532947
0.522363
0.510915
0.498973
0.48682
0.474663
0.462647
0.450872
0.439405
0.428295
0.417562
0.407186
0.397135
0.38758
0.378996
0.548223
0.535912
0.530483
0.526186
0.520206
0.512439
0.503252
0.493065
0.482262
0.47114
0.459921
0.44876
0.437768
0.427023
0.416581
0.406471
0.396664
0.387128
0.378093
0.370189
0.51684
0.50551
0.501548
0.499037
0.494898
0.488876
0.481284
0.472541
0.463042
0.453102
0.442956
0.432774
0.422681
0.412763
0.40309
0.393694
0.384544
0.3756
0.36716
0.360031
0.481705
0.471463
0.469121
0.468587
0.466496
0.462417
0.456607
0.449477
0.441435
0.432815
0.423869
0.414784
0.405696
0.396706
0.387893
0.3793
0.37089
0.362614
0.354837
0.34857
0.4431
0.434042
0.43345
0.43506
0.4352
0.433245
0.429384
0.424021
0.417577
0.410404
0.402775
0.394892
0.386907
0.378936
0.371069
0.363362
0.35577
0.348233
0.341185
0.33586
0.401339
0.393547
0.394811
0.398704
0.401232
0.401559
0.399797
0.396338
0.391615
0.386002
0.379792
0.373206
0.366412
0.359541
0.352699
0.345951
0.339252
0.332523
0.32626
0.321952
0.356763
0.350305
0.353504
0.35979
0.364835
0.367577
0.368041
0.366602
0.363708
0.359752
0.355049
0.349841
0.344313
0.338612
0.332861
0.32714
0.321399
0.315542
0.310118
0.306894
0.309739
0.304669
0.309855
0.31861
0.326271
0.331533
0.334325
0.335003
0.334025
0.331805
0.32868
0.324914
0.320712
0.316237
0.311631
0.306989
0.302265
0.297336
0.292799
0.290724
0.260658
0.257015
0.264209
0.275476
0.285818
0.293677
0.298875
0.301742
0.302745
0.302319
0.300825
0.298548
0.295712
0.292499
0.289072
0.285548
0.281884
0.27793
0.274318
0.273455
0.209932
0.207741
0.216936
0.230719
0.243772
0.254274
0.261928
0.267032
0.270059
0.271464
0.27163
0.270865
0.269414
0.267479
0.265245
0.262851
0.260266
0.257313
0.254652
0.255065
0.157994
0.157263
0.16842
0.184688
0.200448
0.213605
0.223735
0.231099
0.236169
0.239418
0.24125
0.241996
0.241922
0.241248
0.240183
0.238894
0.237365
0.235395
0.233682
0.235445
0.105289
0.106012
0.119064
0.137748
0.156171
0.171964
0.184564
0.194182
0.201289
0.206372
0.209854
0.212084
0.213349
0.213889
0.213936
0.21369
0.213143
0.21207
0.211228
0.214402
0.0522744
0.0544334
0.0692816
0.0902762
0.111284
0.129661
0.144694
0.156538
0.165655
0.17254
0.177633
0.181299
0.183838
0.185503
0.186546
0.187189
0.187414
0.186925
0.186639
0.191327
-0.000583401
0.00297783
0.019498
0.042661
0.0661398
0.0870158
0.104419
0.118439
0.129517
0.138154
0.144799
0.149829
0.153546
0.156209
0.158079
0.159423
0.160226
0.160011
0.159685
0.165499
-0.0528175
-0.0478998
-0.0298577
-0.00470185
0.0210991
0.0443615
0.0640492
0.0801745
0.093154
0.103487
0.111629
0.117962
0.122792
0.126364
0.128924
0.130751
0.131818
0.131129
0.128426
0.132073
-0.103963
-0.0977462
-0.0783555
-0.051414
-0.0234718
0.00203588
0.0238999
0.0420461
0.0568572
0.0688235
0.0784007
0.085967
0.0918128
0.096145
0.0991259
0.100906
0.101387
0.099707
0.0951591
0.090579
-0.153572
-0.146122
-0.125574
-0.097081
-0.067208
-0.0396219
-0.0157087
0.00436191
0.0209318
0.0344793
0.0454594
0.0542526
0.0611525
0.0663671
0.0700461
0.0723227
0.0732243
0.072389
0.0693416
0.065106
-0.201209
-0.1926
-0.171101
-0.141317
-0.109752
-0.0802791
-0.0544621
-0.0325738
-0.0143186
0.000769005
0.0131486
0.0232143
0.0312833
0.0375983
0.0423464
0.0456926
0.0477804
0.0486496
0.0481832
0.0460926
-0.246461
-0.236776
-0.214545
-0.183752
-0.15076
-0.119618
-0.0920625
-0.0684779
-0.0486215
-0.0320434
-0.0182794
-0.00691919
0.00237844
0.00988963
0.0158359
0.0204038
0.0237782
0.0261771
0.0277164
0.0277276
-0.28895
-0.278278
-0.255542
-0.224039
-0.189911
-0.157341
-0.128237
-0.103099
-0.0817456
-0.0637504
-0.048649
-0.0360196
-0.0255037
-0.0168029
-0.00967223
-0.00390903
0.000688425
0.00439439
0.00739065
0.00892913
-0.328339
-0.316773
-0.293759
-0.26186
-0.226907
-0.193178
-0.16274
-0.136214
-0.113493
-0.0941796
-0.0778169
-0.063978
-0.0522928
-0.0424487
-0.0341856
-0.027288
-0.0215417
-0.0166556
-0.0124705
-0.00985788
-0.364336
-0.351971
-0.328906
-0.296929
-0.261483
-0.226887
-0.195354
-0.167632
-0.143693
-0.123183
-0.105659
-0.0906952
-0.0779153
-0.0669985
-0.0576763
-0.0497267
-0.0429287
-0.0369808
-0.0317457
-0.0282285
-0.396704
-0.383637
-0.360737
-0.329
-0.293406
-0.258256
-0.22589
-0.197184
-0.172201
-0.150637
-0.132073
-0.11609
-0.102312
-0.0904157
-0.0801281
-0.0712254
-0.0634854
-0.0566
-0.0504282
-0.0460496
-0.425263
-0.41159
-0.389056
-0.357872
-0.322479
-0.287105
-0.254188
-0.224731
-0.198896
-0.17644
-0.156975
-0.140097
-0.125436
-0.112669
-0.101523
-0.0917731
-0.0832013
-0.0754986
-0.0685082
-0.0633211
-0.449894
-0.435711
-0.413725
-0.383387
-0.348544
-0.313286
-0.280116
-0.250159
-0.223681
-0.20051
-0.180299
-0.162664
-0.147246
-0.133727
-0.121836
-0.11135
-0.102056
-0.0936512
-0.0859615
-0.0800526
-0.470543
-0.455944
-0.434663
-0.405441
-0.371486
-0.336684
-0.303572
-0.27338
-0.246482
-0.222785
-0.201992
-0.183747
-0.167706
-0.153561
-0.141043
-0.129935
-0.120029
-0.111032
-0.102756
-0.0962205
-0.487223
-0.4723
-0.451851
-0.423979
-0.391229
-0.357223
-0.324482
-0.294329
-0.267244
-0.243221
-0.222018
-0.203316
-0.186792
-0.172147
-0.159124
-0.147507
-0.137096
-0.127613
-0.118853
-0.11178
-0.50001
-0.484854
-0.465332
-0.439006
-0.407748
-0.374859
-0.342803
-0.312966
-0.285934
-0.261788
-0.240354
-0.221352
-0.204485
-0.189472
-0.176062
-0.164047
-0.153237
-0.143367
-0.134221
-0.126691
-0.509043
-0.493745
-0.475214
-0.450578
-0.421059
-0.389588
-0.358518
-0.329276
-0.302538
-0.278479
-0.256993
-0.237849
-0.220781
-0.205527
-0.191849
-0.179546
-0.168438
-0.158277
-0.148835
-0.140925
-0.51452
-0.49917
-0.481662
-0.458812
-0.43123
-0.401443
-0.371644
-0.343265
-0.317062
-0.293297
-0.27194
-0.252812
-0.235684
-0.220315
-0.206485
-0.194001
-0.182694
-0.172332
-0.162682
-0.154472
-0.51669
-0.501381
-0.4849
-0.463877
-0.438374
-0.410494
-0.382224
-0.354966
-0.329531
-0.306267
-0.285216
-0.266261
-0.249209
-0.23385
-0.21998
-0.207419
-0.196007
-0.185533
-0.17576
-0.167329
-0.515849
-0.500676
-0.4852
-0.465995
-0.442653
-0.416851
-0.390334
-0.364432
-0.339989
-0.317424
-0.296855
-0.278224
-0.261384
-0.246155
-0.232355
-0.219816
-0.208392
-0.197889
-0.188075
-0.179501
-0.512329
-0.497386
-0.482878
-0.465433
-0.444273
-0.420663
-0.396079
-0.371741
-0.348496
-0.32682
-0.306902
-0.288743
-0.272244
-0.257261
-0.243636
-0.231216
-0.219867
-0.209418
-0.199641
-0.190999
-0.506485
-0.491871
-0.478281
-0.462499
-0.443481
-0.422115
-0.399592
-0.376991
-0.355129
-0.33452
-0.315411
-0.297866
-0.281835
-0.26721
-0.253859
-0.241651
-0.230462
-0.220143
-0.210477
-0.201844
-0.498691
-0.484504
-0.471777
-0.457531
-0.44056
-0.421426
-0.401038
-0.380303
-0.35998
-0.340598
-0.322449
-0.305653
-0.290209
-0.276047
-0.263068
-0.251157
-0.24021
-0.230095
-0.220611
-0.21206
-0.489323
-0.475658
-0.463739
-0.450884
-0.43582
-0.418848
-0.400607
-0.38182
-0.36316
-0.34514
-0.328088
-0.312165
-0.297421
-0.283825
-0.271307
-0.259779
-0.24915
-0.239309
-0.230074
-0.221676
-0.47875
-0.465699
-0.454541
-0.442923
-0.429594
-0.414656
-0.398516
-0.381706
-0.36479
-0.348244
-0.332405
-0.317471
-0.303532
-0.290596
-0.278627
-0.26756
-0.257321
-0.247823
-0.238901
-0.230726
-0.467326
-0.454973
-0.444536
-0.434006
-0.422217
-0.409147
-0.395005
-0.380147
-0.365011
-0.350015
-0.335485
-0.32164
-0.308602
-0.296416
-0.285077
-0.274545
-0.264767
-0.255674
-0.247126
-0.23924
-0.455376
-0.443795
-0.43405
-0.42447
-0.414025
-0.402622
-0.390329
-0.377344
-0.363978
-0.35057
-0.337418
-0.324744
-0.312693
-0.301338
-0.290705
-0.280778
-0.271526
-0.2629
-0.254782
-0.247248
-0.443194
-0.432446
-0.423373
-0.414626
-0.405333
-0.395385
-0.384756
-0.373517
-0.36186
-0.350038
-0.338301
-0.326858
-0.315863
-0.305412
-0.295554
-0.286299
-0.277634
-0.269531
-0.261897
-0.254775
-0.431038
-0.421167
-0.412756
-0.404744
-0.39643
-0.387724
-0.378551
-0.368893
-0.358841
-0.348558
-0.338236
-0.328058
-0.318172
-0.308685
-0.299663
-0.29114
-0.28312
-0.275594
-0.268493
-0.261835
-0.419122
-0.410157
-0.402401
-0.395049
-0.387566
-0.379904
-0.371975
-0.363708
-0.355114
-0.346281
-0.337338
-0.328426
-0.319677
-0.311199
-0.303066
-0.295327
-0.288005
-0.281105
-0.274582
-0.268436
-0.407622
-0.399573
-0.392468
-0.38572
-0.37895
-0.372156
-0.365265
-0.358187
-0.350882
-0.343373
-0.33573
-0.328052
-0.320442
-0.312996
-0.30579
-0.298881
-0.292303
-0.286075
-0.28017
-0.274575
-0.396673
-0.38953
-0.383072
-0.376891
-0.370739
-0.364667
-0.358631
-0.352544
-0.346341
-0.340002
-0.333549
-0.327035
-0.320534
-0.31412
-0.307862
-0.301816
-0.296021
-0.290506
-0.285258
-0.280242
-0.386372
-0.380112
-0.37429
-0.368648
-0.363048
-0.357584
-0.352247
-0.346968
-0.341682
-0.336343
-0.330939
-0.325489
-0.320032
-0.31462
-0.309308
-0.304143
-0.299163
-0.294396
-0.289844
-0.285433
-0.376782
-0.371365
-0.366166
-0.361043
-0.355946
-0.351004
-0.346242
-0.341617
-0.337073
-0.332562
-0.328051
-0.323534
-0.319026
-0.314557
-0.310161
-0.305876
-0.30173
-0.297746
-0.293931
-0.290152
-0.367938
-0.363312
-0.358715
-0.354093
-0.349468
-0.344987
-0.340705
-0.336609
-0.332658
-0.328811
-0.325032
-0.321302
-0.317621
-0.314002
-0.310465
-0.307035
-0.303729
-0.300558
-0.29753
-0.294433
-0.359848
-0.355953
-0.351929
-0.347793
-0.343615
-0.339555
-0.335688
-0.332024
-0.328545
-0.325219
-0.322018
-0.318923
-0.315928
-0.313039
-0.310273
-0.307645
-0.305166
-0.302833
-0.300658
-0.29834
-0.3525
-0.34927
-0.345786
-0.342117
-0.338367
-0.334701
-0.331204
-0.327907
-0.324806
-0.321886
-0.319128
-0.31652
-0.314061
-0.311762
-0.309646
-0.307734
-0.306041
-0.304563
-0.303316
-0.301955
-0.345868
-0.343232
-0.34025
-0.337026
-0.333688
-0.330396
-0.327242
-0.324266
-0.32148
-0.318877
-0.316451
-0.314198
-0.312128
-0.310266
-0.30865
-0.307328
-0.30634
-0.305705
-0.305459
-0.305347
-0.339907
-0.337796
-0.335276
-0.332473
-0.329529
-0.326597
-0.323768
-0.321087
-0.318572
-0.316226
-0.314047
-0.31204
-0.310224
-0.30864
-0.307351
-0.306445
-0.306016
-0.306149
-0.30693
-0.308451
-0.334568
-0.332915
-0.330814
-0.328405
-0.325837
-0.32325
-0.320731
-0.318328
-0.316061
-0.313932
-0.311944
-0.3101
-0.308425
-0.306967
-0.305815
-0.305099
-0.304995
-0.305702
-0.307436
-0.311058
-0.329792
-0.328535
-0.326811
-0.324767
-0.322551
-0.320293
-0.318074
-0.315938
-0.313903
-0.311971
-0.310138
-0.308403
-0.306783
-0.305321
-0.304111
-0.303314
-0.303183
-0.304059
-0.306432
-0.312448
-0.32552
-0.324602
-0.323213
-0.321502
-0.319615
-0.317667
-0.315732
-0.313851
-0.312038
-0.310291
-0.308596
-0.306943
-0.305325
-0.303765
-0.30233
-0.301167
-0.300551
-0.300919
-0.303233
-0.311697
-0.321693
-0.321064
-0.31997
-0.31856
-0.316972
-0.315311
-0.313642
-0.312001
-0.310398
-0.308827
-0.307264
-0.305681
-0.304048
-0.302341
-0.300566
-0.298785
-0.297166
-0.295999
-0.296482
-0.305136
-0.318254
-0.317871
-0.317035
-0.315891
-0.314573
-0.313171
-0.311745
-0.310325
-0.308918
-0.307511
-0.306074
-0.304563
-0.302918
-0.301061
-0.298893
-0.296286
-0.293059
-0.288682
-0.281765
-0.273568
-0.315152
-0.314979
-0.314366
-0.313457
-0.312377
-0.311206
-0.309996
-0.308773
-0.307542
-0.306288
-0.304976
-0.303557
-0.301959
-0.300088
-0.297817
-0.294989
-0.291419
-0.286689
-0.279808
-0.27264
-0.312344
-0.312349
-0.311929
-0.311222
-0.310351
-0.309382
-0.308362
-0.307313
-0.306238
-0.305121
-0.303931
-0.30262
-0.301124
-0.29936
-0.297228
-0.29462
-0.291441
-0.287442
-0.282077
-0.277483
-0.309793
-0.309949
-0.309693
-0.309163
-0.308472
-0.30768
-0.306825
-0.305927
-0.304989
-0.303995
-0.302918
-0.301718
-0.300342
-0.298728
-0.296803
-0.29451
-0.291808
-0.288534
-0.284407
-0.281603
-0.307467
-0.307751
-0.307638
-0.307259
-0.306726
-0.306087
-0.305378
-0.304614
-0.303797
-0.302917
-0.301948
-0.30086
-0.299614
-0.298166
-0.296474
-0.294518
-0.292304
-0.289734
-0.286693
-0.285176
-0.30534
-0.305735
-0.305743
-0.305497
-0.305101
-0.304599
-0.30402
-0.303378
-0.302677
-0.301906
-0.301048
-0.30008
-0.298976
-0.297712
-0.296269
-0.29466
-0.292921
-0.291001
-0.288866
-0.288254
-0.303392
-0.303881
-0.303995
-0.303865
-0.303592
-0.303213
-0.302754
-0.302229
-0.30164
-0.300982
-0.300242
-0.299406
-0.29846
-0.297393
-0.296208
-0.294936
-0.293628
-0.292258
-0.290812
-0.290797
-0.301602
-0.302175
-0.302381
-0.302355
-0.302192
-0.301927
-0.301581
-0.301169
-0.300694
-0.300154
-0.299541
-0.298849
-0.298072
-0.297211
-0.296281
-0.29532
-0.294388
-0.293459
-0.292511
-0.29287
-0.299955
-0.300604
-0.300894
-0.300959
-0.300897
-0.300737
-0.3005
-0.300198
-0.299838
-0.29942
-0.298941
-0.298399
-0.297796
-0.29714
-0.29645
-0.295769
-0.295152
-0.294566
-0.293972
-0.294564
-0.29844
-0.299159
-0.299524
-0.299672
-0.299703
-0.29964
-0.299505
-0.299311
-0.299065
-0.298769
-0.298424
-0.298033
-0.2976
-0.297138
-0.296667
-0.296228
-0.29587
-0.295548
-0.295204
-0.295946
-0.297046
-0.297833
-0.298267
-0.298491
-0.298605
-0.298633
-0.298593
-0.298501
-0.298364
-0.298185
-0.29797
-0.297721
-0.297447
-0.297161
-0.296882
-0.296648
-0.296499
-0.296379
-0.296219
-0.297064
-0.295769
-0.296623
-0.29712
-0.297412
-0.297602
-0.297711
-0.297759
-0.29776
-0.297723
-0.297654
-0.297557
-0.297438
-0.297306
-0.297174
-0.297059
-0.296994
-0.297012
-0.297047
-0.297027
-0.297951
-0.294607
-0.295526
-0.296083
-0.296436
-0.296692
-0.296874
-0.296999
-0.297083
-0.297136
-0.297163
-0.297171
-0.297166
-0.297156
-0.297154
-0.297175
-0.297248
-0.297398
-0.297554
-0.297645
-0.298631
-0.293563
-0.294547
-0.295157
-0.295564
-0.295879
-0.296123
-0.296315
-0.29647
-0.296599
-0.296709
-0.296805
-0.296896
-0.296988
-0.297093
-0.297224
-0.297407
-0.297661
-0.297911
-0.298091
-0.299128
-0.292642
-0.293687
-0.294346
-0.2948
-0.295164
-0.29546
-0.295708
-0.295922
-0.296115
-0.296292
-0.296461
-0.296629
-0.296804
-0.296994
-0.297213
-0.297482
-0.297816
-0.298138
-0.29839
-0.299468
-0.291852
-0.292955
-0.293656
-0.294149
-0.294553
-0.294892
-0.295184
-0.295446
-0.295688
-0.295919
-0.296146
-0.296374
-0.296613
-0.296869
-0.297155
-0.29749
-0.297884
-0.298262
-0.298571
-0.299679
-0.291204
-0.292356
-0.293093
-0.293617
-0.294053
-0.294425
-0.294751
-0.295049
-0.295329
-0.295601
-0.29587
-0.296144
-0.29643
-0.296736
-0.297071
-0.297455
-0.297894
-0.298311
-0.298665
-0.299794
-0.290705
-0.291897
-0.292662
-0.29321
-0.29367
-0.294065
-0.294416
-0.29474
-0.295047
-0.295347
-0.295647
-0.295953
-0.296273
-0.296613
-0.296983
-0.297401
-0.29787
-0.298315
-0.298701
-0.299844
-0.290366
-0.291586
-0.29237
-0.292933
-0.293408
-0.29382
-0.294187
-0.294526
-0.294851
-0.295169
-0.295488
-0.295814
-0.296155
-0.296517
-0.29691
-0.297348
-0.297837
-0.298299
-0.298705
-0.299856
-0.290192
-0.291427
-0.29222
-0.292791
-0.293274
-0.293693
-0.294067
-0.294415
-0.294748
-0.295074
-0.295402
-0.295739
-0.29609
-0.296462
-0.296865
-0.297313
-0.297811
-0.298282
-0.298698
-0.299852
-0.331594
-0.391853
-0.32241
-0.205196
-0.106707
-0.0204529
0.0150748
0.0403327
0.0398099
0.0376492
0.0322023
0.0272223
0.021912
0.0170614
0.0131226
0.0100899
0.00751565
0.00541436
0.00314285
0.00145449
-0.33191
-0.392403
-0.323093
-0.205683
-0.107095
-0.0206882
0.0149077
0.0402139
0.0397367
0.0375962
0.0321699
0.0272008
0.0218966
0.017049
0.0131128
0.0100828
0.00751038
0.00541036
0.00314002
0.00145212
-0.33251
-0.393427
-0.324361
-0.206595
-0.107856
-0.0211727
0.0145578
0.039964
0.039584
0.0374881
0.0321059
0.0271594
0.0218675
0.0170255
0.013094
0.0100688
0.00749987
0.00540225
0.00313432
0.00144732
-0.333322
-0.394838
-0.326156
-0.2079
-0.108977
-0.0219035
0.0140295
0.0395814
0.0393502
0.0373235
0.0320096
0.0270981
0.0218247
0.0169909
0.0130662
0.0100482
0.0074843
0.00539017
0.00312586
0.00144012
-0.334242
-0.396518
-0.328397
-0.209555
-0.110438
-0.0228756
0.0133291
0.0390648
0.0390329
0.0371004
0.0318801
0.0270167
0.0217682
0.0169452
0.0130295
0.0100211
0.00746392
0.00537428
0.0031148
0.00143057
-0.335154
-0.398331
-0.330995
-0.211511
-0.112211
-0.0240823
0.0124649
0.0384128
0.03863
0.0368166
0.0317163
0.0269148
0.0216979
0.0168884
0.0129842
0.00998781
0.00743903
0.0053548
0.00310137
0.00141877
-0.335936
-0.400139
-0.333859
-0.213722
-0.114269
-0.0255144
0.0114467
0.0376255
0.0381392
0.03647
0.0315174
0.0267925
0.0216139
0.0168208
0.0129304
0.00994855
0.00740998
0.00533196
0.00308582
0.00140479
-0.336472
-0.401808
-0.336904
-0.216145
-0.116578
-0.0271609
0.0102858
0.0367043
0.0375592
0.0360589
0.0312824
0.0266494
0.0215163
0.0167422
0.0128682
0.00990364
0.00737713
0.00530603
0.00306842
0.00138876
-0.336663
-0.403224
-0.340057
-0.218745
-0.119104
-0.0290086
0.00899477
0.0356526
0.0368896
0.035582
0.0310106
0.0264858
0.0214051
0.0166529
0.0127979
0.00985334
0.00734085
0.00527729
0.00304942
0.00137081
-0.336433
-0.40429
-0.343256
-0.221496
-0.121814
-0.0310424
0.00758726
0.0344759
0.0361311
0.0350392
0.0307018
0.0263017
0.0212806
0.016553
0.0127196
0.00979796
0.00730148
0.00524602
0.0030291
0.0013511
-0.335729
-0.404934
-0.346453
-0.224381
-0.124676
-0.0332455
0.00607773
0.033182
0.035286
0.0344309
0.030356
0.0260976
0.0211431
0.0164427
0.0126334
0.00973772
0.00725934
0.00521247
0.00300769
0.0013298
-0.334532
-0.405104
-0.349606
-0.22739
-0.127661
-0.0356004
0.00448082
0.0317806
0.0343578
0.0337588
0.0299738
0.0258741
0.0209931
0.0163223
0.0125397
0.00967287
0.0072147
0.0051769
0.0029854
0.00130708
-0.332847
-0.404769
-0.352689
-0.230526
-0.130751
-0.0380923
0.00280958
0.0302821
0.0333511
0.0330253
0.0295563
0.0256321
0.0208313
0.0161921
0.0124385
0.00960363
0.00716783
0.00513954
0.00296242
0.00128314
-0.330707
-0.403911
-0.355676
-0.233797
-0.133931
-0.0407086
0.00107651
0.0286983
0.0322717
0.0322335
0.0291046
0.0253726
0.0206584
0.0160527
0.0123302
0.0095302
0.00711893
0.00510059
0.00293889
0.00125817
-0.32816
-0.402509
-0.358507
-0.237194
-0.137171
-0.0434215
-0.000695469
0.0270464
0.0311269
0.0313867
0.0286199
0.0250964
0.020475
0.0159042
0.0122148
0.00945264
0.00706813
0.00506022
0.00291494
0.00123239
-0.325272
-0.400552
-0.361079
-0.240643
-0.140382
-0.0461658
-0.00246662
0.0253516
0.0299272
0.0304894
0.0281035
0.0248041
0.0202814
0.0157467
0.0120921
0.00937083
0.00701538
0.00501846
0.00289058
0.00120598
-0.322128
-0.398112
-0.363454
-0.244146
-0.143572
-0.0489369
-0.00425131
0.0236169
0.0286814
0.0295519
0.0275617
0.0244994
0.0200802
0.0155822
0.0119635
0.0092855
0.00696101
0.00497555
0.0028658
0.00117905
-0.318715
-0.395321
-0.366202
-0.248261
-0.147285
-0.0520803
-0.00626097
0.0217596
0.0273774
0.0285866
0.0270084
0.0241939
0.0198815
0.0154189
0.0118346
0.00920027
0.00690688
0.00493263
0.0028408
0.00115157
-0.314461
-0.391563
-0.369263
-0.253672
-0.152119
-0.0559916
-0.00861
0.0197327
0.0259888
0.0275662
0.0264305
0.0238856
0.0196875
0.0152586
0.0117065
0.00911598
0.00685429
0.0048907
0.00281677
0.00112408
-0.308599
-0.384814
-0.368441
-0.257403
-0.15525
-0.0588018
-0.00997898
0.0181197
0.0246055
0.0263826
0.025711
0.023488
0.0194255
0.0150379
0.0115326
0.00900286
0.00678937
0.00484203
0.00279394
0.00109948
-0.270935
-0.333159
-0.338314
-0.258482
-0.154944
-0.0622073
-0.00907203
0.0132918
0.0175793
0.0188464
0.0206266
0.020495
0.017324
0.0132102
0.0100954
0.00806407
0.00628212
0.00449008
0.00266318
0.000991424
-0.225623
-0.270914
-0.280362
-0.230519
-0.143164
-0.0626126
-0.0133966
0.00388567
0.00568488
0.00650579
0.0110152
0.0145405
0.0135422
0.010168
0.00763082
0.0063847
0.00523657
0.00374185
0.0021323
0.000620442
-0.19362
-0.219926
-0.22355
-0.18987
-0.126163
-0.0638168
-0.0228181
-0.00598776
-0.00273789
-0.00145577
0.00380682
0.00946694
0.0104522
0.00787921
0.00565884
0.00487927
0.00427145
0.00312356
0.00179017
0.00059393
-0.156125
-0.176622
-0.175943
-0.153026
-0.111149
-0.0665936
-0.0325615
-0.0134633
-0.00668681
-0.00510855
-0.00114002
0.00486005
0.00744204
0.00586483
0.00386598
0.00330597
0.00313761
0.00239864
0.00134626
0.000361419
-0.125534
-0.141558
-0.140518
-0.125951
-0.0996732
-0.0677382
-0.0384103
-0.0179013
-0.00897294
-0.00774288
-0.0056701
-0.000152907
0.00374859
0.00345311
0.00191141
0.0015878
0.00187291
0.00162537
0.000934531
0.000255039
-0.101221
-0.114632
-0.115097
-0.106498
-0.0892664
-0.0649795
-0.0400201
-0.0210287
-0.0118836
-0.0104748
-0.00922812
-0.00421932
0.000570509
0.00153622
0.000555929
0.00035543
0.000877744
0.000994474
0.00060628
0.000143652
-0.082919
-0.094417
-0.0964203
-0.0912671
-0.0786737
-0.059809
-0.0400652
-0.0243473
-0.0153594
-0.0126663
-0.011253
-0.00698335
-0.00210594
-0.000267402
-0.000686724
-0.000791902
-0.000139807
0.000296112
0.00023049
2.42226e-05
-0.0691109
-0.0791083
-0.0818167
-0.0782504
-0.068721
-0.0547789
-0.0399626
-0.0270479
-0.0180079
-0.0139917
-0.0123404
-0.00903289
-0.004575
-0.00212387
-0.00188837
-0.00178932
-0.00103504
-0.000339822
-0.000100372
-6.5571e-05
-0.0585405
-0.0671299
-0.0698034
-0.0673208
-0.0606023
-0.05062
-0.0392149
-0.028309
-0.0197283
-0.0151401
-0.0132695
-0.0106363
-0.00665769
-0.00380646
-0.00294872
-0.00260157
-0.00178694
-0.000914782
-0.000415622
-0.000154251
-0.0502359
-0.05749
-0.0600397
-0.0586769
-0.0541437
-0.0467521
-0.0376716
-0.0286168
-0.0210437
-0.016333
-0.0140767
-0.0117338
-0.00823642
-0.00526063
-0.00392247
-0.00330767
-0.00243048
-0.00143268
-0.000712746
-0.000236967
-0.0435902
-0.0497619
-0.0523104
-0.0518126
-0.0486781
-0.0430637
-0.0358844
-0.0285294
-0.0220081
-0.017345
-0.0147033
-0.0124651
-0.00942412
-0.0065144
-0.00482799
-0.00393247
-0.00296965
-0.00188021
-0.000982415
-0.000313654
-0.0382516
-0.0436058
-0.046133
-0.0461757
-0.0440109
-0.0397986
-0.0341746
-0.0281725
-0.0225546
-0.0181018
-0.0152279
-0.013004
-0.0103163
-0.00755382
-0.00563902
-0.00448344
-0.00341815
-0.0022585
-0.00122248
-0.00038542
-0.0339416
-0.0386583
-0.0411168
-0.0415431
-0.0401374
-0.0370107
-0.0325704
-0.02761
-0.0227757
-0.0186551
-0.0156908
-0.0134245
-0.01097
-0.00837924
-0.00634259
-0.00497093
-0.00379386
-0.00257317
-0.00143067
-0.000451027
-0.030425
-0.0346502
-0.037053
-0.0377907
-0.036964
-0.0346361
-0.0310936
-0.0269633
-0.0227981
-0.0190402
-0.0160795
-0.0137571
-0.0114443
-0.00901755
-0.00693647
-0.00539866
-0.0041093
-0.00283059
-0.00160606
-0.000509381
-0.0275361
-0.0314138
-0.0337994
-0.0347815
-0.03438
-0.0326426
-0.0297942
-0.0263242
-0.0227021
-0.0192819
-0.0163865
-0.0140247
-0.0117919
-0.00950086
-0.00742179
-0.00576537
-0.00437255
-0.00303784
-0.00174959
-0.000559566
-0.0251495
-0.0288336
-0.031229
-0.0323917
-0.0323063
-0.0310141
-0.0286972
-0.0257394
-0.0225436
-0.0194153
-0.0166181
-0.0142402
-0.0120483
-0.00985818
-0.00780413
-0.00606962
-0.00458874
-0.0032016
-0.00186342
-0.000601062
-0.0232229
-0.0268329
-0.0292476
-0.0305406
-0.0306923
-0.0297323
-0.0278111
-0.0252395
-0.0223691
-0.0194775
-0.0167844
-0.0144083
-0.0122354
-0.0101148
-0.0080929
-0.00631106
-0.00476058
-0.0033272
-0.0019502
-0.000633736
-0.0217494
-0.025355
-0.027795
-0.0291857
-0.0295086
-0.028784
-0.027143
-0.0248485
-0.0222133
-0.0194985
-0.0168958
-0.0145314
-0.012367
-0.0102911
-0.00829846
-0.00649026
-0.00488911
-0.00341848
-0.00201257
-0.000657778
-0.0208147
-0.0243889
-0.0268566
-0.0283126
-0.0287397
-0.0281615
-0.0266983
-0.0245822
-0.0220991
-0.0195006
-0.016963
-0.0146116
-0.0124512
-0.0104012
-0.00842998
-0.00660848
-0.00497461
-0.00347796
-0.00205276
-0.000673516
-0.020475
-0.0239394
-0.0264182
-0.0278985
-0.0283671
-0.0278555
-0.0264776
-0.0244484
-0.0220398
-0.0194987
-0.0169946
-0.014651
-0.0124922
-0.0104542
-0.0084942
-0.00666717
-0.00501725
-0.00350719
-0.00207235
-0.000681211
-0.175051
-0.184827
-0.194656
-0.204619
-0.214805
-0.225312
-0.236251
-0.247736
-0.259881
-0.27279
-0.286527
-0.301093
-0.31632
-0.331875
-0.346977
-0.360703
-0.371312
-0.378088
-0.378927
-0.377948
-0.115033
-0.118818
-0.122339
-0.125582
-0.128533
-0.131173
-0.133483
-0.135441
-0.137027
-0.138226
-0.13903
-0.139463
-0.139569
-0.139486
-0.139388
-0.139671
-0.140673
-0.143228
-0.147671
-0.156031
-0.0849976
-0.0892199
-0.0934729
-0.0977666
-0.102111
-0.106519
-0.111001
-0.11557
-0.120237
-0.125014
-0.129909
-0.134925
-0.140051
-0.145265
-0.150506
-0.155694
-0.160673
-0.165299
-0.169322
-0.172653
-0.0690789
-0.071944
-0.0747741
-0.0775709
-0.0803357
-0.0830699
-0.0857745
-0.0884505
-0.0910984
-0.0937191
-0.0963135
-0.098884
-0.101435
-0.103974
-0.106518
-0.109092
-0.111745
-0.114547
-0.117659
-0.121326
-0.0562662
-0.0585146
-0.0607678
-0.0630283
-0.0652988
-0.0675817
-0.0698797
-0.0721954
-0.0745312
-0.0768899
-0.0792738
-0.0816851
-0.0841256
-0.0865956
-0.0890954
-0.0916198
-0.094169
-0.0967261
-0.0993239
-0.101954
-0.0480644
-0.0497936
-0.051522
-0.0532502
-0.054979
-0.0567092
-0.0584415
-0.060177
-0.0619165
-0.0636611
-0.0654118
-0.0671698
-0.0689367
-0.0707138
-0.0725041
-0.0743088
-0.0761379
-0.0779918
-0.0799226
-0.0819506
-0.0413685
-0.0427261
-0.0440863
-0.0454496
-0.0468164
-0.0481874
-0.049563
-0.050944
-0.0523309
-0.0537243
-0.0551249
-0.0565331
-0.0579497
-0.0593749
-0.06081
-0.062254
-0.0637118
-0.0651784
-0.0666862
-0.0682303
-0.0362148
-0.0373085
-0.0384037
-0.0395004
-0.040599
-0.0416995
-0.0428021
-0.0439072
-0.0450148
-0.0461255
-0.0472394
-0.0483568
-0.0494781
-0.0506036
-0.0517342
-0.0528692
-0.0540126
-0.0551608
-0.0563389
-0.057541
-0.0319836
-0.0328785
-0.0337742
-0.0346709
-0.0355685
-0.0364673
-0.0373673
-0.0382687
-0.0391717
-0.0400764
-0.040983
-0.0418917
-0.0428025
-0.0437157
-0.0446317
-0.04555
-0.046473
-0.0473979
-0.0483427
-0.0493007
-0.0285923
-0.0293322
-0.0300724
-0.030813
-0.0315539
-0.0322952
-0.0330369
-0.0337791
-0.0345219
-0.0352652
-0.0360093
-0.0367541
-0.0374997
-0.0382461
-0.0389937
-0.0397421
-0.0404929
-0.0412441
-0.042009
-0.0427823
-0.0257799
-0.0263966
-0.0270135
-0.0276305
-0.0282476
-0.0288648
-0.029482
-0.0300993
-0.0307167
-0.031334
-0.0319513
-0.0325686
-0.0331858
-0.033803
-0.0344203
-0.0350373
-0.0356552
-0.0362724
-0.0368986
-0.0375303
-0.0234025
-0.0239243
-0.024446
-0.0249676
-0.0254892
-0.0260105
-0.0265316
-0.0270523
-0.0275727
-0.0280927
-0.0286122
-0.0291311
-0.0296494
-0.0301671
-0.0306841
-0.0312001
-0.031716
-0.0322306
-0.0327507
-0.0332745
-0.021373
-0.0218199
-0.0222666
-0.0227132
-0.0231596
-0.0236057
-0.0240515
-0.0244969
-0.0249418
-0.0253862
-0.02583
-0.0262729
-0.0267151
-0.0271562
-0.0275964
-0.0280354
-0.0284736
-0.0289102
-0.02935
-0.0297923
-0.0196263
-0.0200074
-0.0203894
-0.0207721
-0.0211554
-0.0215393
-0.0219235
-0.0223079
-0.0226924
-0.0230768
-0.023461
-0.0238446
-0.0242277
-0.0246101
-0.0249915
-0.0253718
-0.0257512
-0.0261291
-0.0265089
-0.0268903
-0.0181038
-0.0184277
-0.0187548
-0.0190846
-0.0194168
-0.019751
-0.0200868
-0.020424
-0.0207621
-0.0211008
-0.0214399
-0.021779
-0.0221178
-0.0224562
-0.0227938
-0.0231303
-0.0234658
-0.0237999
-0.0241347
-0.0244704
-0.0163739
-0.0166757
-0.0169821
-0.0172921
-0.0176052
-0.0179207
-0.0182382
-0.018557
-0.0188768
-0.0191971
-0.0195174
-0.0198374
-0.0201568
-0.0204752
-0.0207924
-0.0211081
-0.0214221
-0.0217342
-0.0220457
-0.0223572
-0.0142943
-0.0146435
-0.014992
-0.0153397
-0.015686
-0.0160306
-0.0163733
-0.0167137
-0.0170516
-0.0173869
-0.0177192
-0.0180485
-0.0183746
-0.0186974
-0.0190167
-0.0193324
-0.0196446
-0.019953
-0.0202587
-0.0205623
-0.0118294
-0.0122949
-0.0127483
-0.0131901
-0.013621
-0.0140415
-0.014452
-0.0148531
-0.0152451
-0.0156284
-0.0160034
-0.0163704
-0.0167297
-0.0170816
-0.0174264
-0.0177643
-0.0180954
-0.0184201
-0.0187391
-0.0190529
-0.0110794
-0.0115318
-0.0119728
-0.0124029
-0.0128227
-0.0132329
-0.0136338
-0.0140259
-0.0144097
-0.0147855
-0.0151536
-0.0155144
-0.0158681
-0.0162149
-0.0165552
-0.0168892
-0.0172169
-0.0175387
-0.0178549
-0.0181655
-0.0132257
-0.013465
-0.0137104
-0.0139611
-0.0142163
-0.0144755
-0.0147379
-0.0150029
-0.0152702
-0.015539
-0.0158091
-0.0160799
-0.0163511
-0.0166223
-0.0168933
-0.0171636
-0.0174331
-0.0177014
-0.0179683
-0.0182334
0.073008
0.0443362
0.0233572
0.0135287
0.00478479
-0.00714292
-0.0205819
-0.0335568
-0.0457519
-0.0575914
-0.0693276
-0.0809333
-0.0923113
-0.103416
-0.114253
-0.124845
-0.135214
-0.145383
-0.155384
-0.165257
0.0165061
0.00266844
-0.0093462
-0.016727
-0.0223154
-0.0288017
-0.0363359
-0.0439142
-0.0509565
-0.0575176
-0.0638227
-0.0699691
-0.0759326
-0.0816673
-0.0871542
-0.0923964
-0.0974011
-0.102171
-0.106702
-0.110992
0.0037239
-0.00226526
-0.00745359
-0.0119594
-0.0161541
-0.0204495
-0.0249737
-0.0295785
-0.034095
-0.0384843
-0.0427974
-0.0470845
-0.0513595
-0.0556151
-0.0598452
-0.0640522
-0.0682434
-0.0724265
-0.0766087
-0.0807966
-0.00327473
-0.00692971
-0.0103414
-0.0138574
-0.0174408
-0.0209963
-0.0245076
-0.0279873
-0.0314303
-0.0348233
-0.0381626
-0.0414531
-0.0446991
-0.0479012
-0.051058
-0.0541687
-0.0572343
-0.0602564
-0.0632368
-0.066177
-0.00839725
-0.0113294
-0.0138471
-0.0162858
-0.0187997
-0.0213431
-0.0238483
-0.0263012
-0.0287168
-0.0311068
-0.0334739
-0.0358179
-0.0381404
-0.0404439
-0.0427315
-0.0450056
-0.0472689
-0.049524
-0.0517735
-0.0540201
-0.0120937
-0.0144316
-0.0162646
-0.0179558
-0.0197294
-0.0215767
-0.0234247
-0.0252412
-0.0270331
-0.0288146
-0.0305913
-0.0323627
-0.0341274
-0.0358853
-0.0376372
-0.0393841
-0.0411267
-0.0428655
-0.044601
-0.0463338
-0.0140675
-0.0158633
-0.0171609
-0.0183527
-0.0196466
-0.0210251
-0.0224154
-0.0237847
-0.0251379
-0.0264877
-0.0278397
-0.0291934
-0.0305468
-0.0318992
-0.0332508
-0.0346021
-0.0359537
-0.0373058
-0.0386587
-0.0400128
-0.0145446
-0.0159482
-0.016958
-0.017878
-0.0188774
-0.0199514
-0.0210442
-0.0221266
-0.0231993
-0.0242714
-0.0253476
-0.0264278
-0.0275104
-0.0285943
-0.0296792
-0.0307653
-0.0318528
-0.0329414
-0.0340313
-0.0351224
-0.014337
-0.0153325
-0.016137
-0.0169268
-0.0177696
-0.0186508
-0.0195408
-0.0204261
-0.0213074
-0.022189
-0.0230734
-0.0239602
-0.0248487
-0.0257381
-0.0266282
-0.0275191
-0.0284106
-0.0293029
-0.0301958
-0.0310894
-0.0140681
-0.0147441
-0.0153824
-0.0160728
-0.0168032
-0.0175433
-0.0182792
-0.0190112
-0.0197429
-0.0204762
-0.0212111
-0.0219472
-0.0226839
-0.0234211
-0.0241588
-0.0248969
-0.0256353
-0.0263741
-0.0271132
-0.0278526
-0.0138211
-0.0142868
-0.0147841
-0.0153658
-0.0159846
-0.0166016
-0.0172087
-0.0178123
-0.0184176
-0.019026
-0.0196363
-0.0202478
-0.02086
-0.021473
-0.0220867
-0.0227011
-0.023316
-0.0239315
-0.0245473
-0.0251635
-0.0134111
-0.0137024
-0.0140769
-0.014571
-0.0151075
-0.0156353
-0.0161482
-0.0166565
-0.0171676
-0.0176826
-0.0181997
-0.0187178
-0.0192364
-0.0197556
-0.0202754
-0.0207958
-0.0213166
-0.0218378
-0.0223592
-0.0228808
-0.0128083
-0.012948
-0.0132434
-0.0136958
-0.0141907
-0.0146648
-0.0151152
-0.0155579
-0.0160027
-0.0164507
-0.0168997
-0.0173482
-0.017796
-0.0182434
-0.0186906
-0.0191378
-0.019585
-0.0200321
-0.0204791
-0.0209261
-0.012535
-0.012527
-0.0127525
-0.0131586
-0.0135992
-0.0140062
-0.0143823
-0.014749
-0.0151182
-0.0154911
-0.0158652
-0.0162391
-0.0166125
-0.0169861
-0.0173603
-0.0177355
-0.0181117
-0.0184888
-0.018867
-0.0192461
-0.0131599
-0.0129708
-0.0130314
-0.0132829
-0.0135762
-0.0138434
-0.0140872
-0.014329
-0.0145802
-0.0148419
-0.0151114
-0.0153867
-0.0156675
-0.0159538
-0.0162459
-0.0165436
-0.0168465
-0.0171543
-0.0174667
-0.0177833
-0.0133379
-0.0129046
-0.0127112
-0.0127583
-0.012888
-0.0130151
-0.0131347
-0.0132659
-0.0134193
-0.0135947
-0.0137884
-0.0139971
-0.0142195
-0.0144546
-0.0147015
-0.0149592
-0.0152267
-0.0155028
-0.0157866
-0.0160773
-0.0103327
-0.00898647
-0.00848709
-0.00872907
-0.00915861
-0.009505
-0.00976783
-0.0100177
-0.0102921
-0.0105914
-0.0109048
-0.0112254
-0.0115512
-0.0118822
-0.0122183
-0.0125588
-0.0129025
-0.0132486
-0.0135963
-0.0139451
-0.00503142
-0.000628219
0.000725368
-0.000307819
-0.00182031
-0.00294169
-0.00369865
-0.00433807
-0.00499064
-0.0056642
-0.00632931
-0.00696832
-0.00758008
-0.00816948
-0.00874031
-0.00929414
-0.00983149
-0.0103529
-0.0108591
-0.011351
-0.00758648
-0.000609046
0.00177446
0.000658823
-0.0011596
-0.00242886
-0.00318802
-0.00378683
-0.00441002
-0.00506976
-0.00572568
-0.00635336
-0.00695092
-0.0075247
-0.00807968
-0.0086178
-0.00913969
-0.0096459
-0.0101373
-0.0106148
-0.0135192
-0.0117589
-0.0110308
-0.0110134
-0.011148
-0.0112022
-0.0111923
-0.0111884
-0.0112239
-0.0112973
-0.0113973
-0.0115165
-0.0116525
-0.0118047
-0.0119724
-0.012154
-0.0123483
-0.0125537
-0.0127692
-0.0129935
0.115966
0.116478
0.117523
0.119094
0.121191
0.123829
0.127026
0.130806
0.135182
0.14016
0.145722
0.151811
0.158312
0.164991
0.17142
0.176797
0.179577
0.176707
0.161518
0.119031
0.106987
0.107361
0.108064
0.109118
0.110485
0.112188
0.114158
0.116427
0.118863
0.121495
0.124068
0.126585
0.128548
0.129874
0.129571
0.127288
0.120941
0.109234
0.0870015
0.0483857
0.0963941
0.0965893
0.0969334
0.097438
0.09807
0.0988221
0.0996192
0.100433
0.101131
0.10165
0.101764
0.10134
0.0999924
0.0974494
0.0930654
0.0863269
0.0762652
0.0621942
0.0434054
0.0200779
0.0848645
0.0848919
0.0849216
0.0849528
0.084964
0.0849249
0.0847744
0.084446
0.0838379
0.0828415
0.0813019
0.0790476
0.0758556
0.0714786
0.0656555
0.0581292
0.0487655
0.0374415
0.0240837
0.00773233
0.0730845
0.0729893
0.0727887
0.0724772
0.072042
0.0714476
0.0706491
0.0695765
0.0681606
0.0663016
0.0639127
0.060866
0.057074
0.0524014
0.046807
0.0401822
0.0325404
0.0236647
0.013284
0.000416821
0.0616217
0.0614534
0.0611125
0.0605934
0.0598893
0.0589713
0.0578093
0.0563499
0.0545513
0.0523463
0.0496958
0.0465288
0.0428251
0.0385194
0.0336164
0.0280256
0.0217055
0.0143936
0.0057955
-0.00485119
0.0508657
0.0506636
0.0502567
0.049641
0.048813
0.047754
0.0464465
0.0448567
0.0429627
0.0407257
0.03813
0.0351375
0.0317444
0.0279091
0.0236322
0.0188437
0.0135103
0.00745053
0.000427091
-0.0082669
0.041032
0.0408225
0.0404014
0.0397655
0.0389133
0.0378342
0.0365195
0.0349504
0.0331164
0.0309957
0.0285812
0.0258488
0.0227954
0.0193912
0.0156367
0.0114919
0.0069567
0.00194976
-0.00362029
-0.0101318
0.0322017
0.032
0.0315951
0.0309838
0.0301652
0.0291335
0.0278854
0.026411
0.0247063
0.0227585
0.0205652
0.0181113
0.0153973
0.0124044
0.00913872
0.00558003
0.00174908
-0.00236637
-0.00671172
-0.0112818
0.0243664
0.0241799
0.023806
0.0232407
0.0224836
0.021531
0.0203829
0.0190344
0.0174855
0.0157292
0.0137679
0.0115947
0.00921763
0.00663097
0.00385126
0.000874746
-0.00226351
-0.00554185
-0.00884306
-0.0120047
0.0174684
0.0172996
0.0169612
0.0164489
0.0157625
0.0148997
0.0138633
0.012651
0.0112662
0.00970574
0.00797537
0.0060743
0.00401728
0.00181154
-0.000511518
-0.00293326
-0.00540135
-0.00788158
-0.0102646
-0.0123888
0.0114301
0.0112786
0.010974
0.0105126
0.00989446
0.00911931
0.00819182
0.00711269
0.00588806
0.00451775
0.00300991
0.00136563
-0.000398943
-0.00227232
-0.00421392
-0.00618244
-0.00809128
-0.00986271
-0.0113685
-0.0124847
0.00617369
0.00603675
0.00576029
0.00534156
0.00478115
0.00408065
0.00324633
0.0022819
0.0011971
-4.87972e-06
-0.00131122
-0.00272057
-0.00421597
-0.00579472
-0.00742069
-0.00905781
-0.0105878
-0.0118544
-0.0125615
-0.0123805
0.00163255
0.00150569
0.00124926
0.000861249
0.000342183
-0.000305088
-0.00107383
-0.00195787
-0.00294481
-0.00402658
-0.00518325
-0.0064064
-0.00766923
-0.0089697
-0.0102759
-0.0115818
-0.01279
-0.0137383
-0.0139537
-0.0126365
-0.00224298
-0.00236473
-0.00260998
-0.00298101
-0.00347739
-0.00409673
-0.00483292
-0.00567987
-0.00662579
-0.00765999
-0.0087592
-0.00990183
-0.0110435
-0.0121482
-0.0131524
-0.0140238
-0.0146944
-0.015105
-0.0149876
-0.0137644
-0.00548297
-0.00560354
-0.0058461
-0.00621308
-0.00670464
-0.00731929
-0.0080531
-0.00890177
-0.00985863
-0.0109159
-0.0120592
-0.0132656
-0.0144902
-0.0156595
-0.0166509
-0.0173044
-0.017438
-0.0169498
-0.0158906
-0.0145174
-0.00809757
-0.00821966
-0.00846632
-0.00883939
-0.00934044
-0.00996803
-0.0107218
-0.0115981
-0.0125975
-0.0137159
-0.0149574
-0.0163161
-0.0177905
-0.0193404
-0.0208801
-0.0221826
-0.0228461
-0.0222231
-0.019559
-0.0141647
-0.0100804
-0.0102059
-0.0104604
-0.0108455
-0.0113639
-0.0120151
-0.0128013
-0.0137199
-0.0147755
-0.015965
-0.0173024
-0.0187925
-0.0204803
-0.0224027
-0.0246507
-0.0272076
-0.0298465
-0.0314737
-0.0293792
-0.0175474
-0.0114161
-0.0115458
-0.0118082
-0.0122058
-0.0127416
-0.0134175
-0.0142363
-0.0151999
-0.016312
-0.0175753
-0.018996
-0.0205786
-0.0223399
-0.0243063
-0.0265586
-0.029226
-0.0324787
-0.0360274
-0.0375211
-0.0272551
-0.0120889
-0.0122214
-0.0124885
-0.012894
-0.0134404
-0.014132
-0.014971
-0.015964
-0.0171136
-0.0184295
-0.0199122
-0.0215676
-0.0233697
-0.0252713
-0.0271124
-0.028608
-0.0291914
-0.0281206
-0.0246499
-0.0190066
0.126159
0.126719
0.127974
0.129828
0.132425
0.135666
0.139792
0.144662
0.150654
0.157558
0.165964
0.175556
0.187272
0.200615
0.217165
0.23607
0.260197
0.287932
0.324757
0.367223
0.126123
0.126684
0.127938
0.129791
0.132387
0.135626
0.139751
0.144618
0.150606
0.157505
0.165903
0.175485
0.187185
0.200506
0.217018
0.235872
0.259906
0.287504
0.324094
0.366163
0.126052
0.126612
0.127866
0.129717
0.132311
0.135547
0.139668
0.144529
0.150509
0.157399
0.165781
0.175343
0.18701
0.200288
0.216725
0.235476
0.259326
0.286651
0.322771
0.36405
0.125945
0.126505
0.127757
0.129607
0.132197
0.135429
0.139543
0.144397
0.150365
0.157239
0.165599
0.175131
0.186749
0.199963
0.216286
0.234885
0.258459
0.285377
0.320794
0.360894
0.125803
0.126363
0.127613
0.12946
0.132046
0.135272
0.139378
0.144221
0.150174
0.157027
0.165357
0.174848
0.186403
0.199531
0.215706
0.234103
0.25731
0.283692
0.318173
0.356711
0.125626
0.126186
0.127433
0.129277
0.131857
0.135076
0.139172
0.144001
0.149936
0.156763
0.165057
0.174497
0.185973
0.198995
0.214986
0.233132
0.255885
0.281605
0.314919
0.351525
0.125414
0.125974
0.127218
0.129058
0.131632
0.134843
0.138927
0.14374
0.149652
0.156449
0.164699
0.174079
0.185462
0.198356
0.21413
0.231978
0.254191
0.279128
0.311045
0.34536
0.125168
0.125727
0.126969
0.128804
0.131371
0.134572
0.138642
0.143436
0.149323
0.156084
0.164285
0.173594
0.184871
0.197617
0.213143
0.230646
0.252238
0.276275
0.306568
0.338251
0.124888
0.125447
0.126685
0.128515
0.131074
0.134264
0.138318
0.143092
0.14895
0.155671
0.163816
0.173045
0.184204
0.19678
0.212031
0.229143
0.250036
0.273064
0.301508
0.330233
0.124574
0.125133
0.126368
0.128193
0.130742
0.13392
0.137958
0.142707
0.148534
0.15521
0.163294
0.172434
0.183463
0.19585
0.210799
0.227476
0.247597
0.26951
0.295884
0.321352
0.124226
0.124786
0.126017
0.127837
0.130376
0.133542
0.13756
0.142284
0.148076
0.154703
0.16272
0.171761
0.182652
0.194829
0.209453
0.22565
0.244936
0.265632
0.289723
0.311653
0.123846
0.124406
0.125635
0.127448
0.129977
0.133129
0.137127
0.141824
0.147578
0.154152
0.162097
0.171031
0.181773
0.193722
0.208
0.223674
0.242066
0.261448
0.28305
0.301189
0.123434
0.123995
0.12522
0.127028
0.129546
0.132683
0.136659
0.141327
0.147042
0.153558
0.161427
0.170245
0.180829
0.192531
0.206447
0.221555
0.239006
0.256977
0.275898
0.290015
0.12299
0.123553
0.124775
0.126577
0.129084
0.132205
0.136158
0.140795
0.146467
0.152923
0.160712
0.169407
0.179826
0.191263
0.204802
0.219303
0.235773
0.252237
0.268301
0.278184
0.122515
0.123081
0.1243
0.126096
0.12859
0.131696
0.135624
0.140229
0.145856
0.152248
0.159953
0.168517
0.178764
0.18992
0.203071
0.216924
0.232388
0.247246
0.260305
0.265743
0.122009
0.122579
0.123796
0.125585
0.128067
0.131156
0.135059
0.139628
0.145209
0.151533
0.159148
0.167575
0.177641
0.188501
0.201252
0.214421
0.228863
0.242018
0.251963
0.252733
0.121474
0.122049
0.123264
0.125048
0.127517
0.130587
0.134463
0.138998
0.144528
0.150782
0.158303
0.166587
0.176466
0.187015
0.199357
0.211808
0.225218
0.236568
0.243336
0.239184
0.12091
0.121491
0.122707
0.124488
0.126946
0.130002
0.133854
0.138356
0.143842
0.15003
0.157463
0.165605
0.175302
0.185536
0.19747
0.20917
0.221546
0.23095
0.234469
0.224992
0.120317
0.120907
0.122126
0.123907
0.126359
0.129405
0.13324
0.137718
0.143167
0.149299
0.156655
0.164666
0.174192
0.184116
0.19565
0.206571
0.217911
0.225203
0.225381
0.20947
0.119691
0.120284
0.121496
0.123266
0.125694
0.128712
0.132498
0.136923
0.142286
0.148319
0.15552
0.163344
0.172587
0.182136
0.193131
0.203259
0.213494
0.218854
0.216171
0.192921
0.119691
0.120283
0.121495
0.123265
0.125692
0.12871
0.132495
0.136919
0.142281
0.148313
0.155513
0.163336
0.172577
0.182124
0.193117
0.203241
0.213473
0.218829
0.216139
0.192882
0.120316
0.120906
0.122125
0.123905
0.126357
0.129403
0.133237
0.137714
0.143162
0.149294
0.156648
0.164658
0.174183
0.184104
0.195636
0.206554
0.217891
0.225179
0.225351
0.209433
0.120909
0.12149
0.122706
0.124486
0.126945
0.13
0.133852
0.138353
0.143838
0.150025
0.157457
0.165597
0.175293
0.185525
0.197457
0.209154
0.221528
0.230927
0.234442
0.224958
0.121473
0.122048
0.123262
0.125046
0.127515
0.130585
0.134461
0.138994
0.144524
0.150777
0.158298
0.166579
0.176457
0.187005
0.199344
0.211793
0.2252
0.236547
0.243311
0.239152
0.122008
0.122578
0.123795
0.125584
0.128066
0.131154
0.135056
0.139625
0.145205
0.151528
0.159142
0.167568
0.177633
0.188491
0.20124
0.214408
0.228846
0.241998
0.251939
0.252704
0.122514
0.12308
0.124299
0.126095
0.128589
0.131694
0.135622
0.140226
0.145853
0.152244
0.159947
0.168511
0.178756
0.189911
0.20306
0.216911
0.232373
0.247227
0.260283
0.265717
0.122989
0.123553
0.124774
0.126576
0.129082
0.132203
0.136156
0.140792
0.146464
0.152919
0.160707
0.169401
0.179819
0.191254
0.204792
0.219291
0.235759
0.25222
0.268281
0.278159
0.123433
0.123995
0.12522
0.127027
0.129545
0.132681
0.136657
0.141324
0.147039
0.153554
0.161423
0.17024
0.180823
0.192523
0.206438
0.221544
0.238992
0.256961
0.275879
0.289993
0.123845
0.124406
0.125634
0.127447
0.129976
0.133127
0.137125
0.141821
0.147576
0.154148
0.162093
0.171026
0.181767
0.193714
0.207991
0.223664
0.242054
0.261434
0.283033
0.301169
0.124226
0.124785
0.126017
0.127836
0.130375
0.13354
0.137558
0.142282
0.148074
0.1547
0.162716
0.171757
0.182646
0.194823
0.209445
0.225641
0.244925
0.265619
0.289707
0.311635
0.124573
0.125132
0.126367
0.128192
0.130741
0.133919
0.137956
0.142705
0.148532
0.155207
0.16329
0.172429
0.183458
0.195844
0.210792
0.227467
0.247588
0.269498
0.29587
0.321335
0.124887
0.125446
0.126685
0.128514
0.131073
0.134263
0.138317
0.14309
0.148948
0.155668
0.163813
0.173041
0.184199
0.196775
0.212025
0.229136
0.250027
0.273053
0.301495
0.330219
0.125168
0.125727
0.126968
0.128803
0.13137
0.134571
0.138641
0.143434
0.149321
0.156082
0.164282
0.173591
0.184867
0.197612
0.213138
0.23064
0.25223
0.276266
0.306557
0.338238
0.125414
0.125973
0.127218
0.129057
0.131631
0.134842
0.138926
0.143738
0.14965
0.156447
0.164696
0.174076
0.185458
0.198352
0.214125
0.231972
0.254184
0.27912
0.311035
0.345349
0.125626
0.126185
0.127433
0.129276
0.131857
0.135076
0.139171
0.144
0.149935
0.156762
0.165055
0.174495
0.18597
0.198991
0.214981
0.233127
0.255879
0.281598
0.314911
0.351515
0.125803
0.126363
0.127613
0.129459
0.132045
0.135271
0.139377
0.14422
0.150173
0.157026
0.165356
0.174846
0.1864
0.199528
0.215702
0.234099
0.257305
0.283686
0.318167
0.356704
0.125945
0.126505
0.127757
0.129606
0.132197
0.135429
0.139543
0.144396
0.150364
0.157238
0.165598
0.175129
0.186747
0.199961
0.216284
0.234882
0.258455
0.285373
0.320789
0.360888
0.126052
0.126612
0.127865
0.129717
0.132311
0.135547
0.139667
0.144529
0.150509
0.157398
0.16578
0.175342
0.187009
0.200287
0.216723
0.235474
0.259323
0.286648
0.322768
0.364045
0.126123
0.126684
0.127938
0.129791
0.132387
0.135626
0.139751
0.144618
0.150605
0.157505
0.165903
0.175484
0.187184
0.200505
0.217017
0.235871
0.259905
0.287502
0.324092
0.366161
0.126158
0.126719
0.127974
0.129828
0.132425
0.135666
0.139792
0.144662
0.150654
0.157558
0.165964
0.175556
0.187272
0.200615
0.217165
0.23607
0.260197
0.287931
0.324756
0.367222
-0.0124096
-0.0125486
-0.0128299
-0.013257
-0.0138341
-0.0145669
-0.0154619
-0.0165283
-0.0177783
-0.0192292
-0.0209056
-0.0228415
-0.0250862
-0.0277008
-0.0307598
-0.0342914
-0.0381394
-0.0414249
-0.0411851
-0.0284609
-0.0117065
-0.0118413
-0.0121138
-0.0125274
-0.0130851
-0.0137905
-0.0146478
-0.0156619
-0.0168396
-0.0181888
-0.0197215
-0.0214472
-0.0233776
-0.0254998
-0.0277674
-0.0299953
-0.0317691
-0.0321132
-0.0291741
-0.0193623
-0.0103174
-0.0104455
-0.0107041
-0.0110958
-0.0116224
-0.0122844
-0.0130818
-0.0140136
-0.0150782
-0.0162716
-0.0175871
-0.0190084
-0.020506
-0.0220185
-0.0234361
-0.0245643
-0.025083
-0.0244905
-0.0219745
-0.0161157
-0.00827052
-0.00839197
-0.00863691
-0.00900722
-0.00950336
-0.0101231
-0.0108628
-0.011716
-0.0126753
-0.0137281
-0.0148581
-0.0160395
-0.0172351
-0.0183927
-0.019433
-0.0202516
-0.0206667
-0.0203895
-0.0187783
-0.0145787
-0.00559339
-0.00571086
-0.00594782
-0.00630568
-0.00678423
-0.00737944
-0.00808588
-0.00889475
-0.00979625
-0.0107768
-0.0118198
-0.012905
-0.0140043
-0.0150875
-0.0161012
-0.016979
-0.0175664
-0.0176074
-0.0165383
-0.0134048
-0.00230108
-0.00241918
-0.00265757
-0.00301777
-0.00349929
-0.0040981
-0.00480811
-0.00562132
-0.00652778
-0.00751734
-0.00857511
-0.00968854
-0.0108336
-0.0119903
-0.0131081
-0.0141281
-0.0149085
-0.0152462
-0.01474
-0.012802
0.00161217
0.00148807
0.00123756
0.000858486
0.000351377
-0.000281015
-0.00103248
-0.00189752
-0.0028663
-0.00393268
-0.0050821
-0.00630655
-0.00758191
-0.00889172
-0.0101879
-0.0114234
-0.0124871
-0.0132435
-0.0134245
-0.01266
0.00617653
0.00604132
0.00576889
0.00535605
0.00480334
0.00411164
0.00328689
0.00233188
0.00125576
6.16148e-05
-0.00123697
-0.00263461
-0.00410879
-0.00564666
-0.00720737
-0.00875826
-0.0102173
-0.0114973
-0.0124075
-0.0126855
0.0114451
0.0112947
0.0109926
0.0105347
0.00992138
0.00915169
0.00823052
0.00715832
0.00594217
0.00458238
0.00308957
0.00146597
-0.000270192
-0.00211096
-0.00402318
-0.00598505
-0.00793152
-0.00980203
-0.0114447
-0.0126518
0.0174886
0.0173206
0.0169839
0.016474
0.0157909
0.0149324
0.0139012
0.0126955
0.011319
0.0097686
0.00805045
0.00616209
0.00411588
0.00191315
-0.000420685
-0.00287328
-0.00538977
-0.00792282
-0.0103354
-0.0124425
0.0243879
0.0242019
0.0238292
0.0232658
0.0225111
0.0215617
0.0204175
0.0190736
0.0175296
0.0157783
0.0138207
0.0116484
0.00926718
0.00666987
0.00387295
0.000876087
-0.00227905
-0.00556316
-0.00885819
-0.0120149
0.0322219
0.0320206
0.0316165
0.0310063
0.0301891
0.0291591
0.0279128
0.0264401
0.0247364
0.0227886
0.0205934
0.0181354
0.0154149
0.0124143
0.00914158
0.0055792
0.00174943
-0.00236148
-0.00670585
-0.0112896
0.0410492
0.0408399
0.0404191
0.0397835
0.0389316
0.0378528
0.0365382
0.0349687
0.0331337
0.031011
0.0285938
0.0258581
0.0228016
0.019395
0.0156398
0.0114959
0.00696197
0.00195404
-0.00362267
-0.0101507
0.0508789
0.0506768
0.0502698
0.0496538
0.0488255
0.047766
0.0464577
0.0448668
0.0429713
0.0407326
0.0381352
0.0351411
0.0317466
0.0279104
0.0236325
0.0188424
0.0135057
0.00744043
0.00040939
-0.00829271
0.0616309
0.0614624
0.0611212
0.0606016
0.0598969
0.0589781
0.0578151
0.0563546
0.0545547
0.0523485
0.0496965
0.0465281
0.0428228
0.0385151
0.0336094
0.0280149
0.0216902
0.014373
0.0057702
-0.00487905
0.07309
0.0729946
0.0727937
0.0724816
0.0720458
0.0714505
0.0706511
0.0695774
0.0681603
0.0662998
0.0639093
0.0608608
0.0570664
0.0523909
0.0467932
0.0401645
0.0325187
0.0236392
0.0132547
0.000383063
0.0848672
0.0848945
0.0849238
0.0849545
0.084965
0.0849251
0.0847736
0.084444
0.0838346
0.0828365
0.0812949
0.0790383
0.0758436
0.0714637
0.0656372
0.0581074
0.04874
0.037412
0.0240496
0.00769242
0.0963948
0.0965899
0.0969336
0.0974378
0.0980691
0.0988204
0.0996165
0.100429
0.101125
0.101643
0.101755
0.101329
0.0999781
0.0974321
0.0930448
0.0863026
0.0762369
0.0621612
0.0433671
0.0200324
0.106987
0.10736
0.108063
0.109117
0.110483
0.112186
0.114155
0.116422
0.118857
0.121487
0.124058
0.126573
0.128534
0.129857
0.12955
0.127263
0.120912
0.109199
0.0869606
0.0483373
0.115965
0.116477
0.117522
0.119093
0.121189
0.123826
0.127023
0.130801
0.135177
0.140153
0.145713
0.151801
0.1583
0.164976
0.171402
0.176775
0.17955
0.176675
0.161478
0.118981
-0.00721175
0.000144401
0.00259995
0.00146319
-0.000347953
-0.00157905
-0.00229905
-0.00287193
-0.00348041
-0.00413117
-0.00478128
-0.00540613
-0.0060041
-0.00658135
-0.00714235
-0.00768853
-0.00822009
-0.00873729
-0.00924072
-0.00973109
-0.00900834
-0.00541853
-0.00413826
-0.00464345
-0.00552781
-0.00615299
-0.00653678
-0.00685734
-0.00720829
-0.00759399
-0.00799166
-0.00838707
-0.00877799
-0.00916661
-0.00955445
-0.0099415
-0.0103271
-0.0107107
-0.0110918
-0.0114702
-0.0112846
-0.00956893
-0.00887205
-0.00904183
-0.00943661
-0.00973598
-0.00993186
-0.0101055
-0.0103043
-0.0105322
-0.0107776
-0.0110325
-0.0112943
-0.0115633
-0.0118397
-0.0121229
-0.012412
-0.012706
-0.0130042
-0.0133059
-0.0114952
-0.0103812
-0.00998773
-0.0102213
-0.010618
-0.0109405
-0.0111807
-0.0113995
-0.0116333
-0.0118862
-0.0121503
-0.0124196
-0.0126926
-0.0129698
-0.0132516
-0.013538
-0.0138283
-0.0141222
-0.0144191
-0.0147187
-0.0115217
-0.01085
-0.0107115
-0.0110316
-0.011463
-0.011831
-0.0121328
-0.0124154
-0.0127065
-0.0130091
-0.0133171
-0.0136263
-0.0139359
-0.0142466
-0.0145591
-0.0148733
-0.0151892
-0.0155066
-0.0158252
-0.0161449
-0.0119757
-0.0116805
-0.0117227
-0.0120646
-0.0124806
-0.0128559
-0.0131889
-0.0135105
-0.0138385
-0.0141746
-0.0145145
-0.0148556
-0.0151971
-0.0155396
-0.0158835
-0.0162286
-0.0165749
-0.0169222
-0.0172704
-0.0176193
-0.0126353
-0.012618
-0.0127926
-0.0131534
-0.013565
-0.0139549
-0.0143209
-0.0146813
-0.0150472
-0.0154194
-0.0157952
-0.0161729
-0.0165519
-0.0169324
-0.0173145
-0.0176982
-0.0180832
-0.0184694
-0.0188565
-0.0192445
-0.0132238
-0.0133987
-0.0136841
-0.0140925
-0.0145387
-0.0149735
-0.0153935
-0.0158104
-0.0162315
-0.0166575
-0.0170868
-0.017518
-0.0179507
-0.0183851
-0.0188212
-0.0192587
-0.0196977
-0.0201379
-0.0205791
-0.0210211
-0.0136335
-0.0139588
-0.0143539
-0.0148422
-0.0153624
-0.0158752
-0.0163764
-0.0168746
-0.0173755
-0.01788
-0.0183869
-0.0188951
-0.0194045
-0.019915
-0.0204267
-0.0209396
-0.0214535
-0.0219683
-0.0224839
-0.0230002
-0.0138788
-0.0143551
-0.0148682
-0.0154594
-0.0160826
-0.0167022
-0.0173116
-0.0179171
-0.0185237
-0.0191326
-0.0197428
-0.0203537
-0.0209649
-0.0215766
-0.0221888
-0.0228014
-0.0234145
-0.0240279
-0.0246417
-0.0252559
-0.01408
-0.0147582
-0.0154024
-0.0160994
-0.0168356
-0.0175805
-0.0183209
-0.019057
-0.0197924
-0.0205289
-0.0212667
-0.0220052
-0.022744
-0.0234829
-0.024222
-0.0249612
-0.0257005
-0.0264399
-0.0271794
-0.027919
-0.014358
-0.0153571
-0.016163
-0.0169538
-0.0177983
-0.0186817
-0.0195739
-0.0204614
-0.0213447
-0.0222284
-0.0231146
-0.0240032
-0.0248933
-0.0257842
-0.0266757
-0.0275678
-0.0284605
-0.0293537
-0.0302474
-0.0311416
-0.0145756
-0.0159819
-0.0169919
-0.0179116
-0.0189113
-0.019986
-0.0210797
-0.0221631
-0.0232366
-0.0243096
-0.0253867
-0.0264678
-0.0275512
-0.0286359
-0.0297217
-0.0308086
-0.0318967
-0.032986
-0.0340765
-0.0351681
-0.0140983
-0.0158952
-0.0171933
-0.0183856
-0.01968
-0.0210593
-0.0224503
-0.0238203
-0.0251742
-0.0265246
-0.0278773
-0.0292316
-0.0305857
-0.0319387
-0.0332909
-0.0346428
-0.035995
-0.0373476
-0.0387009
-0.0400554
-0.0121248
-0.0144637
-0.0162972
-0.0179889
-0.0197632
-0.0216112
-0.0234599
-0.0252771
-0.0270697
-0.0288518
-0.0306292
-0.0324012
-0.0341666
-0.035925
-0.0376775
-0.039425
-0.0411681
-0.0429073
-0.0446432
-0.0463764
-0.00843458
-0.0113673
-0.0138847
-0.0163234
-0.018838
-0.0213821
-0.023888
-0.0263416
-0.0287577
-0.0311483
-0.0335159
-0.0358606
-0.0381836
-0.0404877
-0.0427758
-0.0450504
-0.0473142
-0.0495698
-0.0518197
-0.0540666
-0.00331921
-0.0069749
-0.0103861
-0.0139021
-0.0174863
-0.0210426
-0.0245546
-0.0280349
-0.0314785
-0.0348721
-0.0382121
-0.0415032
-0.0447499
-0.0479526
-0.0511099
-0.0542213
-0.0572874
-0.06031
-0.0632909
-0.0662316
0.00367264
-0.00231761
-0.00750577
-0.0120119
-0.0162076
-0.0205042
-0.0250292
-0.0296349
-0.0341523
-0.0385424
-0.0428564
-0.0471444
-0.0514202
-0.0556766
-0.0599075
-0.0641153
-0.0683072
-0.0724911
-0.0766739
-0.0808625
0.0164508
0.002611
-0.0094048
-0.0167869
-0.0223769
-0.0288649
-0.0364007
-0.0439808
-0.0510248
-0.0575876
-0.0638944
-0.0700425
-0.0760078
-0.0817442
-0.0872328
-0.0924768
-0.0974833
-0.102255
-0.106788
-0.11108
0.0729527
0.0442778
0.023296
0.0134654
0.00471943
-0.00721061
-0.0206521
-0.0336295
-0.0458272
-0.0576694
-0.0694082
-0.0810166
-0.0923973
-0.103505
-0.114345
-0.124939
-0.135311
-0.145483
-0.155487
-0.165363
-0.0102091
-0.0106753
-0.0111302
-0.0115744
-0.0120083
-0.0124323
-0.0128469
-0.0132524
-0.0136492
-0.0140376
-0.014418
-0.0147906
-0.0151557
-0.0155135
-0.0158643
-0.0162084
-0.0165458
-0.0168768
-0.0172018
-0.0175207
-0.0118458
-0.0122183
-0.0125876
-0.0129533
-0.0133154
-0.0136738
-0.0140283
-0.0143787
-0.0147251
-0.0150673
-0.0154052
-0.0157388
-0.0160681
-0.0163929
-0.0167133
-0.0170292
-0.0173406
-0.0176474
-0.0179501
-0.0182487
-0.0136105
-0.0139175
-0.0142262
-0.0145362
-0.014847
-0.0151582
-0.0154693
-0.0157799
-0.0160898
-0.0163986
-0.016706
-0.0170118
-0.0173156
-0.0176173
-0.0179166
-0.0182135
-0.0185076
-0.0187989
-0.0190878
-0.0193746
-0.0150207
-0.0153245
-0.01563
-0.0159367
-0.0162443
-0.0165524
-0.0168607
-0.017169
-0.0174769
-0.0177842
-0.0180906
-0.0183958
-0.0186996
-0.0190018
-0.0193022
-0.0196006
-0.0198969
-0.0201908
-0.0204833
-0.0207746
-0.0164656
-0.016787
-0.0171091
-0.0174316
-0.0177544
-0.0180771
-0.0183997
-0.0187219
-0.0190435
-0.0193643
-0.0196841
-0.0200028
-0.0203202
-0.020636
-0.0209501
-0.0212624
-0.0215728
-0.021881
-0.0221885
-0.0224957
-0.0179688
-0.0183188
-0.0186691
-0.0190196
-0.0193701
-0.0197204
-0.0200705
-0.0204201
-0.020769
-0.0211172
-0.0214645
-0.0218106
-0.0221555
-0.022499
-0.022841
-0.0231813
-0.02352
-0.0238566
-0.0241935
-0.024531
-0.0196332
-0.0200225
-0.0204121
-0.020802
-0.0211919
-0.0215818
-0.0219715
-0.0223608
-0.0227496
-0.0231377
-0.0235251
-0.0239115
-0.0242968
-0.0246809
-0.0250637
-0.0254449
-0.0258249
-0.0262031
-0.0265828
-0.0269639
-0.021464
-0.0219075
-0.0223514
-0.0227957
-0.0232401
-0.0236846
-0.0241291
-0.0245733
-0.0250173
-0.0254607
-0.0259036
-0.0263458
-0.0267872
-0.0272276
-0.0276671
-0.0281053
-0.0285427
-0.0289786
-0.0294177
-0.0298593
-0.023517
-0.0240344
-0.0245522
-0.0250703
-0.0255886
-0.0261069
-0.0266253
-0.0271437
-0.0276618
-0.0281797
-0.0286973
-0.0292144
-0.029731
-0.030247
-0.0307625
-0.0312771
-0.0317915
-0.0323047
-0.0328235
-0.033346
-0.0258703
-0.026485
-0.0270999
-0.027715
-0.0283304
-0.0289458
-0.0295614
-0.0301771
-0.0307929
-0.0314088
-0.0320248
-0.0326408
-0.0332568
-0.0338728
-0.0344889
-0.0351048
-0.0357217
-0.036338
-0.0369632
-0.037594
-0.0286587
-0.0293985
-0.0301386
-0.0308789
-0.0316194
-0.0323603
-0.0331015
-0.0338432
-0.0345854
-0.0353282
-0.0360716
-0.0368157
-0.0375607
-0.0383065
-0.0390534
-0.0398011
-0.0405513
-0.0413018
-0.0420659
-0.0428385
-0.0320364
-0.0329318
-0.0338278
-0.0347247
-0.0356224
-0.0365212
-0.0374212
-0.0383225
-0.0392253
-0.0401297
-0.041036
-0.0419443
-0.0428548
-0.0437676
-0.0446831
-0.0456009
-0.0465234
-0.0474477
-0.0483919
-0.0493492
-0.0362609
-0.037355
-0.0384505
-0.0395475
-0.0406462
-0.0417468
-0.0428494
-0.0439544
-0.045062
-0.0461725
-0.0472862
-0.0484033
-0.0495244
-0.0506495
-0.0517797
-0.0529143
-0.0540572
-0.0552049
-0.0563825
-0.0575839
-0.0414114
-0.0427694
-0.0441299
-0.0454933
-0.0468603
-0.0482313
-0.049607
-0.0509879
-0.0523747
-0.053768
-0.0551683
-0.0565763
-0.0579925
-0.0594174
-0.060852
-0.0622956
-0.0637529
-0.065219
-0.0667262
-0.0682697
-0.0481074
-0.0498369
-0.0515655
-0.0532939
-0.0550229
-0.0567531
-0.0584856
-0.060221
-0.0619605
-0.0637049
-0.0654554
-0.0672133
-0.0689799
-0.0707567
-0.0725467
-0.0743509
-0.0761796
-0.0780331
-0.0799635
-0.0819912
-0.0563131
-0.0585618
-0.0608152
-0.063076
-0.0653467
-0.0676298
-0.0699279
-0.0722435
-0.0745794
-0.076938
-0.0793219
-0.081733
-0.0841734
-0.0866432
-0.0891427
-0.0916668
-0.0942158
-0.0967725
-0.0993701
-0.102
-0.0691339
-0.0719994
-0.0748298
-0.0776269
-0.080392
-0.0831264
-0.0858313
-0.0885074
-0.0911554
-0.0937762
-0.0963707
-0.0989411
-0.101492
-0.104031
-0.106575
-0.109149
-0.111802
-0.114603
-0.117715
-0.121381
-0.085064
-0.0892869
-0.0935403
-0.0978343
-0.10218
-0.106587
-0.111069
-0.115638
-0.120305
-0.125083
-0.129977
-0.134993
-0.140119
-0.145332
-0.150572
-0.15576
-0.16074
-0.165366
-0.16939
-0.172722
-0.115123
-0.11891
-0.122432
-0.125678
-0.128631
-0.131273
-0.133585
-0.135546
-0.137135
-0.138336
-0.139144
-0.139579
-0.139689
-0.139609
-0.139515
-0.139801
-0.140805
-0.143363
-0.147809
-0.156176
-0.17516
-0.184939
-0.194772
-0.204738
-0.214927
-0.225438
-0.23638
-0.247868
-0.260017
-0.272931
-0.286673
-0.301244
-0.316477
-0.33204
-0.347152
-0.360891
-0.371516
-0.378314
-0.379175
-0.37822
-0.0202036
-0.0238562
-0.0263734
-0.0278792
-0.0283659
-0.0278614
-0.0264859
-0.024458
-0.0220496
-0.019508
-0.0170032
-0.0146586
-0.0124988
-0.0104598
-0.00849892
-0.006671
-0.00502018
-0.00350923
-0.00207356
-0.000681606
-0.020791
-0.0243721
-0.0268588
-0.028324
-0.0287523
-0.0281727
-0.0267091
-0.024593
-0.0221095
-0.0195102
-0.0169716
-0.0146193
-0.0124579
-0.0104069
-0.0084347
-0.00661231
-0.00497754
-0.00348
-0.00205397
-0.000673912
-0.0218586
-0.025382
-0.0278226
-0.0292125
-0.0295272
-0.0287976
-0.0271553
-0.0248602
-0.022224
-0.0195081
-0.0169045
-0.0145392
-0.0123737
-0.0102967
-0.00830316
-0.00649408
-0.00489202
-0.0034205
-0.00201377
-0.000658166
-0.0233436
-0.0268818
-0.0292784
-0.0305611
-0.0307054
-0.029744
-0.0278235
-0.0252514
-0.0223798
-0.0194871
-0.0167932
-0.0144162
-0.0122421
-0.0101204
-0.00809757
-0.00631484
-0.00476346
-0.00332918
-0.00195137
-0.000634115
-0.0252502
-0.0288959
-0.0312642
-0.0324059
-0.0323139
-0.0310244
-0.0287098
-0.0257514
-0.0225542
-0.019425
-0.016627
-0.0142481
-0.0120549
-0.0098637
-0.00780875
-0.00607337
-0.00459157
-0.00320354
-0.00186457
-0.000601434
-0.0276072
-0.0314745
-0.033838
-0.034798
-0.0343901
-0.0326555
-0.0298084
-0.026337
-0.0227131
-0.0192918
-0.0163957
-0.0140328
-0.0117985
-0.0095063
-0.00742637
-0.00576908
-0.0043753
-0.00303972
-0.0017507
-0.000559923
-0.0304907
-0.0347055
-0.037092
-0.0378136
-0.0369812
-0.0346534
-0.0311101
-0.0269773
-0.0228098
-0.0190507
-0.0160891
-0.0137653
-0.0114508
-0.00902289
-0.006941
-0.00540229
-0.00411196
-0.0028324
-0.00160713
-0.000509718
-0.0340052
-0.038708
-0.041151
-0.0415668
-0.0401574
-0.0370297
-0.0325876
-0.0276246
-0.0227879
-0.018666
-0.0157008
-0.0134327
-0.0109763
-0.00838445
-0.00634705
-0.00497445
-0.00379639
-0.00257489
-0.0014317
-0.000451344
-0.0383135
-0.0436511
-0.0461627
-0.0461972
-0.0440303
-0.0398175
-0.0341923
-0.0281875
-0.0225671
-0.0181132
-0.0152384
-0.0130121
-0.0103224
-0.00755887
-0.0056434
-0.0044868
-0.0034205
-0.00226012
-0.00122347
-0.000385716
-0.0436456
-0.0498016
-0.0523353
-0.05183
-0.0486944
-0.0430815
-0.0359028
-0.0285453
-0.0220211
-0.0173571
-0.0147143
-0.0124732
-0.00942981
-0.00651927
-0.00483223
-0.00393561
-0.0029718
-0.00188171
-0.000983355
-0.000313922
-0.0502842
-0.057524
-0.0600598
-0.0586891
-0.0541556
-0.0467689
-0.0376914
-0.0286338
-0.0210573
-0.0163461
-0.0140882
-0.0117416
-0.00824162
-0.00526529
-0.00392652
-0.00331048
-0.00243236
-0.00143405
-0.000713629
-0.000237204
-0.0585825
-0.067158
-0.0698164
-0.0673244
-0.0606084
-0.0506372
-0.0392376
-0.0283276
-0.0197428
-0.0151547
-0.0132819
-0.0106435
-0.00666221
-0.00381079
-0.00295242
-0.00260396
-0.00178855
-0.000916032
-0.000416439
-0.00015445
-0.0691477
-0.0791306
-0.0818208
-0.0782406
-0.068718
-0.0547976
-0.0399912
-0.0270692
-0.0180235
-0.0140079
-0.0123535
-0.00903964
-0.00457895
-0.00212783
-0.00189151
-0.00179112
-0.00103632
-0.00034094
-0.000101124
-6.57426e-05
-0.0829524
-0.0944306
-0.0964098
-0.0912402
-0.0786605
-0.0598298
-0.0401012
-0.024374
-0.0153789
-0.0126851
-0.011266
-0.00698864
-0.00210909
-0.000271006
-0.000689252
-0.000793086
-0.00014076
0.000295128
0.000229824
2.40898e-05
-0.101257
-0.114636
-0.115056
-0.10644
-0.0892464
-0.065011
-0.0400642
-0.0210588
-0.0119091
-0.0104997
-0.00924229
-0.00422264
0.000569117
0.00153392
0.000554597
0.000354983
0.000877012
0.000993501
0.000605607
0.000143525
-0.125577
-0.141558
-0.140434
-0.125832
-0.0996354
-0.0677946
-0.0384769
-0.0179367
-0.00900064
-0.00777156
-0.0056858
-0.000156049
0.00374766
0.00345198
0.00191167
0.00158846
0.00187266
0.00162458
0.000933898
0.000254873
-0.156174
-0.176599
-0.175804
-0.15284
-0.111081
-0.0666664
-0.0326609
-0.0135245
-0.0067279
-0.00513873
-0.00115073
0.0048616
0.00744385
0.00586568
0.00386757
0.00330707
0.00313735
0.00239777
0.00134559
0.000361292
-0.1937
-0.219829
-0.223265
-0.189607
-0.12611
-0.0639196
-0.022933
-0.00606895
-0.00280143
-0.00149633
0.00379682
0.00947246
0.0104587
0.00788484
0.00566367
0.00488167
0.00427137
0.00312245
0.00178912
0.000593491
-0.225821
-0.270746
-0.279789
-0.23006
-0.143133
-0.0628162
-0.0135795
0.0037687
0.00560283
0.00646117
0.0110084
0.0145497
0.0135521
0.0101766
0.00763749
0.00638782
0.00523675
0.00374084
0.00213125
0.000619977
-0.271341
-0.333019
-0.337482
-0.257788
-0.154844
-0.0624692
-0.00935878
0.0130964
0.0174624
0.0187955
0.0206238
0.0205114
0.0173422
0.0132253
0.0101054
0.00806827
0.00628215
0.00448842
0.00266151
0.000990757
-0.30901
-0.38467
-0.367509
-0.256673
-0.155131
-0.0590535
-0.010296
0.0178941
0.0244798
0.0263367
0.025717
0.0235142
0.0194526
0.0150584
0.0115444
0.00900679
0.00678824
0.00483913
0.00279121
0.00109825
-0.31487
-0.391402
-0.368309
-0.25295
-0.152011
-0.0562476
-0.00893024
0.0195064
0.0258647
0.0275226
0.0264382
0.0239131
0.0197154
0.0152795
0.0117184
0.00911984
0.00685306
0.0048877
0.00281396
0.00112281
-0.319113
-0.395129
-0.365234
-0.247557
-0.147196
-0.0523439
-0.00658187
0.0215367
0.0272573
0.028546
0.0270178
0.0242221
0.0199098
0.0154399
0.0118465
0.00920407
0.00690559
0.0049296
0.00283799
0.0011503
-0.322511
-0.397894
-0.36248
-0.243453
-0.143492
-0.0492037
-0.00457161
0.0233976
0.028565
0.0295139
0.0275724
0.0245283
0.0201089
0.0156033
0.0119753
0.00928925
0.00695969
0.00497251
0.00286299
0.00117777
-0.325636
-0.400312
-0.360104
-0.239959
-0.140306
-0.0464327
-0.00278504
0.0251358
0.0298144
0.0304537
0.0281154
0.0248335
0.0203103
0.0157678
0.0121039
0.00937453
0.00701405
0.00501543
0.00288779
0.00120469
-0.328502
-0.40225
-0.357535
-0.23652
-0.137098
-0.043687
-0.00101033
0.0268351
0.0310179
0.0313535
0.0286328
0.0251261
0.0205039
0.0159252
0.0122264
0.00945627
0.0070668
0.00505722
0.00291218
0.0012311
-0.331025
-0.403634
-0.354713
-0.233136
-0.133861
-0.0409711
0.00076716
0.0284926
0.0321671
0.0322028
0.0291183
0.0254024
0.0206871
0.0160734
0.0123416
0.00953377
0.00711763
0.00509765
0.00293619
0.0012569
-0.33314
-0.404478
-0.351741
-0.22988
-0.130682
-0.0383496
0.00250786
0.0300831
0.0332511
0.032997
0.0295706
0.0256617
0.0208596
0.0162125
0.0124497
0.00960712
0.00716657
0.00513668
0.0029598
0.00128189
-0.3348
-0.404803
-0.34868
-0.226762
-0.127594
-0.0358503
0.004189
0.0315895
0.0342628
0.0337328
0.0299885
0.0259032
0.0210207
0.0163421
0.0125505
0.00967627
0.0072135
0.00517416
0.00298289
0.00130586
-0.335971
-0.404627
-0.345556
-0.223773
-0.124608
-0.0334855
0.00579824
0.0330001
0.0351965
0.0344072
0.0303707
0.0261258
0.0211697
0.0164618
0.0126438
0.009741
0.00725821
0.00520986
0.00300531
0.00132862
-0.336649
-0.403982
-0.342397
-0.220914
-0.121747
-0.0312702
0.00732264
0.0343045
0.0360476
0.0350177
0.0307162
0.0263287
0.021306
0.0165712
0.0127294
0.0098011
0.00730044
0.00524357
0.00302687
0.00134998
-0.336854
-0.402921
-0.339245
-0.218193
-0.119037
-0.0292216
0.00874769
0.0354932
0.0368126
0.0355627
0.0310244
0.0265112
0.021429
0.01667
0.0128071
0.00985632
0.00733991
0.00527503
0.00304737
0.00136976
-0.336638
-0.401516
-0.336149
-0.21563
-0.116513
-0.0273567
0.010059
0.0365585
0.0374892
0.0360417
0.0312953
0.0266729
0.0215383
0.016758
0.0128767
0.00990641
0.0073763
0.00530398
0.00306655
0.00138779
-0.336077
-0.399865
-0.333171
-0.213251
-0.114207
-0.0256904
0.0112428
0.0374948
0.0380768
0.036455
0.0315292
0.0268137
0.0216338
0.016835
0.0129381
0.00995108
0.00740926
0.00533014
0.00308417
0.00140391
-0.335272
-0.398083
-0.330386
-0.211093
-0.112154
-0.024236
0.0122867
0.0382987
0.0385757
0.0368038
0.0317268
0.0269334
0.0217153
0.0169009
0.012991
0.00999005
0.00743843
0.00535323
0.00309995
0.001418
-0.334337
-0.396302
-0.327879
-0.209197
-0.110387
-0.023005
0.0131792
0.0389689
0.0389875
0.0370898
0.0318889
0.0270323
0.0217829
0.0169557
0.0130352
0.010023
0.00746343
0.00537298
0.00311362
0.00142993
-0.333394
-0.394662
-0.325739
-0.207612
-0.108935
-0.0220064
0.0139102
0.0395052
0.0393141
0.0373152
0.0320166
0.0271106
0.0218364
0.0169992
0.0130707
0.0100497
0.00748392
0.00538915
0.00312493
0.0014396
-0.332561
-0.393296
-0.324056
-0.206383
-0.107825
-0.0212475
0.0144711
0.0399085
0.0395578
0.0374821
0.032111
0.0271685
0.021876
0.0170316
0.0130973
0.01007
0.0074996
0.00540152
0.00313366
0.00144694
-0.33194
-0.392322
-0.322906
-0.205553
-0.107075
-0.0207336
0.014855
0.0401802
0.0397208
0.0375926
0.032173
0.0272063
0.0219018
0.0170528
0.0131149
0.0100835
0.00751021
0.00540992
0.00313963
0.00145189
-0.331605
-0.391825
-0.322348
-0.205152
-0.106701
-0.0204681
0.0150571
0.0403214
0.0398046
0.037648
0.0322033
0.0272242
0.0219138
0.0170627
0.0131233
0.0100901
0.00751559
0.00541422
0.00314272
0.00145441
)
;

boundaryField
{
    inlet
    {
        type            zeroGradient;
    }
    outlet
    {
        type            fixedValue;
        value           uniform 0;
    }
    cylinder
    {
        type            zeroGradient;
    }
    top
    {
        type            symmetryPlane;
    }
    bottom
    {
        type            symmetryPlane;
    }
    defaultFaces
    {
        type            empty;
    }
}


// ************************************************************************* //
