1.275 	2.15223e-18 	-2.76991e-20 	-0.134243 	-0.00613709 	-2.52849e-22
1.825 	2.15223e-18 	-1.39322e-20 	-0.267601 	-0.0404212 	3.44519e-21
2.375 	2.15223e-18 	1.38775e-18 	-0.29794 	-0.0466034 	-1.55191e-21
2.925 	2.15223e-18 	2.78958e-18 	-0.431852 	0.0349805 	1.40161e-22
3.475 	2.15223e-18 	4.53849e-18 	-0.388503 	0.13549 	-1.28507e-21
4.025 	2.15223e-18 	6.28755e-18 	-0.349807 	0.134017 	-1.1734e-22
4.575 	2.15223e-18 	6.30203e-18 	-0.131209 	0.0470709 	1.65663e-21
5.125 	2.15223e-18 	6.31666e-18 	-0.049395 	-0.0573717 	-1.23453e-21
5.675 	2.15223e-18 	6.33144e-18 	0.0604231 	-0.141427 	-1.58393e-22
6.225 	2.15223e-18 	4.61166e-18 	0.0805908 	-0.151882 	-1.79804e-22
