1.22 	3.45254e-18 	-6.98323e-18 	-0.0248048 	0.398244 	-1.4451e-21
1.66 	3.45254e-18 	-6.96118e-18 	0.373101 	-0.114582 	-8.8637e-23
2.1 	3.45254e-18 	-6.93894e-18 	0.726008 	-0.541449 	-3.25442e-21
2.54 	3.45254e-18 	-8.30431e-18 	0.514172 	-0.717735 	3.74069e-23
2.98 	3.45254e-18 	-8.28171e-18 	0.537158 	-0.52234 	8.36112e-22
3.42 	3.45254e-18 	-6.87115e-18 	0.805997 	0.048522 	1.57176e-21
3.86 	3.45254e-18 	-6.84819e-18 	0.96235 	0.386143 	4.03689e-22
4.3 	3.45254e-18 	-6.82504e-18 	0.91727 	0.621251 	1.46772e-21
4.74 	3.45254e-18 	-5.41391e-18 	0.849886 	0.593218 	-6.26335e-22
5.18 	3.45254e-18 	-2.61482e-18 	0.928815 	0.341433 	-4.44104e-22
5.62 	3.45254e-18 	-1.2033e-18 	1.01807 	0.0281124 	2.87802e-22
6.06 	3.45254e-18 	-1.17937e-18 	1.05398 	-0.290572 	1.06001e-21
6.5 	3.45254e-18 	-1.15524e-18 	1.01484 	-0.424731 	-4.74374e-22
