/*--------------------------------*- C++ -*----------------------------------*\
  =========                 |
  \\      /  F ield         | OpenFOAM: The Open Source CFD Toolbox
   \\    /   O peration     | Website:  https://openfoam.org
    \\  /    A nd           | Version:  6.0
     \\/     M anipulation  |
\*---------------------------------------------------------------------------*/
FoamFile
{
    version     2.0;
    format      ascii;
    class       volScalarField;
    location    "3.4";
    object      p;
}
// * * * * * * * * * * * * * * * * * * * * * * * * * * * * * * * * * * * * * //

dimensions      [0 2 -2 0 0 0 0];

internalField   nonuniform List<scalar> 
8000
(
-0.357812
-0.363713
-0.367333
-0.370263
-0.373359
-0.376714
-0.380303
-0.384041
-0.387804
-0.391455
-0.394866
-0.397919
-0.40052
-0.402593
-0.404068
-0.404881
-0.405067
-0.404885
-0.404214
-0.400783
-0.3593
-0.364985
-0.368503
-0.371381
-0.374445
-0.377785
-0.381372
-0.385122
-0.388909
-0.392595
-0.396049
-0.399153
-0.401809
-0.403939
-0.405474
-0.406347
-0.40659
-0.406465
-0.40587
-0.402534
-0.362178
-0.36744
-0.370758
-0.373534
-0.376533
-0.379838
-0.38342
-0.387188
-0.391017
-0.394764
-0.398297
-0.401493
-0.40425
-0.406486
-0.40813
-0.409113
-0.409458
-0.409429
-0.408968
-0.405813
-0.366256
-0.370915
-0.37394
-0.376563
-0.379461
-0.382709
-0.386272
-0.390057
-0.393935
-0.39776
-0.401395
-0.404712
-0.407603
-0.40998
-0.411767
-0.412893
-0.413371
-0.413459
-0.413162
-0.410261
-0.371276
-0.375184
-0.377836
-0.380255
-0.383012
-0.386171
-0.389692
-0.39348
-0.397398
-0.401301
-0.405045
-0.408494
-0.411535
-0.41407
-0.41602
-0.417308
-0.417931
-0.418135
-0.418002
-0.415411
-0.376938
-0.379987
-0.382199
-0.384363
-0.386933
-0.389962
-0.393405
-0.397162
-0.401097
-0.405057
-0.408894
-0.412469
-0.415655
-0.41835
-0.420464
-0.421915
-0.422683
-0.42299
-0.422992
-0.420743
-0.382922
-0.385055
-0.386776
-0.388635
-0.390967
-0.393812
-0.397124
-0.4008
-0.404702
-0.408678
-0.412572
-0.416239
-0.419547
-0.422382
-0.424646
-0.426249
-0.427152
-0.427541
-0.427633
-0.425734
-0.388923
-0.390134
-0.391333
-0.392841
-0.394875
-0.397471
-0.400583
-0.404108
-0.407908
-0.411831
-0.415721
-0.419426
-0.422808
-0.425743
-0.428124
-0.429854
-0.430873
-0.43132
-0.431451
-0.429891
-0.394674
-0.395008
-0.395674
-0.39679
-0.398467
-0.400741
-0.403569
-0.406853
-0.410461
-0.414243
-0.418043
-0.421708
-0.425093
-0.428067
-0.430514
-0.43233
-0.433435
-0.433913
-0.434034
-0.432787
-0.399965
-0.399515
-0.399661
-0.400352
-0.401615
-0.403488
-0.40594
-0.408883
-0.412195
-0.415731
-0.41934
-0.422868
-0.426167
-0.429101
-0.431546
-0.433388
-0.434535
-0.435013
-0.435071
-0.434095
-0.404656
-0.403553
-0.403214
-0.40346
-0.404259
-0.405657
-0.407643
-0.410144
-0.413051
-0.416233
-0.419543
-0.42283
-0.425948
-0.428753
-0.431114
-0.432911
-0.434037
-0.434465
-0.434397
-0.433618
-0.408684
-0.407083
-0.406313
-0.40611
-0.406408
-0.407272
-0.408712
-0.41068
-0.413087
-0.415814
-0.418726
-0.421678
-0.424522
-0.427111
-0.429305
-0.430976
-0.432003
-0.432308
-0.432018
-0.431305
-0.412054
-0.410124
-0.408988
-0.408348
-0.408128
-0.408419
-0.409259
-0.410627
-0.412459
-0.414656
-0.417095
-0.419637
-0.422133
-0.424433
-0.426385
-0.427845
-0.428679
-0.428757
-0.428098
-0.427235
-0.41484
-0.412743
-0.411314
-0.41026
-0.409526
-0.409231
-0.409444
-0.410179
-0.411398
-0.413024
-0.414946
-0.417033
-0.419134
-0.421091
-0.422736
-0.423904
-0.424436
-0.424152
-0.422923
-0.421585
-0.417174
-0.415049
-0.413393
-0.411962
-0.410737
-0.409868
-0.409463
-0.409566
-0.41017
-0.41122
-0.412617
-0.414235
-0.415919
-0.417496
-0.418779
-0.419572
-0.419681
-0.418872
-0.41684
-0.414616
-0.419229
-0.41718
-0.415355
-0.413585
-0.411905
-0.410501
-0.409513
-0.409021
-0.409043
-0.409543
-0.410436
-0.411594
-0.412854
-0.414027
-0.414894
-0.415224
-0.414779
-0.413272
-0.410224
-0.406679
-0.421211
-0.419296
-0.417341
-0.41527
-0.413183
-0.411298
-0.409788
-0.408761
-0.408258
-0.408259
-0.408683
-0.4094
-0.410233
-0.410969
-0.411358
-0.411126
-0.409995
-0.407639
-0.403445
-0.398236
-0.423339
-0.421568
-0.419501
-0.417163
-0.41472
-0.412419
-0.410459
-0.40897
-0.408011
-0.407569
-0.407564
-0.407854
-0.408245
-0.408496
-0.408324
-0.407416
-0.405456
-0.402111
-0.396703
-0.389651
-0.425829
-0.424163
-0.421981
-0.419402
-0.416652
-0.414001
-0.411666
-0.409791
-0.408442
-0.407607
-0.407198
-0.40706
-0.406977
-0.40668
-0.405859
-0.404167
-0.401251
-0.39674
-0.389893
-0.380853
-0.428875
-0.427235
-0.424915
-0.422112
-0.419096
-0.416153
-0.413508
-0.411311
-0.409624
-0.408428
-0.407621
-0.40703
-0.406423
-0.405518
-0.403995
-0.401512
-0.397711
-0.392149
-0.38391
-0.373433
-0.432635
-0.430912
-0.428415
-0.425391
-0.422137
-0.418945
-0.416041
-0.413564
-0.411568
-0.410014
-0.408786
-0.407693
-0.406494
-0.40491
-0.402647
-0.399424
-0.394992
-0.389133
-0.381739
-0.375159
-0.43722
-0.43529
-0.432562
-0.429307
-0.425826
-0.42241
-0.419272
-0.416534
-0.414228
-0.412293
-0.410592
-0.408921
-0.407037
-0.404676
-0.401584
-0.397545
-0.392404
-0.386094
-0.378716
-0.371505
-0.442696
-0.440429
-0.43741
-0.4339
-0.430187
-0.426549
-0.423179
-0.420171
-0.417527
-0.415158
-0.412908
-0.410563
-0.407887
-0.404645
-0.400631
-0.395694
-0.389754
-0.382812
-0.374972
-0.366787
-0.449093
-0.446364
-0.442987
-0.439188
-0.435221
-0.431346
-0.427723
-0.424411
-0.421373
-0.418493
-0.415594
-0.412464
-0.408884
-0.404661
-0.399645
-0.39375
-0.386957
-0.379313
-0.370932
-0.362096
-0.456408
-0.453107
-0.449306
-0.445177
-0.440924
-0.43678
-0.432863
-0.429187
-0.425674
-0.42218
-0.418515
-0.414477
-0.409884
-0.404593
-0.398519
-0.39164
-0.383994
-0.375666
-0.366782
-0.357505
-0.464628
-0.46066
-0.456376
-0.451875
-0.447296
-0.442834
-0.438561
-0.434437
-0.430341
-0.426104
-0.421539
-0.41647
-0.410762
-0.404336
-0.397176
-0.389321
-0.380856
-0.371899
-0.362583
-0.353045
-0.473731
-0.469017
-0.4642
-0.459287
-0.454336
-0.449497
-0.444783
-0.440097
-0.435281
-0.430153
-0.424542
-0.418319
-0.41141
-0.403807
-0.395558
-0.386757
-0.377524
-0.367994
-0.3583
-0.348561
-0.48369
-0.47817
-0.472781
-0.467418
-0.462043
-0.456748
-0.451481
-0.446091
-0.440392
-0.434207
-0.427404
-0.419915
-0.41174
-0.402941
-0.393624
-0.383921
-0.373974
-0.363919
-0.35388
-0.34396
-0.494473
-0.488102
-0.482111
-0.476264
-0.470402
-0.464551
-0.458591
-0.452325
-0.445557
-0.438141
-0.430006
-0.42116
-0.411679
-0.401689
-0.391341
-0.380788
-0.370177
-0.359635
-0.349267
-0.339148
-0.506036
-0.498781
-0.492169
-0.4858
-0.479375
-0.47284
-0.466017
-0.458677
-0.450642
-0.441826
-0.432236
-0.421967
-0.411168
-0.400014
-0.388683
-0.377335
-0.366107
-0.355105
-0.344413
-0.334072
-0.518313
-0.510157
-0.502909
-0.495974
-0.488887
-0.481514
-0.473627
-0.464997
-0.455497
-0.445126
-0.433988
-0.422262
-0.410156
-0.397881
-0.385624
-0.373536
-0.361732
-0.350295
-0.33928
-0.328695
-0.531212
-0.522149
-0.514255
-0.506697
-0.498825
-0.490429
-0.481255
-0.471113
-0.459963
-0.44791
-0.435162
-0.421973
-0.408597
-0.395258
-0.382136
-0.369361
-0.357022
-0.345171
-0.333834
-0.322993
-0.544606
-0.534645
-0.526093
-0.517837
-0.50903
-0.499398
-0.488703
-0.476835
-0.463872
-0.450047
-0.435663
-0.421036
-0.406444
-0.392107
-0.378184
-0.364776
-0.351938
-0.339697
-0.328044
-0.316946
-0.558329
-0.547494
-0.538268
-0.529219
-0.519299
-0.5082
-0.495749
-0.48196
-0.467061
-0.451412
-0.435402
-0.419387
-0.403649
-0.388386
-0.373727
-0.359737
-0.34644
-0.333832
-0.321876
-0.310531
-0.572176
-0.560504
-0.55058
-0.540621
-0.529386
-0.516582
-0.502153
-0.486283
-0.469366
-0.451884
-0.434292
-0.41696
-0.400156
-0.384045
-0.368716
-0.354196
-0.340479
-0.327534
-0.315291
-0.303721
-0.585902
-0.573443
-0.562788
-0.551778
-0.539012
-0.524268
-0.507668
-0.489601
-0.470633
-0.451349
-0.432245
-0.413687
-0.395906
-0.379026
-0.363093
-0.348098
-0.334003
-0.320754
-0.30825
-0.296483
-0.599225
-0.58604
-0.574611
-0.562391
-0.547871
-0.530971
-0.512048
-0.491719
-0.470713
-0.449695
-0.429177
-0.409493
-0.390832
-0.373266
-0.356798
-0.341383
-0.326958
-0.313442
-0.300706
-0.288781
-0.61183
-0.597988
-0.585728
-0.572128
-0.55564
-0.5364
-0.515052
-0.49245
-0.469466
-0.446817
-0.425
-0.404305
-0.384863
-0.366697
-0.349765
-0.33399
-0.319284
-0.305545
-0.292614
-0.280573
-0.623373
-0.60895
-0.595795
-0.58064
-0.561988
-0.540272
-0.516454
-0.491623
-0.466764
-0.442613
-0.419629
-0.398043
-0.377926
-0.359249
-0.341928
-0.325856
-0.310925
-0.297009
-0.283926
-0.271821
-0.633491
-0.618567
-0.604446
-0.587568
-0.56659
-0.542315
-0.516045
-0.48908
-0.462485
-0.436983
-0.412978
-0.39063
-0.369948
-0.350852
-0.33322
-0.31692
-0.301824
-0.287784
-0.274597
-0.262481
-0.641812
-0.626469
-0.611307
-0.592555
-0.569137
-0.542283
-0.513636
-0.484679
-0.456519
-0.429838
-0.404966
-0.38199
-0.360857
-0.341439
-0.32358
-0.307125
-0.291928
-0.277821
-0.264584
-0.252516
-0.647957
-0.632276
-0.616005
-0.595257
-0.569339
-0.539949
-0.509059
-0.478294
-0.448765
-0.42109
-0.395515
-0.372052
-0.350586
-0.330947
-0.312949
-0.296417
-0.28119
-0.267078
-0.25385
-0.241891
-0.651558
-0.635622
-0.618182
-0.595356
-0.566938
-0.53512
-0.502173
-0.469817
-0.439136
-0.410664
-0.384556
-0.360749
-0.339073
-0.319319
-0.301276
-0.28475
-0.269567
-0.255518
-0.242361
-0.230578
-0.652268
-0.636157
-0.617506
-0.592566
-0.561713
-0.527634
-0.492858
-0.459159
-0.427558
-0.398492
-0.372026
-0.348023
-0.326265
-0.306508
-0.288518
-0.272086
-0.257027
-0.243111
-0.230095
-0.218556
-0.649765
-0.633558
-0.613677
-0.58664
-0.553478
-0.517361
-0.481023
-0.446247
-0.413969
-0.384521
-0.357874
-0.333829
-0.31212
-0.292474
-0.274639
-0.258394
-0.243544
-0.229837
-0.217034
-0.205811
-0.643764
-0.627541
-0.60644
-0.577376
-0.542093
-0.504206
-0.466601
-0.431031
-0.398326
-0.368707
-0.342062
-0.318128
-0.296603
-0.277188
-0.259616
-0.243655
-0.229101
-0.215684
-0.203171
-0.192338
-0.634025
-0.617867
-0.595588
-0.564623
-0.527458
-0.488107
-0.449552
-0.413479
-0.380599
-0.351025
-0.324563
-0.300898
-0.279694
-0.260633
-0.243433
-0.227858
-0.213691
-0.200648
-0.188508
-0.178139
-0.620359
-0.604349
-0.580967
-0.548279
-0.509519
-0.469039
-0.429863
-0.393581
-0.360779
-0.331462
-0.305364
-0.282126
-0.261382
-0.242799
-0.226086
-0.211001
-0.197318
-0.184736
-0.173054
-0.163224
-0.602632
-0.586857
-0.562481
-0.528295
-0.488262
-0.447008
-0.407547
-0.371349
-0.338872
-0.310022
-0.284469
-0.261813
-0.24167
-0.223692
-0.207582
-0.193092
-0.179991
-0.167964
-0.156828
-0.147613
-0.580769
-0.565319
-0.540094
-0.504675
-0.463719
-0.422056
-0.382643
-0.346817
-0.314906
-0.286727
-0.261892
-0.239974
-0.22057
-0.203324
-0.187933
-0.17415
-0.161733
-0.150358
-0.139862
-0.13134
-0.554758
-0.539728
-0.513827
-0.477473
-0.435962
-0.394255
-0.355219
-0.32004
-0.288926
-0.261612
-0.237666
-0.216635
-0.198106
-0.181717
-0.167164
-0.154196
-0.142569
-0.131949
-0.122196
-0.114451
-0.524649
-0.510136
-0.483759
-0.44679
-0.4051
-0.363713
-0.325367
-0.291098
-0.260998
-0.234734
-0.211835
-0.191834
-0.17431
-0.158899
-0.145299
-0.13326
-0.12253
-0.112774
-0.103874
-0.096999
-0.490551
-0.476659
-0.450023
-0.412778
-0.371285
-0.330566
-0.293207
-0.260092
-0.231208
-0.206162
-0.184459
-0.16562
-0.149222
-0.134906
-0.12237
-0.111366
-0.101642
-0.0928647
-0.0849376
-0.0790199
-0.452634
-0.439467
-0.412809
-0.375631
-0.334701
-0.294982
-0.258885
-0.227147
-0.199661
-0.175986
-0.155609
-0.13805
-0.122888
-0.109771
-0.0984022
-0.0885378
-0.0799278
-0.0722492
-0.065415
-0.0605105
-0.411126
-0.398788
-0.372352
-0.335583
-0.295568
-0.257158
-0.222575
-0.192414
-0.166486
-0.144314
-0.125376
-0.109194
-0.0953589
-0.0835275
-0.0734155
-0.0647855
-0.0573963
-0.0509391
-0.0453113
-0.0414594
-0.366304
-0.354899
-0.328932
-0.292907
-0.254141
-0.217322
-0.184477
-0.156068
-0.131835
-0.111276
-0.0938656
-0.0791373
-0.0666961
-0.0562153
-0.0474279
-0.0401101
-0.0340344
-0.0289138
-0.0246255
-0.0219749
-0.318495
-0.308125
-0.282872
-0.247911
-0.210699
-0.175725
-0.144817
-0.11831
-0.0958857
-0.0770246
-0.0612077
-0.0479829
-0.0369767
-0.0278875
-0.0204728
-0.0145258
-0.00983803
-0.00618261
-0.00349611
-0.00247744
-0.268067
-0.258826
-0.234524
-0.200929
-0.165553
-0.132651
-0.103849
-0.0793686
-0.0588414
-0.0417376
-0.0275479
-0.0158411
-0.00627158
0.0014257
0.00745615
0.0120034
0.0152303
0.0171821
0.0177028
0.01648
-0.215421
-0.207398
-0.184275
-0.152324
-0.119035
-0.0884022
-0.0618527
-0.0395022
-0.0209391
-0.00562628
0.00693582
0.0171606
0.0253663
0.031779
0.0365638
0.0398692
0.0417335
0.041789
0.0395266
0.0359201
-0.16099
-0.154265
-0.13253
-0.102477
-0.071497
-0.0433049
-0.0191331
0.000999966
0.0175428
0.0310395
0.041986
0.0507902
0.0577642
0.0631305
0.0670657
0.0697342
0.0710361
0.0700801
0.0661219
0.0620015
-0.105225
-0.0998674
-0.0797119
-0.05178
-0.0233023
0.00230283
0.02399
0.0418277
0.0562939
0.0679368
0.0772495
0.0846408
0.0904352
0.0948936
0.0982787
0.100885
0.102676
0.102605
0.1004
0.104732
-0.0485869
-0.0446567
-0.0262506
-0.000634589
0.0251796
0.0480777
0.0671922
0.0826678
0.0950035
0.104745
0.112374
0.118292
0.12282
0.126228
0.128795
0.130797
0.132213
0.132537
0.132719
0.139236
0.0084512
0.0109064
0.0274182
0.0505574
0.0735795
0.0936781
0.110153
0.123215
0.133375
0.141173
0.147076
0.151473
0.154678
0.156958
0.158577
0.159765
0.160494
0.160452
0.160604
0.165905
0.0654151
0.0663619
0.0808617
0.101398
0.121534
0.13877
0.152562
0.163175
0.171127
0.176943
0.181073
0.183886
0.185681
0.186712
0.187221
0.187412
0.187274
0.186568
0.18609
0.189771
0.121835
0.121255
0.133654
0.151499
0.16869
0.183031
0.194122
0.202274
0.208005
0.211821
0.21415
0.21534
0.215669
0.215369
0.214656
0.213703
0.212487
0.210798
0.209369
0.211551
0.177252
0.175139
0.185379
0.200481
0.214705
0.226151
0.234552
0.240255
0.243772
0.245589
0.246111
0.245662
0.244496
0.242826
0.240842
0.238689
0.236327
0.233573
0.231122
0.231868
0.231216
0.227582
0.235636
0.247981
0.259253
0.267837
0.273585
0.276875
0.278211
0.278055
0.276787
0.274706
0.272046
0.268996
0.265725
0.262352
0.258827
0.254996
0.251524
0.250916
0.283297
0.278168
0.284041
0.293652
0.302021
0.307807
0.310969
0.31191
0.311119
0.309038
0.30602
0.302342
0.298214
0.293808
0.289269
0.284697
0.280036
0.27516
0.270698
0.268804
0.333082
0.326502
0.330226
0.337164
0.342716
0.345797
0.346467
0.345144
0.342306
0.33837
0.333664
0.328443
0.322897
0.317179
0.311416
0.305688
0.299941
0.294073
0.288665
0.285554
0.380182
0.372207
0.373848
0.378206
0.381058
0.381558
0.379854
0.376378
0.371592
0.36589
0.359578
0.352887
0.345992
0.339025
0.332098
0.325276
0.318507
0.311709
0.305407
0.30115
0.42423
0.414934
0.414584
0.41649
0.416788
0.414856
0.410921
0.405422
0.398807
0.391447
0.383626
0.375557
0.367394
0.359256
0.351239
0.343396
0.335678
0.328021
0.320883
0.315552
0.464887
0.454356
0.452134
0.451745
0.449665
0.445476
0.439472
0.4321
0.423792
0.414898
0.405681
0.396336
0.387001
0.377782
0.36876
0.359976
0.351389
0.342947
0.335036
0.328711
0.501842
0.490177
0.486225
0.483725
0.479468
0.473218
0.465329
0.45625
0.4464
0.436109
0.425621
0.415114
0.404715
0.394513
0.384578
0.374943
0.365572
0.356421
0.347807
0.340573
0.534812
0.522126
0.516611
0.512209
0.505998
0.497903
0.488326
0.477723
0.466495
0.454956
0.443334
0.431791
0.420441
0.409363
0.398615
0.388223
0.378157
0.368378
0.359134
0.351085
0.563548
0.549965
0.543072
0.537
0.529078
0.519369
0.50832
0.496385
0.483956
0.471328
0.458717
0.446271
0.434093
0.422252
0.410797
0.399747
0.389078
0.378755
0.36896
0.360195
0.587833
0.573486
0.565419
0.557926
0.548551
0.537476
0.525181
0.512121
0.498675
0.485128
0.47168
0.458471
0.445594
0.433109
0.421056
0.409453
0.398276
0.387496
0.377232
0.367859
0.607484
0.592516
0.583491
0.574842
0.564289
0.552106
0.538802
0.524831
0.510563
0.496271
0.482147
0.46832
0.454877
0.441872
0.429337
0.417285
0.4057
0.39455
0.383906
0.374039
0.622353
0.606912
0.597159
0.587632
0.576186
0.563164
0.549096
0.534435
0.519544
0.504689
0.490053
0.47576
0.461889
0.448489
0.43559
0.4232
0.411306
0.399877
0.388945
0.378701
0.632328
0.61657
0.606326
0.596208
0.584162
0.570577
0.555996
0.540872
0.525564
0.51033
0.495351
0.480744
0.466587
0.452923
0.439779
0.427163
0.415062
0.403446
0.392319
0.381823
0.637335
0.621417
0.610926
0.600512
0.588163
0.574296
0.559457
0.544101
0.528583
0.51316
0.498008
0.483244
0.468943
0.455147
0.44188
0.42915
0.416946
0.405236
0.394011
0.383387
0.637336
0.621418
0.610926
0.600512
0.588164
0.574296
0.559458
0.544101
0.528583
0.51316
0.498008
0.483245
0.468943
0.455147
0.44188
0.42915
0.416946
0.405235
0.394011
0.383387
0.63233
0.616572
0.606328
0.59621
0.584163
0.570578
0.555997
0.540873
0.525564
0.510331
0.495351
0.480745
0.466587
0.452923
0.439779
0.427162
0.415062
0.403446
0.392319
0.381822
0.622357
0.606916
0.597162
0.587635
0.576188
0.563166
0.549098
0.534436
0.519545
0.50469
0.490053
0.47576
0.461889
0.448489
0.435589
0.4232
0.411306
0.399877
0.388944
0.378701
0.607489
0.592521
0.583495
0.574846
0.564292
0.552109
0.538805
0.524833
0.510564
0.496272
0.482147
0.468321
0.454877
0.441871
0.429336
0.417285
0.4057
0.394549
0.383905
0.374038
0.58784
0.573492
0.565424
0.55793
0.548555
0.53748
0.525184
0.512123
0.498677
0.485129
0.471681
0.458472
0.445594
0.433109
0.421056
0.409452
0.398276
0.387495
0.377231
0.367858
0.563556
0.549972
0.543079
0.537006
0.529083
0.519373
0.508323
0.496388
0.483958
0.47133
0.458718
0.446271
0.434093
0.422252
0.410796
0.399746
0.389077
0.378754
0.368959
0.360194
0.534821
0.522134
0.516619
0.512216
0.506004
0.497908
0.48833
0.477725
0.466497
0.454957
0.443334
0.431791
0.42044
0.409362
0.398614
0.388222
0.378155
0.368377
0.359132
0.351083
0.501852
0.490186
0.486234
0.483733
0.479475
0.473224
0.465333
0.456253
0.446402
0.43611
0.425622
0.415115
0.404714
0.394512
0.384577
0.374942
0.36557
0.356419
0.347805
0.340571
0.464898
0.454367
0.452143
0.451753
0.449672
0.445481
0.439476
0.432103
0.423794
0.414899
0.405682
0.396335
0.387
0.377781
0.368758
0.359975
0.351387
0.342944
0.335034
0.328709
0.424242
0.414945
0.414594
0.416498
0.416795
0.414862
0.410925
0.405425
0.398809
0.391448
0.383627
0.375556
0.367393
0.359255
0.351237
0.343394
0.335675
0.328018
0.32088
0.31555
0.380194
0.372219
0.373859
0.378215
0.381065
0.381563
0.379858
0.37638
0.371594
0.365891
0.359578
0.352886
0.34599
0.339023
0.332095
0.325273
0.318504
0.311706
0.305404
0.301147
0.333095
0.326514
0.330237
0.337173
0.342723
0.345802
0.346471
0.345146
0.342308
0.33837
0.333664
0.328441
0.322895
0.317176
0.311413
0.305685
0.299938
0.294069
0.288661
0.28555
0.28331
0.27818
0.284051
0.29366
0.302028
0.307812
0.310973
0.311911
0.31112
0.309038
0.306019
0.30234
0.298212
0.293805
0.289266
0.284693
0.280032
0.275156
0.270694
0.2688
0.231228
0.227594
0.235646
0.247989
0.259259
0.267841
0.273588
0.276877
0.278211
0.278054
0.276785
0.274703
0.272042
0.268992
0.26572
0.262347
0.258822
0.254991
0.251519
0.25091
0.177264
0.17515
0.185389
0.200488
0.214711
0.226155
0.234554
0.240255
0.243771
0.245587
0.246109
0.245658
0.244492
0.242821
0.240837
0.238683
0.236322
0.233568
0.231117
0.231862
0.121847
0.121265
0.133663
0.151505
0.168695
0.183034
0.194124
0.202274
0.208003
0.211818
0.214146
0.215336
0.215664
0.215364
0.21465
0.213697
0.21248
0.210791
0.209362
0.211544
0.0654251
0.066371
0.0808694
0.101404
0.121538
0.138772
0.152562
0.163173
0.171124
0.176939
0.181068
0.183881
0.185675
0.186705
0.187214
0.187405
0.187267
0.186561
0.186082
0.189764
0.00845968
0.010914
0.0274244
0.0505618
0.0735818
0.0936784
0.110152
0.123212
0.133371
0.141168
0.14707
0.151467
0.154671
0.15695
0.158569
0.159756
0.160486
0.160444
0.160595
0.165896
-0.0485803
-0.044651
-0.0262462
-0.000631907
0.0251803
0.0480764
0.0671893
0.0826633
0.0949978
0.104738
0.112367
0.118284
0.122811
0.126219
0.128786
0.130788
0.132203
0.132527
0.132709
0.139227
-0.105221
-0.099864
-0.0797097
-0.0517793
-0.0233035
0.00229982
0.0239853
0.0418216
0.0562867
0.0679286
0.0772405
0.0846312
0.0904252
0.0948832
0.0982681
0.100874
0.102665
0.102593
0.100388
0.104721
-0.160988
-0.154264
-0.13253
-0.102478
-0.0715003
-0.0433099
-0.0191397
0.000992026
0.0175337
0.0310295
0.0419754
0.0507791
0.0577527
0.0631187
0.0670536
0.069722
0.0710238
0.0700677
0.0661094
0.0619889
-0.215423
-0.2074
-0.184278
-0.152329
-0.119041
-0.0884095
-0.0618614
-0.0395121
-0.02095
-0.00563804
0.00692343
0.0171478
0.0253531
0.0317657
0.0365503
0.0398556
0.0417199
0.0417754
0.0395131
0.0359067
-0.268072
-0.258831
-0.234531
-0.200937
-0.165561
-0.132661
-0.10386
-0.0793807
-0.0588545
-0.0417513
-0.0275622
-0.0158557
-0.00628642
0.00141074
0.00744113
0.0119884
0.0152154
0.0171673
0.0176882
0.0164656
-0.318504
-0.308134
-0.282881
-0.247921
-0.21071
-0.175738
-0.14483
-0.118324
-0.0959009
-0.0770404
-0.0612239
-0.0479994
-0.0369933
-0.0279041
-0.0204894
-0.0145423
-0.00985444
-0.00619881
-0.00351207
-0.00249321
-0.366317
-0.354913
-0.328946
-0.292922
-0.254155
-0.217337
-0.184493
-0.156085
-0.131852
-0.111294
-0.0938839
-0.0791558
-0.0667145
-0.0562337
-0.0474462
-0.0401282
-0.0340523
-0.0289314
-0.0246428
-0.021992
-0.411143
-0.398806
-0.37237
-0.335601
-0.295587
-0.257177
-0.222594
-0.192434
-0.166506
-0.144334
-0.125396
-0.109214
-0.0953793
-0.0835477
-0.0734355
-0.0648053
-0.0574157
-0.0509582
-0.0453299
-0.0414778
-0.452656
-0.43949
-0.412832
-0.375653
-0.334723
-0.295005
-0.258908
-0.22717
-0.199683
-0.176009
-0.155632
-0.138072
-0.122911
-0.109793
-0.098424
-0.0885592
-0.0799488
-0.0722697
-0.065435
-0.0605301
-0.490578
-0.476687
-0.450051
-0.412805
-0.371311
-0.330592
-0.293233
-0.260118
-0.231233
-0.206187
-0.184484
-0.165645
-0.149247
-0.13493
-0.122394
-0.111389
-0.101664
-0.0928866
-0.084959
-0.0790407
-0.524682
-0.51017
-0.483792
-0.446822
-0.405131
-0.363743
-0.325396
-0.291127
-0.261027
-0.234762
-0.211863
-0.191861
-0.174336
-0.158925
-0.145325
-0.133284
-0.122554
-0.112797
-0.103897
-0.097021
-0.554798
-0.539768
-0.513866
-0.47751
-0.435997
-0.39429
-0.355252
-0.320073
-0.288958
-0.261643
-0.237696
-0.216665
-0.198134
-0.181744
-0.167191
-0.154223
-0.142595
-0.131974
-0.12222
-0.114474
-0.580814
-0.565365
-0.540139
-0.504718
-0.46376
-0.422094
-0.38268
-0.346853
-0.31494
-0.28676
-0.261925
-0.240006
-0.2206
-0.203353
-0.187962
-0.174177
-0.16176
-0.150384
-0.139887
-0.131364
-0.602683
-0.586909
-0.562533
-0.528344
-0.488308
-0.447051
-0.407588
-0.371388
-0.33891
-0.310059
-0.284504
-0.261847
-0.241702
-0.223723
-0.207612
-0.193122
-0.180019
-0.167992
-0.156854
-0.147639
-0.620417
-0.604408
-0.581024
-0.548333
-0.50957
-0.469087
-0.429908
-0.393624
-0.36082
-0.331501
-0.305402
-0.282162
-0.261417
-0.242833
-0.226119
-0.211032
-0.197347
-0.184765
-0.173081
-0.16325
-0.63409
-0.617933
-0.595652
-0.564683
-0.527515
-0.48816
-0.449601
-0.413525
-0.380643
-0.351067
-0.324603
-0.300936
-0.27973
-0.260668
-0.243467
-0.22789
-0.213722
-0.200678
-0.188536
-0.178165
-0.643836
-0.627614
-0.606511
-0.577443
-0.542155
-0.504263
-0.466655
-0.431081
-0.398373
-0.368752
-0.342105
-0.318169
-0.296641
-0.277225
-0.259651
-0.243689
-0.229133
-0.215714
-0.2032
-0.192365
-0.649843
-0.633637
-0.613754
-0.586712
-0.553546
-0.517424
-0.481081
-0.446301
-0.41402
-0.384569
-0.357919
-0.333872
-0.31216
-0.292513
-0.274676
-0.258429
-0.243576
-0.229868
-0.217063
-0.205839
-0.652352
-0.636242
-0.617589
-0.592645
-0.561786
-0.527702
-0.492921
-0.459217
-0.427612
-0.398543
-0.372073
-0.348068
-0.326307
-0.306548
-0.288555
-0.272121
-0.25706
-0.243143
-0.230124
-0.218584
-0.651648
-0.635713
-0.618271
-0.595441
-0.567017
-0.535193
-0.50224
-0.46988
-0.439194
-0.410717
-0.384606
-0.360795
-0.339117
-0.31936
-0.301315
-0.284786
-0.269601
-0.25555
-0.242391
-0.230606
-0.648052
-0.632372
-0.616099
-0.595347
-0.569423
-0.540027
-0.509131
-0.47836
-0.448826
-0.421146
-0.395568
-0.372101
-0.350631
-0.330989
-0.312989
-0.296454
-0.281224
-0.26711
-0.25388
-0.241919
-0.641912
-0.62657
-0.611407
-0.59265
-0.569226
-0.542365
-0.513712
-0.484749
-0.456583
-0.429897
-0.405021
-0.382041
-0.360904
-0.341482
-0.323621
-0.307163
-0.291963
-0.277853
-0.264614
-0.252543
-0.633597
-0.618673
-0.604551
-0.587668
-0.566685
-0.542403
-0.516126
-0.489154
-0.462553
-0.437045
-0.413035
-0.390683
-0.369997
-0.350897
-0.333262
-0.316959
-0.301859
-0.287816
-0.274627
-0.262508
-0.623482
-0.60906
-0.595904
-0.580745
-0.562086
-0.540363
-0.516539
-0.491701
-0.466835
-0.442677
-0.419688
-0.398097
-0.377976
-0.359295
-0.34197
-0.325895
-0.31096
-0.297041
-0.283956
-0.271847
-0.611943
-0.598101
-0.58584
-0.572237
-0.555742
-0.536496
-0.51514
-0.492531
-0.46954
-0.446884
-0.425061
-0.404361
-0.384914
-0.366744
-0.349808
-0.334029
-0.319319
-0.305576
-0.292643
-0.280599
-0.599341
-0.586156
-0.574725
-0.562503
-0.547977
-0.53107
-0.512139
-0.491803
-0.470789
-0.449764
-0.42924
-0.409551
-0.390884
-0.373314
-0.356841
-0.341422
-0.326993
-0.313474
-0.300734
-0.288805
-0.586021
-0.573561
-0.562906
-0.551892
-0.539121
-0.524371
-0.507763
-0.489688
-0.470712
-0.45142
-0.43231
-0.413745
-0.395959
-0.379075
-0.363136
-0.348137
-0.334038
-0.320785
-0.308277
-0.296507
-0.572296
-0.560624
-0.550699
-0.540736
-0.529497
-0.516687
-0.50225
-0.486372
-0.469448
-0.451958
-0.434358
-0.417021
-0.40021
-0.384094
-0.368759
-0.354235
-0.340513
-0.327564
-0.315317
-0.303743
-0.55845
-0.547615
-0.538387
-0.529336
-0.519411
-0.508307
-0.495849
-0.482051
-0.467145
-0.451487
-0.435471
-0.419449
-0.403704
-0.388436
-0.373771
-0.359776
-0.346473
-0.333861
-0.3219
-0.310552
-0.544728
-0.534766
-0.526213
-0.517955
-0.509144
-0.499507
-0.488805
-0.476929
-0.463958
-0.450125
-0.435734
-0.421099
-0.4065
-0.392157
-0.378228
-0.364814
-0.351971
-0.339725
-0.328068
-0.316965
-0.531334
-0.52227
-0.514375
-0.506814
-0.498939
-0.490538
-0.481358
-0.471209
-0.460051
-0.44799
-0.435235
-0.422038
-0.408654
-0.395309
-0.38218
-0.369399
-0.357054
-0.345198
-0.333856
-0.32301
-0.518435
-0.510277
-0.503028
-0.49609
-0.489001
-0.481624
-0.473731
-0.465095
-0.455588
-0.445209
-0.434063
-0.422328
-0.410215
-0.397933
-0.385668
-0.373574
-0.361764
-0.350321
-0.3393
-0.32871
-0.506156
-0.4989
-0.492286
-0.485915
-0.479488
-0.47295
-0.466122
-0.458776
-0.450735
-0.44191
-0.432313
-0.422036
-0.411228
-0.400067
-0.388728
-0.377373
-0.366138
-0.35513
-0.344432
-0.334085
-0.494592
-0.488219
-0.482226
-0.476378
-0.470514
-0.46466
-0.458697
-0.452426
-0.445652
-0.438228
-0.430085
-0.42123
-0.411741
-0.401743
-0.391387
-0.380827
-0.370208
-0.359659
-0.349284
-0.339159
-0.483807
-0.478285
-0.472894
-0.46753
-0.462153
-0.456856
-0.451587
-0.446193
-0.440488
-0.434296
-0.427485
-0.419988
-0.411804
-0.402997
-0.393671
-0.38396
-0.374005
-0.363942
-0.353896
-0.343969
-0.473845
-0.46913
-0.464311
-0.459397
-0.454445
-0.449604
-0.444888
-0.440199
-0.435379
-0.430245
-0.424627
-0.418395
-0.411477
-0.403865
-0.395607
-0.386797
-0.377555
-0.368017
-0.358315
-0.348568
-0.464741
-0.46077
-0.456484
-0.451983
-0.447403
-0.442941
-0.438667
-0.43454
-0.43044
-0.426199
-0.421626
-0.416549
-0.410832
-0.404397
-0.397227
-0.389362
-0.380888
-0.371922
-0.362598
-0.353051
-0.456518
-0.453214
-0.449412
-0.445283
-0.441029
-0.436885
-0.432968
-0.42929
-0.425775
-0.422276
-0.418605
-0.41456
-0.409958
-0.404657
-0.398572
-0.391683
-0.384027
-0.37569
-0.366796
-0.357511
-0.449199
-0.446468
-0.443089
-0.43929
-0.435323
-0.431449
-0.427828
-0.424515
-0.421475
-0.418592
-0.415688
-0.41255
-0.408961
-0.404728
-0.399701
-0.393795
-0.386991
-0.379337
-0.370946
-0.362101
-0.442799
-0.44053
-0.437509
-0.434
-0.430287
-0.426651
-0.423283
-0.420275
-0.41763
-0.415259
-0.413004
-0.410653
-0.407968
-0.404715
-0.40069
-0.395742
-0.389789
-0.382836
-0.374986
-0.366792
-0.437319
-0.435386
-0.432658
-0.429404
-0.425924
-0.42251
-0.419374
-0.416638
-0.414331
-0.412395
-0.41069
-0.409014
-0.407121
-0.404749
-0.401646
-0.397594
-0.39244
-0.386118
-0.378729
-0.371509
-0.432729
-0.431004
-0.428507
-0.425484
-0.422232
-0.419043
-0.416141
-0.413667
-0.411671
-0.410117
-0.408885
-0.407788
-0.406581
-0.404986
-0.402711
-0.399474
-0.395028
-0.389155
-0.381749
-0.375159
-0.428964
-0.427322
-0.425002
-0.422201
-0.419187
-0.416247
-0.413606
-0.411411
-0.409726
-0.40853
-0.40772
-0.407125
-0.406511
-0.405595
-0.40406
-0.401563
-0.397746
-0.392168
-0.383915
-0.373426
-0.425911
-0.424244
-0.422063
-0.419486
-0.416739
-0.414091
-0.41176
-0.409888
-0.408541
-0.407707
-0.407296
-0.407154
-0.407063
-0.406757
-0.405923
-0.404216
-0.401283
-0.396756
-0.389892
-0.380838
-0.423414
-0.421643
-0.419577
-0.417241
-0.414802
-0.412504
-0.410548
-0.409063
-0.408106
-0.407665
-0.407658
-0.407944
-0.408329
-0.40857
-0.408385
-0.407462
-0.405485
-0.402121
-0.396695
-0.389626
-0.421279
-0.419365
-0.417412
-0.415343
-0.413259
-0.411378
-0.409872
-0.408848
-0.408347
-0.408349
-0.408771
-0.409484
-0.410311
-0.411037
-0.411413
-0.411166
-0.410016
-0.407641
-0.403427
-0.398197
-0.419289
-0.417242
-0.415419
-0.413651
-0.411975
-0.410575
-0.409591
-0.409102
-0.409126
-0.409626
-0.410517
-0.41167
-0.412923
-0.414086
-0.41494
-0.415253
-0.41479
-0.413262
-0.410192
-0.406625
-0.417226
-0.415103
-0.413451
-0.412022
-0.410801
-0.409935
-0.409533
-0.409639
-0.410245
-0.411293
-0.412688
-0.4143
-0.415976
-0.417543
-0.418813
-0.419589
-0.419679
-0.418847
-0.416792
-0.414544
-0.414884
-0.41279
-0.411364
-0.410314
-0.409584
-0.409291
-0.409507
-0.410244
-0.411463
-0.413087
-0.415006
-0.417086
-0.419179
-0.421123
-0.422753
-0.423904
-0.424416
-0.424109
-0.422856
-0.421493
-0.41209
-0.410164
-0.409032
-0.408395
-0.408178
-0.408472
-0.409313
-0.410682
-0.412514
-0.414708
-0.417143
-0.419677
-0.422163
-0.424449
-0.426385
-0.427827
-0.428639
-0.428694
-0.42801
-0.427121
-0.408712
-0.407116
-0.40635
-0.40615
-0.406451
-0.407317
-0.408759
-0.410726
-0.413131
-0.415854
-0.41876
-0.421704
-0.424536
-0.42711
-0.429287
-0.430938
-0.431942
-0.432224
-0.431907
-0.43117
-0.404678
-0.403579
-0.403244
-0.403493
-0.404294
-0.405694
-0.40768
-0.41018
-0.413085
-0.416262
-0.419564
-0.422842
-0.425946
-0.428735
-0.431078
-0.432854
-0.433957
-0.43436
-0.434266
-0.433461
-0.39998
-0.399535
-0.399685
-0.400378
-0.401643
-0.403517
-0.405969
-0.408911
-0.412219
-0.415749
-0.419349
-0.422866
-0.426152
-0.429069
-0.431494
-0.433314
-0.434437
-0.434889
-0.43492
-0.43392
-0.394683
-0.395022
-0.395692
-0.39681
-0.398489
-0.400763
-0.40359
-0.406872
-0.410476
-0.414252
-0.418042
-0.421695
-0.425065
-0.428021
-0.430448
-0.432242
-0.433323
-0.433776
-0.433869
-0.432599
-0.388927
-0.390143
-0.391345
-0.392855
-0.394891
-0.397487
-0.400598
-0.40412
-0.407916
-0.411831
-0.415711
-0.419404
-0.422771
-0.425688
-0.428049
-0.429757
-0.430752
-0.431173
-0.431277
-0.429695
-0.382922
-0.38506
-0.386784
-0.388645
-0.390977
-0.393822
-0.397133
-0.400806
-0.404703
-0.408671
-0.412556
-0.416211
-0.419505
-0.422322
-0.424566
-0.426148
-0.427028
-0.427391
-0.427457
-0.425537
-0.376935
-0.379989
-0.382203
-0.384368
-0.386939
-0.389968
-0.39341
-0.397164
-0.401093
-0.405047
-0.408875
-0.412438
-0.41561
-0.418289
-0.420384
-0.421815
-0.422561
-0.422846
-0.422822
-0.420553
-0.371272
-0.375183
-0.377838
-0.380257
-0.383015
-0.386174
-0.389694
-0.393478
-0.397392
-0.401289
-0.405024
-0.408463
-0.411491
-0.414012
-0.415946
-0.417215
-0.417819
-0.418002
-0.417846
-0.415238
-0.366251
-0.370913
-0.37394
-0.376563
-0.379462
-0.38271
-0.386271
-0.390054
-0.393928
-0.397748
-0.401376
-0.404684
-0.407564
-0.409929
-0.411703
-0.412814
-0.413275
-0.413345
-0.413029
-0.410115
-0.362173
-0.367438
-0.370757
-0.373533
-0.376533
-0.379838
-0.383418
-0.387185
-0.391011
-0.394754
-0.398281
-0.401471
-0.40422
-0.406447
-0.40808
-0.409051
-0.409385
-0.409342
-0.408866
-0.405701
-0.359297
-0.364983
-0.368502
-0.371381
-0.374445
-0.377784
-0.381371
-0.38512
-0.388905
-0.392588
-0.396039
-0.399138
-0.401789
-0.403914
-0.405442
-0.406308
-0.406544
-0.40641
-0.405805
-0.402463
-0.35781
-0.363712
-0.367333
-0.370263
-0.373359
-0.376714
-0.380302
-0.38404
-0.387802
-0.391453
-0.394862
-0.397915
-0.400514
-0.402584
-0.404057
-0.404868
-0.405051
-0.404867
-0.404192
-0.400759
-0.317588
-0.0286746
0.0197536
0.0614123
0.0373022
0.0276145
0.018382
0.0131375
0.00935472
0.00680546
0.0050447
0.00379464
0.0028753
0.00218421
0.00165
0.00123074
0.000885857
0.000601905
0.000343892
0.000122203
-0.319511
-0.0298666
0.0191976
0.0611298
0.0372249
0.0275669
0.0183668
0.0131317
0.00935246
0.00680423
0.005044
0.00379425
0.00287502
0.00218404
0.00164984
0.00123066
0.000885757
0.00060186
0.000343857
0.000122176
-0.323232
-0.0321438
0.0181065
0.0605685
0.0370707
0.027472
0.0183364
0.0131202
0.00934797
0.00680174
0.00504259
0.00379346
0.00287449
0.00218369
0.00164955
0.00123048
0.000885592
0.000601753
0.000343801
0.000122124
-0.328564
-0.0353468
0.0165192
0.0597364
0.0368408
0.0273305
0.0182909
0.0131028
0.00934128
0.00679802
0.00504049
0.00379226
0.00287371
0.00218313
0.00164914
0.00123016
0.000885364
0.000601575
0.000343728
0.000122044
-0.335271
-0.0392991
0.0144883
0.0586451
0.0365365
0.0271431
0.0182303
0.0130798
0.0093324
0.00679309
0.00503771
0.00379066
0.00287268
0.00218237
0.00164859
0.00122973
0.000885061
0.000601327
0.00034363
0.000121935
-0.343096
-0.0438498
0.0120747
0.0573094
0.0361601
0.0269112
0.0181545
0.0130511
0.00932137
0.00678697
0.00503427
0.00378867
0.0028714
0.00218143
0.00164789
0.00122918
0.00088467
0.000601013
0.000343502
0.000121798
-0.351785
-0.0488967
0.00934272
0.0557475
0.0357139
0.0266361
0.0180636
0.0130167
0.00930822
0.0067797
0.00503015
0.0037863
0.00286985
0.00218029
0.00164704
0.0012285
0.000884191
0.000600632
0.000343345
0.000121632
-0.361086
-0.0543873
0.00635528
0.0539795
0.0352009
0.0263192
0.0179577
0.0129768
0.009293
0.00677128
0.00502538
0.00378353
0.00286805
0.00217896
0.00164604
0.00122771
0.000883624
0.000600185
0.000343157
0.000121438
-0.37075
-0.0603065
0.00316993
0.0520277
0.0346243
0.0259625
0.0178367
0.0129315
0.00927575
0.00676175
0.00501995
0.00378038
0.002866
0.00217744
0.00164489
0.0012268
0.000882968
0.000599671
0.000342938
0.000121217
-0.38054
-0.0666611
-0.000163852
0.0499151
0.033988
0.0255677
0.0177006
0.0128808
0.00925653
0.00675112
0.00501388
0.00377686
0.0028637
0.00217573
0.00164358
0.00122577
0.000882223
0.00059909
0.000342687
0.000120967
-0.390234
-0.0734658
-0.00360571
0.047666
0.0332962
0.0251368
0.0175495
0.0128247
0.00923539
0.00673942
0.00500717
0.00377296
0.00286116
0.00217383
0.00164213
0.00122462
0.000881388
0.000598441
0.000342403
0.00012069
-0.399642
-0.080739
-0.00712703
0.0453036
0.0325535
0.0246721
0.0173833
0.0127633
0.0092124
0.0067267
0.00499984
0.00376869
0.00285837
0.00217175
0.00164053
0.00122335
0.000880462
0.000597723
0.000342085
0.000120385
-0.408593
-0.0885129
-0.0107185
0.042848
0.0317644
0.0241759
0.0172021
0.0126968
0.00918763
0.006713
0.00499189
0.00376406
0.00285534
0.00216949
0.00163878
0.00122196
0.000879444
0.000596937
0.000341733
0.000120052
-0.416885
-0.0968301
-0.0143878
0.0403151
0.0309332
0.0236505
0.0170059
0.0126251
0.00916119
0.00669839
0.00498338
0.00375909
0.00285209
0.00216705
0.00163689
0.00122045
0.000878335
0.000596083
0.000341346
0.000119692
-0.424168
-0.105641
-0.0181079
0.0377317
0.0300657
0.0230973
0.0167941
0.0125479
0.00913296
0.00668281
0.00497424
0.00375374
0.00284859
0.00216443
0.00163484
0.00121882
0.000877131
0.000595158
0.000340921
0.000119305
-0.429939
-0.114652
-0.0217613
0.0351507
0.0291699
0.0225174
0.0165653
0.0124643
0.00910238
0.00666592
0.00496427
0.00374789
0.00284477
0.00216156
0.0016326
0.00121703
0.000875815
0.000594153
0.000340452
0.00011889
-0.434064
-0.123742
-0.0253811
0.0325714
0.028249
0.0219179
0.0163227
0.0123758
0.00907016
0.00664812
0.00495366
0.00374164
0.00284068
0.00215848
0.0016302
0.00121512
0.000874393
0.00059307
0.000339938
0.000118446
-0.437297
-0.13434
-0.0297541
0.0297497
0.0272875
0.0213218
0.016084
0.012293
0.00904288
0.00663342
0.00494485
0.00373648
0.00283726
0.00215579
0.00162801
0.00121331
0.000873016
0.000592007
0.000339426
0.000117993
-0.438822
-0.148367
-0.0356267
0.0264895
0.0262848
0.0207208
0.0158446
0.0122173
0.00902413
0.00662468
0.00493976
0.00373375
0.00283544
0.00215414
0.00162646
0.0012119
0.000871879
0.000591082
0.000338993
0.000117549
-0.431108
-0.158823
-0.0393849
0.0241214
0.025342
0.0199379
0.0154559
0.0120618
0.00896224
0.00659061
0.00491949
0.00372189
0.00282801
0.00214892
0.00162265
0.00120901
0.000869828
0.000589549
0.000338291
0.000116963
-0.351529
-0.170797
-0.0390549
0.0201794
0.021428
0.0147429
0.0123194
0.0105909
0.00825177
0.00617141
0.00466265
0.00356579
0.00272914
0.00208202
0.00157669
0.00117639
0.000848004
0.000574071
0.000331039
0.000112132
-0.24109
-0.152116
-0.0415427
0.0100796
0.0120631
0.00660398
0.00674022
0.00737826
0.00640436
0.00500165
0.00389718
0.00306629
0.00239726
0.00185514
0.00141939
0.00106691
0.000773191
0.000524702
0.000303461
0.000101362
-0.166722
-0.124006
-0.0497553
-0.00317069
0.00540097
0.00283451
0.00348583
0.00495331
0.00483682
0.00395725
0.00316304
0.00254825
0.00203301
0.00159705
0.00123541
0.000935972
0.000682334
0.000464943
0.000269683
8.96912e-05
-0.116285
-0.0967716
-0.0500303
-0.0117681
0.000146747
-0.000226294
0.000515253
0.00240489
0.00308124
0.00279648
0.00235446
0.00197193
0.00162307
0.00130391
0.00102437
0.00078481
0.000577173
0.000395581
0.000230221
7.67691e-05
-0.0832685
-0.0749668
-0.0459969
-0.0167767
-0.00398332
-0.00232451
-0.00138791
0.000498416
0.00159018
0.00174301
0.00158906
0.00140224
0.00120179
0.000994312
0.000797599
0.000620516
0.000461537
0.00031869
0.0001864
6.24098e-05
-0.0608587
-0.0577377
-0.0400906
-0.0191502
-0.00733574
-0.00420017
-0.00286514
-0.0010517
0.000259598
0.000753396
0.000856006
0.000845668
0.000780419
0.000678729
0.000563171
0.000448563
0.00033921
0.000236949
0.000139666
4.698e-05
-0.0453023
-0.044748
-0.0340148
-0.0194414
-0.0094495
-0.00559417
-0.00389715
-0.00219123
-0.00082637
-0.000115703
0.000187573
0.00032458
0.000375538
0.000368683
0.000328904
0.000274507
0.000214229
0.000152896
9.13646e-05
3.09821e-05
-0.0343132
-0.0349374
-0.0284489
-0.0185295
-0.0105867
-0.00662681
-0.00467394
-0.00304424
-0.00170003
-0.000863858
-0.000410725
-0.000153174
-4.13597e-06
7.1863e-05
0.00010097
0.000103099
8.99843e-05
6.87256e-05
4.27707e-05
1.48572e-05
-0.026334
-0.0275193
-0.0236531
-0.0169964
-0.0109377
-0.00727216
-0.00522399
-0.00366241
-0.00237759
-0.0014863
-0.000932081
-0.000581228
-0.000352037
-0.00020563
-0.000115588
-6.17762e-05
-3.06689e-05
-1.35922e-05
-4.96528e-06
-1.0196e-06
-0.020448
-0.0218723
-0.0196578
-0.0152521
-0.0107643
-0.00759022
-0.00559029
-0.00410388
-0.00289276
-0.0019921
-0.00137684
-0.000957526
-0.0006647
-0.000459834
-0.000317128
-0.000217102
-0.000145385
-9.2394e-05
-5.08709e-05
-1.63265e-05
-0.0160273
-0.0175413
-0.0163831
-0.0135197
-0.0102702
-0.00764631
-0.00579892
-0.00440647
-0.00327518
-0.00239363
-0.0017483
-0.00128223
-0.000940679
-0.000688423
-0.000501154
-0.000360623
-0.00025233
-0.000166344
-9.41453e-05
-3.0793e-05
-0.0126745
-0.0141987
-0.0137282
-0.0119221
-0.00961629
-0.00751796
-0.00588112
-0.00460119
-0.00355223
-0.0027059
-0.00205258
-0.00155753
-0.00118016
-0.000890399
-0.000666151
-0.000490778
-0.000350148
-0.000234412
-0.000134151
-4.42002e-05
-0.0101108
-0.0116081
-0.0115904
-0.0105118
-0.00891071
-0.00727414
-0.00586811
-0.00471282
-0.00374679
-0.00294387
-0.0022972
-0.00178686
-0.00138445
-0.00106574
-0.000811391
-0.000606592
-0.000437895
-0.000295838
-0.000170402
-5.63775e-05
-0.00814684
-0.00959932
-0.00988193
-0.0093063
-0.00822462
-0.00697258
-0.00579083
-0.00476308
-0.00387815
-0.00312153
-0.00249025
-0.00197446
-0.00155557
-0.00121512
-0.000936743
-0.000707559
-0.000514974
-0.000350095
-0.000202543
-6.71974e-05
-0.00664639
-0.00804872
-0.00853086
-0.00830359
-0.0076009
-0.00665703
-0.00567688
-0.00477081
-0.00396233
-0.0032512
-0.00263959
-0.00212484
-0.00169593
-0.00133964
-0.00104249
-0.000793525
-0.000581052
-0.000396842
-0.000230329
-7.65692e-05
-0.00551255
-0.00686639
-0.0074805
-0.00749381
-0.00706428
-0.0063593
-0.00554965
-0.00475239
-0.00401268
-0.00334343
-0.00275244
-0.00224241
-0.00180809
-0.00144061
-0.00112918
-0.000864572
-0.000635996
-0.000435881
-0.000253602
-8.44323e-05
-0.00467542
-0.00598694
-0.00668696
-0.0068644
-0.00662794
-0.00610144
-0.00542779
-0.00472152
-0.00404012
-0.00340693
-0.00283502
-0.00233122
-0.00189447
-0.0015194
-0.00119745
-0.000920922
-0.000679798
-0.000467119
-0.000272271
-9.0749e-05
-0.00408598
-0.00536385
-0.00611812
-0.00640378
-0.00629824
-0.00589793
-0.00532519
-0.00468901
-0.00405323
-0.00344858
-0.00289244
-0.00239467
-0.00195722
-0.00157725
-0.00124797
-0.00096285
-0.000712526
-0.000490529
-0.00028629
-9.5496e-05
-0.00371071
-0.0049651
-0.00575091
-0.00610218
-0.0060778
-0.00575801
-0.00525173
-0.00466296
-0.00405845
-0.00347353
-0.00292856
-0.00243545
-0.00199805
-0.0016152
-0.0012813
-0.000990626
-0.000734272
-0.000506118
-0.000295646
-9.86576e-05
-0.00352823
-0.00477055
-0.00557054
-0.00595279
-0.00596743
-0.00568692
-0.00521361
-0.00464868
-0.00406004
-0.00348519
-0.002946
-0.00245539
-0.00201817
-0.001634
-0.00129786
-0.00100446
-0.000745126
-0.000513904
-0.000300338
-0.000100228
-0.187315
-0.195379
-0.203239
-0.210939
-0.218524
-0.226047
-0.233563
-0.241132
-0.248816
-0.25668
-0.264778
-0.273168
-0.281854
-0.290867
-0.300046
-0.309401
-0.318344
-0.327329
-0.334991
-0.345136
-0.119206
-0.123406
-0.127437
-0.131303
-0.135007
-0.13855
-0.141933
-0.145156
-0.148218
-0.151118
-0.153857
-0.156444
-0.158885
-0.16122
-0.163477
-0.165798
-0.168267
-0.171354
-0.175419
-0.182352
-0.0722962
-0.0756933
-0.0790424
-0.0823505
-0.0856244
-0.0888713
-0.0920988
-0.0953152
-0.0985286
-0.101748
-0.10498
-0.108233
-0.111512
-0.114821
-0.118155
-0.121509
-0.124864
-0.128226
-0.131649
-0.135467
-0.0528688
-0.0551488
-0.057377
-0.0595577
-0.0616948
-0.0637922
-0.0658535
-0.0678823
-0.0698818
-0.0718554
-0.0738059
-0.0757368
-0.0776513
-0.079554
-0.0814511
-0.0833521
-0.0852782
-0.087267
-0.0894394
-0.0920597
-0.0369373
-0.0384815
-0.0400123
-0.0415321
-0.0430431
-0.0445476
-0.0460477
-0.0475457
-0.0490437
-0.0505436
-0.0520476
-0.0535575
-0.0550753
-0.0566027
-0.0581416
-0.059693
-0.0612628
-0.0628568
-0.0645265
-0.0663762
-0.0280321
-0.0291609
-0.0302808
-0.0313926
-0.0324969
-0.0335942
-0.0346853
-0.035771
-0.036852
-0.0379292
-0.0390036
-0.040076
-0.0411476
-0.0422195
-0.0432934
-0.0443706
-0.0454565
-0.046556
-0.0477068
-0.0489717
-0.0208623
-0.0216823
-0.0224985
-0.0233112
-0.0241209
-0.0249283
-0.025734
-0.0265385
-0.0273425
-0.0281467
-0.0289516
-0.0297579
-0.0305662
-0.031377
-0.0321914
-0.0330095
-0.0338345
-0.0346677
-0.0355329
-0.0364631
-0.0160252
-0.0166563
-0.0172848
-0.0179109
-0.0185347
-0.0191564
-0.0197761
-0.0203941
-0.0210105
-0.0216255
-0.0222394
-0.0228525
-0.023465
-0.0240773
-0.0246897
-0.0253026
-0.0259179
-0.026536
-0.0271732
-0.0278475
-0.0121712
-0.0126626
-0.0131523
-0.0136402
-0.0141265
-0.0146113
-0.0150947
-0.0155768
-0.0160578
-0.0165378
-0.0170169
-0.0174954
-0.0179735
-0.0184511
-0.0189288
-0.0194064
-0.0198853
-0.0203653
-0.0208578
-0.0213729
-0.00929179
-0.00969062
-0.0100878
-0.0104832
-0.0108769
-0.0112689
-0.0116593
-0.012048
-0.0124351
-0.0128206
-0.0132045
-0.013587
-0.0139681
-0.0143478
-0.0147263
-0.0151036
-0.0154805
-0.0158567
-0.0162401
-0.0166363
-0.00702636
-0.00735488
-0.00768174
-0.00800691
-0.00833039
-0.00865218
-0.00897227
-0.00929066
-0.00960738
-0.00992244
-0.0102359
-0.0105476
-0.0108579
-0.0111665
-0.0114737
-0.0117793
-0.012084
-0.0123874
-0.012695
-0.01301
-0.00528613
-0.00556297
-0.0058382
-0.00611175
-0.00638358
-0.00665369
-0.00692203
-0.00718857
-0.00745331
-0.00771623
-0.00797731
-0.00823655
-0.00849395
-0.00874949
-0.00900322
-0.00925506
-0.00950543
-0.00975399
-0.0100046
-0.010259
-0.00392867
-0.00416535
-0.00440048
-0.00463399
-0.00486586
-0.00509604
-0.0053245
-0.00555118
-0.00577606
-0.00599912
-0.00622034
-0.00643969
-0.00665717
-0.00687275
-0.00708644
-0.00729817
-0.00750821
-0.0077163
-0.00792513
-0.00813555
-0.00288562
-0.00309123
-0.00329536
-0.00349795
-0.00369894
-0.00389831
-0.00409602
-0.00429202
-0.00448626
-0.00467873
-0.00486937
-0.00505817
-0.0052451
-0.00543012
-0.00561323
-0.00579437
-0.00597371
-0.00615103
-0.00632818
-0.00650555
-0.00208679
-0.00226788
-0.00244761
-0.0026259
-0.0028027
-0.00297799
-0.00315172
-0.00332384
-0.0034943
-0.00366307
-0.0038301
-0.00399537
-0.00415885
-0.00432049
-0.00448028
-0.00463818
-0.00479427
-0.0049484
-0.00510179
-0.00525459
-0.00148184
-0.00164419
-0.00180528
-0.001965
-0.00212334
-0.00228027
-0.00243574
-0.00258969
-0.00274208
-0.00289286
-0.003042
-0.00318946
-0.00333521
-0.00347921
-0.00362144
-0.00376185
-0.00390051
-0.00403727
-0.00417294
-0.00430752
-0.00103198
-0.00118046
-0.00132773
-0.00147369
-0.00161832
-0.00176161
-0.00190352
-0.002044
-0.002183
-0.00232049
-0.00245643
-0.00259078
-0.00272351
-0.00285458
-0.00298398
-0.00311167
-0.00323766
-0.00336187
-0.00348476
-0.00360629
-0.000716571
-0.00085497
-0.000992208
-0.00112819
-0.00126291
-0.00139636
-0.00152851
-0.00165931
-0.00178872
-0.0019167
-0.00204321
-0.00216824
-0.00229174
-0.0024137
-0.00253407
-0.00265284
-0.00277
-0.00288549
-0.00299956
-0.00311214
-0.00051781
-0.00064931
-0.000779739
-0.000908989
-0.00103705
-0.00116393
-0.0012896
-0.00141401
-0.00153712
-0.00165889
-0.00177931
-0.00189834
-0.00201594
-0.00213209
-0.00224677
-0.00235995
-0.00247161
-0.00258172
-0.00269037
-0.00279749
-0.000424676
-0.000552041
-0.00067838
-0.000803624
-0.000927771
-0.00105083
-0.00117275
-0.00129351
-0.00141307
-0.00153141
-0.00164852
-0.00176435
-0.0018789
-0.00199214
-0.00210405
-0.00221462
-0.00232382
-0.00243163
-0.00253808
-0.00264308
0.046714
0.0187545
4.88088e-05
-0.00897402
-0.0178585
-0.0298071
-0.0429321
-0.0554877
-0.067304
-0.0787913
-0.0901476
-0.101318
-0.1122
-0.122744
-0.132943
-0.142805
-0.152335
-0.161537
-0.170422
-0.179007
0.00747971
-0.00396673
-0.0131909
-0.0198137
-0.0257349
-0.0324301
-0.039793
-0.0470861
-0.0539385
-0.0604235
-0.0667075
-0.072849
-0.0788201
-0.0845843
-0.0901302
-0.0954638
-0.100595
-0.105529
-0.110273
-0.11483
0.00685696
0.005441
0.00214787
-0.00302908
-0.00820031
-0.0127975
-0.0171808
-0.021607
-0.0260356
-0.0303684
-0.0345824
-0.0387009
-0.0427419
-0.0467061
-0.0505888
-0.054389
-0.05811
-0.0617564
-0.065333
-0.0688446
0.00475452
0.00552313
0.00286153
-0.00189291
-0.00642223
-0.0100927
-0.0133472
-0.0165964
-0.0198997
-0.0231573
-0.0263002
-0.0293247
-0.0322512
-0.035094
-0.0378567
-0.0405395
-0.0431443
-0.0456751
-0.0481363
-0.0505328
-0.000432537
-0.000132868
-0.00200493
-0.00506207
-0.00792953
-0.0102336
-0.0122378
-0.0142087
-0.0162089
-0.0181906
-0.0201105
-0.0219624
-0.0237595
-0.0255143
-0.0272329
-0.0289181
-0.030572
-0.0321976
-0.0337982
-0.0353771
-0.00378687
-0.00391134
-0.00494479
-0.00662115
-0.00830259
-0.00974536
-0.0110338
-0.0122964
-0.013579
-0.0148677
-0.0161409
-0.0173915
-0.0186228
-0.0198394
-0.0210439
-0.0222366
-0.0234176
-0.0245872
-0.0257457
-0.0268938
-0.0041794
-0.00433083
-0.00485953
-0.00583735
-0.00692092
-0.0079111
-0.00881182
-0.0096875
-0.0105722
-0.0114651
-0.0123554
-0.0132369
-0.0141094
-0.0149745
-0.0158333
-0.0166861
-0.0175327
-0.0183733
-0.0192082
-0.0200377
-0.00342475
-0.00371141
-0.00408594
-0.00472724
-0.00548233
-0.00621422
-0.00689643
-0.00755628
-0.00821676
-0.0088824
-0.00954879
-0.010212
-0.0108709
-0.011526
-0.0121778
-0.0128267
-0.0134724
-0.0141151
-0.0147548
-0.0153914
-0.00235755
-0.00272598
-0.00304204
-0.00349448
-0.00403746
-0.00458804
-0.00511477
-0.00562515
-0.00613268
-0.00664265
-0.00715396
-0.00766434
-0.0081727
-0.00867898
-0.00918339
-0.00968603
-0.0101869
-0.0106858
-0.0111829
-0.011678
-0.00127851
-0.00163989
-0.00192353
-0.00228144
-0.002704
-0.00314059
-0.00356592
-0.00398062
-0.00439232
-0.00480503
-0.00521873
-0.00563214
-0.00604442
-0.00645532
-0.0068649
-0.00727314
-0.00767998
-0.00808534
-0.00848913
-0.00889129
-0.000334152
-0.000659857
-0.000920746
-0.00122476
-0.00157185
-0.00193057
-0.00228329
-0.00262898
-0.00297199
-0.00331501
-0.00365825
-0.00400098
-0.00434263
-0.004683
-0.00502205
-0.00535979
-0.00569613
-0.00603102
-0.00636439
-0.00669619
0.000416831
0.000127097
-0.000114519
-0.000380218
-0.000673145
-0.00097444
-0.00127252
-0.00156606
-0.0018575
-0.00214851
-0.00243932
-0.0027295
-0.00301869
-0.00330672
-0.00359355
-0.00387913
-0.00416341
-0.00444631
-0.00472778
-0.00500773
0.00099219
0.000740653
0.00051982
0.000284087
3.15253e-05
-0.000226207
-0.000481913
-0.000734662
-0.000985843
-0.00123645
-0.0014866
-0.00173603
-0.00198452
-0.00223192
-0.00247818
-0.00272326
-0.00296709
-0.00320961
-0.00345076
-0.00369046
0.00141737
0.00119509
0.000992935
0.000782596
0.000562228
0.000338655
0.000116317
-0.000104078
-0.00032329
-0.000541893
-0.000759955
-0.000977309
-0.00119379
-0.0014093
-0.00162377
-0.00183716
-0.00204939
-0.00226042
-0.00247018
-0.0026786
0.00172214
0.0015161
0.00132858
0.0011411
0.000948556
0.000753315
0.000558173
0.000364108
0.00017095
-2.16137e-05
-0.000213665
-0.000405115
-0.00059584
-0.000785746
-0.000974766
-0.00116284
-0.0013499
-0.00153589
-0.00172074
-0.0019044
0.00194107
0.00175199
0.00157832
0.00140869
0.00123714
0.00106347
0.000889286
0.000715565
0.000542489
0.00036994
0.000197854
2.62784e-05
-0.000144695
-0.000314975
-0.000484488
-0.000653168
-0.000820951
-0.000987773
-0.00115357
-0.00131829
0.00209958
0.00193513
0.0017763
0.00161833
0.00145945
0.00129988
0.0011403
0.000981092
0.000822339
0.000664043
0.000506222
0.000348929
0.000192236
3.62134e-05
-0.000119074
-0.000273563
-0.000427195
-0.00057991
-0.000731654
-0.000882367
0.00220569
0.00206014
0.0019127
0.00176287
0.0016124
0.00146235
0.00131288
0.00116388
0.00101528
0.000867112
0.000719454
0.000572373
0.000425926
0.000280165
0.000135142
-9.08944e-06
-0.000152476
-0.000294966
-0.000436514
-0.00057707
0.0022642
0.00212207
0.00197942
0.00183657
0.00169392
0.00155161
0.00140966
0.00126806
0.00112687
0.00098614
0.000845916
0.00070625
0.000567188
0.00042878
0.000291072
0.000154114
1.79525e-05
-0.000117366
-0.000251798
-0.000385297
0.00228648
0.00213917
0.00199632
0.00185753
0.00172001
0.00158233
0.00144448
0.00130684
0.00116968
0.00103307
0.000897022
0.00076155
0.000626693
0.0004925
0.000359018
0.000226289
9.43556e-05
-3.67447e-05
-0.000166979
-0.000296311
0.102719
0.103139
0.104034
0.10537
0.107166
0.109411
0.112151
0.115388
0.11915
0.123441
0.128242
0.133509
0.139139
0.144913
0.150498
0.155096
0.157331
0.154052
0.138539
0.0951848
0.0948692
0.0951386
0.0956898
0.0965078
0.0975779
0.0988878
0.100394
0.102105
0.103902
0.105793
0.107541
0.109089
0.110012
0.110136
0.108626
0.105075
0.0978551
0.086211
0.0669175
0.0367003
0.0857419
0.0858532
0.0860527
0.0863372
0.0866859
0.0870689
0.087427
0.0877058
0.0877909
0.08758
0.0868755
0.0854575
0.0830157
0.0791597
0.073385
0.0651599
0.0540066
0.0400502
0.0248817
0.0128742
0.0760187
0.075987
0.0758919
0.0757351
0.0754962
0.0751407
0.074604
0.073813
0.0726604
0.0710262
0.0687484
0.0656306
0.0614652
0.0559881
0.0489885
0.0402745
0.0299368
0.0185205
0.00788856
0.00246881
0.0663542
0.0662201
0.0659238
0.0654675
0.0648346
0.0639948
0.0628927
0.061466
0.0596302
0.0573002
0.0543682
0.0507325
0.0462939
0.0409682
0.0347139
0.0275434
0.0195723
0.0111364
0.0031559
-0.00175728
0.0572557
0.0570646
0.0566606
0.056046
0.0552095
0.0541313
0.0527726
0.0510937
0.0490407
0.0465712
0.0436297
0.0401835
0.0361969
0.031656
0.0265489
0.0208903
0.0146978
0.00812947
0.00161941
-0.0033504
0.0490377
0.0488268
0.0483899
0.0477288
0.0468371
0.0457046
0.0443089
0.0426305
0.0406399
0.0383222
0.0356493
0.0326146
0.0291972
0.0253924
0.0211811
0.0165707
0.0115614
0.00627448
0.000990277
-0.00331566
0.0418384
0.0416325
0.0412103
0.0405724
0.0397156
0.0386361
0.0373229
0.0357689
0.0339585
0.0318883
0.0295416
0.0269203
0.0240105
0.0208186
0.0173391
0.0136034
0.00963323
0.0055363
0.00145254
-0.00215821
0.0356658
0.0354773
0.0350929
0.0345122
0.033733
0.0327552
0.031574
0.0301885
0.0285912
0.0267842
0.0247593
0.0225255
0.0200791
0.0174374
0.0146067
0.0116246
0.00850813
0.00532561
0.00211921
-0.00092294
0.0304519
0.0302852
0.0299463
0.0294339
0.0287466
0.0278855
0.0268496
0.0256415
0.0242589
0.0227079
0.0209869
0.0191082
0.0170741
0.0149027
0.012601
0.0101983
0.00770238
0.00515739
0.00257482
4.99696e-05
0.0260957
0.025951
0.0256575
0.0252133
0.0246176
0.0238722
0.0229782
0.02194
0.0207587
0.0194417
0.0179907
0.016418
0.0147271
0.0129333
0.0110425
0.00907802
0.00704557
0.00497884
0.00288133
0.000809244
0.0224893
0.022365
0.0221131
0.0217319
0.0212208
0.0205818
0.0198171
0.0189317
0.0179281
0.0168137
0.0155915
0.0142724
0.0128601
0.0113679
0.00980125
0.00817948
0.00650831
0.00481419
0.00309741
0.00138999
0.0195303
0.0194238
0.0192085
0.0188826
0.0184457
0.0178997
0.0172472
0.0164931
0.0156405
0.0146961
0.0136636
0.0125522
0.0113662
0.0101164
0.00880792
0.00745603
0.00606517
0.00465519
0.00322672
0.00180761
0.0171272
0.0170359
0.0168514
0.0165723
0.016198
0.0157305
0.0151722
0.0145276
0.0138001
0.0129956
0.0121179
0.0111751
0.0101712
0.00911537
0.00801223
0.0068739
0.00570402
0.00451738
0.00331427
0.00211576
0.0152017
0.0151229
0.0149638
0.0147229
0.0144
0.0139967
0.0135153
0.0129598
0.0123337
0.0116419
0.0108883
0.0100797
0.00922014
0.00831731
0.00737593
0.00640637
0.00541275
0.00440662
0.00338549
0.00235117
0.0136891
0.0136202
0.0134812
0.0132708
0.0129888
0.0126365
0.0122161
0.0117312
0.011185
0.0105818
0.00992513
0.00922091
0.00847295
0.00768776
0.00686987
0.00602813
0.00516685
0.00429521
0.00341023
0.00250505
0.0125375
0.0124763
0.0123527
0.0121657
0.0119149
0.0116017
0.011228
0.0107969
0.0103114
0.00977541
0.00919206
0.00856639
0.00790186
0.00720387
0.00647617
0.00572565
0.00495567
0.00417354
0.00338013
0.00258148
0.0117072
0.0116514
0.011539
0.0113688
0.0111407
0.0108557
0.0105156
0.0101234
0.00968165
0.00919384
0.00866301
0.00809347
0.00748841
0.00685233
0.00618833
0.00550191
0.00479572
0.0040761
0.0033473
0.00262588
0.0111692
0.011117
0.0110118
0.0108526
0.0106391
0.0103724
0.0100541
0.00968692
0.00927348
0.00881682
0.00831989
0.00778666
0.00722024
0.00662476
0.00600339
0.00536135
0.00470166
0.00403001
0.0033495
0.00266959
0.0109048
0.0108543
0.0107526
0.0105988
0.0103925
0.0101348
0.00982722
0.00947239
0.00907283
0.00863145
0.00815118
0.00763585
0.00708867
0.00651372
0.00591456
0.0052967
0.00466381
0.00402103
0.00336844
0.00270245
0.111806
0.112298
0.113442
0.115096
0.117461
0.120382
0.124164
0.128612
0.134158
0.140564
0.148457
0.157516
0.168707
0.181548
0.197652
0.21621
0.240155
0.267927
0.305133
0.348374
0.111774
0.112266
0.11341
0.115062
0.117426
0.120345
0.124124
0.128569
0.134112
0.140511
0.148396
0.157444
0.168618
0.181436
0.1975
0.216006
0.239856
0.267488
0.304452
0.347283
0.111711
0.112202
0.113344
0.114995
0.117356
0.120272
0.124046
0.128484
0.134018
0.140405
0.148274
0.157299
0.168439
0.181212
0.197197
0.2156
0.239259
0.266614
0.303092
0.345108
0.111615
0.112106
0.113246
0.114894
0.117252
0.120161
0.123929
0.128357
0.133878
0.140247
0.148091
0.157083
0.168171
0.180878
0.196746
0.214994
0.238368
0.265311
0.30106
0.34186
0.111488
0.111978
0.113116
0.11476
0.117113
0.120015
0.123773
0.128187
0.133692
0.140037
0.147849
0.156796
0.167817
0.180433
0.196147
0.21419
0.237187
0.263585
0.298365
0.337556
0.111329
0.111819
0.112954
0.114594
0.11694
0.119832
0.123579
0.127977
0.13346
0.139775
0.147548
0.156439
0.167376
0.179881
0.195404
0.213192
0.235723
0.261448
0.295019
0.332217
0.111139
0.111628
0.11276
0.114394
0.116733
0.119614
0.123348
0.127725
0.133184
0.139463
0.147189
0.156013
0.166852
0.179223
0.194521
0.212007
0.233982
0.258911
0.291036
0.325872
0.110919
0.111407
0.112535
0.114163
0.116493
0.119361
0.123079
0.127433
0.132864
0.139101
0.146773
0.15552
0.166246
0.178461
0.193503
0.210638
0.231974
0.255991
0.286433
0.318553
0.110667
0.111155
0.112279
0.1139
0.11622
0.119074
0.122775
0.127102
0.132501
0.138691
0.146302
0.15496
0.165562
0.177598
0.192355
0.209092
0.22971
0.252701
0.281227
0.310298
0.110386
0.110873
0.111992
0.113606
0.115916
0.118754
0.122434
0.126733
0.132096
0.138233
0.145778
0.154336
0.164801
0.176637
0.191082
0.207376
0.227202
0.249061
0.275442
0.301152
0.110075
0.110561
0.111676
0.113282
0.11558
0.118401
0.12206
0.126326
0.13165
0.13773
0.145201
0.15365
0.163967
0.175581
0.189691
0.205495
0.224464
0.245088
0.269102
0.291165
0.109735
0.110221
0.111331
0.112929
0.115214
0.118016
0.121651
0.125883
0.131165
0.137182
0.144575
0.152903
0.163062
0.174433
0.188188
0.203458
0.221512
0.240801
0.262235
0.280391
0.109366
0.109853
0.110958
0.112547
0.114819
0.117601
0.12121
0.125405
0.130641
0.136591
0.1439
0.152098
0.16209
0.173199
0.18658
0.201272
0.218363
0.236218
0.254874
0.268887
0.10897
0.109457
0.110557
0.112137
0.114394
0.117155
0.120738
0.124894
0.130081
0.135959
0.143178
0.151238
0.161054
0.171881
0.184876
0.198945
0.215038
0.231359
0.247058
0.256709
0.108545
0.109034
0.110129
0.1117
0.113942
0.116681
0.120234
0.124349
0.129484
0.135287
0.142412
0.150325
0.159956
0.170483
0.183079
0.196485
0.211555
0.22624
0.238833
0.24391
0.108094
0.108585
0.109675
0.111237
0.113463
0.116179
0.1197
0.123772
0.128851
0.134574
0.141599
0.149356
0.158793
0.169003
0.18119
0.193893
0.207928
0.220876
0.230259
0.230532
0.107617
0.10811
0.109196
0.110749
0.112958
0.11565
0.119139
0.123165
0.128186
0.133825
0.140745
0.148339
0.157574
0.167453
0.17922
0.191185
0.204179
0.215283
0.221402
0.216612
0.107115
0.107612
0.108696
0.110241
0.112436
0.115105
0.118564
0.122547
0.127514
0.133072
0.139891
0.147322
0.15636
0.165903
0.177255
0.18845
0.200405
0.209518
0.212309
0.202038
0.106587
0.10709
0.108174
0.109715
0.111898
0.114549
0.117981
0.121928
0.126847
0.132334
0.139059
0.146337
0.155186
0.164395
0.175341
0.185742
0.196665
0.203619
0.203008
0.186071
0.10603
0.106534
0.107607
0.109135
0.111288
0.113906
0.11728
0.121166
0.125985
0.131361
0.137912
0.144979
0.153516
0.162324
0.172706
0.18229
0.192109
0.197104
0.193648
0.169089
0.106029
0.106532
0.107605
0.109133
0.111286
0.113904
0.117278
0.121163
0.125982
0.131358
0.137908
0.144975
0.153512
0.162319
0.172702
0.182285
0.192103
0.197097
0.19364
0.169079
0.106585
0.107089
0.108172
0.109713
0.111896
0.114547
0.117979
0.121926
0.126845
0.132331
0.139056
0.146333
0.155182
0.164391
0.175336
0.185737
0.19666
0.203613
0.203001
0.186062
0.107113
0.107611
0.108694
0.110239
0.112434
0.115103
0.118562
0.122545
0.127511
0.13307
0.139888
0.147319
0.156357
0.165899
0.177251
0.188445
0.2004
0.209512
0.212303
0.20203
0.107616
0.108109
0.109194
0.110747
0.112957
0.115648
0.119137
0.123163
0.128184
0.133823
0.140742
0.148336
0.157571
0.167449
0.179216
0.191181
0.204174
0.215277
0.221396
0.216605
0.108093
0.108583
0.109673
0.111235
0.113461
0.116177
0.119698
0.12377
0.128849
0.134571
0.141596
0.149353
0.15879
0.169
0.181186
0.193889
0.207923
0.220871
0.230254
0.230526
0.108544
0.109032
0.110127
0.111698
0.113941
0.11668
0.120232
0.124347
0.129482
0.135284
0.142409
0.150322
0.159953
0.170479
0.183075
0.196481
0.211551
0.226235
0.238828
0.243904
0.108968
0.109456
0.110555
0.112135
0.114393
0.117154
0.120736
0.124892
0.130079
0.135956
0.143176
0.151236
0.161051
0.171878
0.184872
0.198941
0.215034
0.231354
0.247053
0.256704
0.109365
0.109852
0.110956
0.112545
0.114817
0.117599
0.121209
0.125404
0.130639
0.136589
0.143897
0.152096
0.162087
0.173196
0.186577
0.201268
0.21836
0.236214
0.25487
0.268882
0.109734
0.11022
0.11133
0.112928
0.115213
0.118015
0.12165
0.125882
0.131163
0.13718
0.144572
0.152901
0.163059
0.174431
0.188185
0.203455
0.221509
0.240797
0.262231
0.280387
0.110074
0.11056
0.111675
0.113281
0.115579
0.1184
0.122058
0.126325
0.131649
0.137728
0.145199
0.153647
0.163964
0.175578
0.189688
0.205493
0.224461
0.245085
0.269098
0.291162
0.110385
0.110872
0.111991
0.113605
0.115915
0.118753
0.122433
0.126732
0.132094
0.138232
0.145776
0.154334
0.164799
0.176635
0.191079
0.207373
0.227199
0.249058
0.275439
0.301149
0.110666
0.111154
0.112278
0.113899
0.116219
0.119073
0.122773
0.127101
0.1325
0.13869
0.1463
0.154958
0.16556
0.177596
0.192353
0.20909
0.229708
0.252699
0.281224
0.310295
0.110918
0.111406
0.112534
0.114162
0.116492
0.119361
0.123078
0.127432
0.132863
0.1391
0.146771
0.155518
0.166245
0.178459
0.193501
0.210636
0.231972
0.255988
0.28643
0.31855
0.111139
0.111627
0.112759
0.114393
0.116732
0.119614
0.123347
0.127724
0.133183
0.139462
0.147187
0.156012
0.166851
0.179221
0.19452
0.212005
0.23398
0.258909
0.291034
0.32587
0.111328
0.111818
0.112953
0.114593
0.116939
0.119832
0.123579
0.127976
0.13346
0.139774
0.147547
0.156438
0.167375
0.17988
0.195403
0.213191
0.235721
0.261446
0.295018
0.332216
0.111487
0.111978
0.113116
0.11476
0.117112
0.120014
0.123773
0.128187
0.133691
0.140036
0.147848
0.156795
0.167816
0.180432
0.196146
0.214188
0.237186
0.263583
0.298364
0.337554
0.111615
0.112106
0.113246
0.114894
0.117251
0.120161
0.123928
0.128356
0.133877
0.140246
0.148091
0.157083
0.168171
0.180877
0.196745
0.214993
0.238367
0.265309
0.301059
0.341859
0.11171
0.112202
0.113344
0.114995
0.117356
0.120271
0.124046
0.128484
0.134018
0.140405
0.148274
0.157299
0.168438
0.181212
0.197197
0.215599
0.239258
0.266613
0.303091
0.345107
0.111774
0.112266
0.11341
0.115062
0.117426
0.120345
0.124124
0.128569
0.134111
0.140511
0.148396
0.157443
0.168617
0.181436
0.1975
0.216006
0.239855
0.267488
0.304451
0.347283
0.111806
0.112298
0.113442
0.115096
0.117461
0.120382
0.124163
0.128612
0.134158
0.140564
0.148457
0.157516
0.168707
0.181548
0.197652
0.21621
0.240155
0.267926
0.305133
0.348374
0.0109036
0.0108531
0.0107515
0.0105976
0.0103914
0.0101337
0.00982615
0.00947137
0.00907188
0.00863059
0.0081504
0.00763513
0.00708786
0.00651255
0.00591244
0.00529261
0.00465618
0.00400822
0.00335097
0.0026902
0.011168
0.0111158
0.0110106
0.0108514
0.0106379
0.0103712
0.010053
0.00968585
0.00927244
0.00881583
0.00831901
0.00778595
0.00721981
0.00662481
0.00600434
0.0053639
0.00470682
0.00403878
0.00336149
0.00267829
0.0117059
0.0116502
0.0115378
0.0113676
0.0111395
0.0108545
0.0105144
0.0101221
0.00968045
0.00919268
0.00866193
0.00809254
0.00748785
0.00685253
0.00619012
0.00550669
0.00480558
0.00409307
0.00337043
0.00264224
0.0125362
0.0124749
0.0123514
0.0121644
0.0119137
0.0116004
0.0112267
0.0107956
0.0103102
0.00977411
0.00919068
0.00856488
0.00790021
0.00720203
0.00647408
0.00572328
0.00495306
0.00417095
0.00337805
0.00258055
0.0136877
0.0136188
0.0134798
0.0132695
0.0129875
0.0126352
0.0122148
0.01173
0.0111837
0.0105804
0.0099236
0.00921905
0.00847049
0.00768422
0.00686429
0.00601898
0.00515189
0.00427226
0.00338049
0.00248428
0.0152002
0.0151214
0.0149623
0.0147215
0.0143986
0.0139953
0.013514
0.0129586
0.0123325
0.0116407
0.0108871
0.0100783
0.00921838
0.00831487
0.00737224
0.00640058
0.00540385
0.00439383
0.00336997
0.00234071
0.0171255
0.0170343
0.0168498
0.0165707
0.0161965
0.015729
0.0151708
0.0145264
0.013799
0.0129947
0.0121173
0.0111748
0.0101713
0.00911614
0.00801411
0.00687763
0.00571083
0.00452859
0.00332954
0.00212654
0.0195284
0.019422
0.0192067
0.0188808
0.0184439
0.0178981
0.0172457
0.0164917
0.0156393
0.0146953
0.0136632
0.0125526
0.0113676
0.0101194
0.00881331
0.00746488
0.00607864
0.00467383
0.00324835
0.00182133
0.0224872
0.0223629
0.022111
0.0217298
0.0212188
0.0205798
0.0198152
0.0189298
0.0179264
0.0168123
0.0155905
0.014272
0.0128606
0.0113697
0.00980482
0.00818536
0.00651677
0.00482489
0.00310847
0.00139615
0.0260933
0.0259486
0.025655
0.0252109
0.0246152
0.0238698
0.0229758
0.0219376
0.0207562
0.0194392
0.0179883
0.0164156
0.0147247
0.012931
0.0110403
0.00907609
0.00704405
0.0049779
0.00288094
0.000808705
0.0304492
0.0302825
0.0299436
0.0294311
0.0287438
0.0278826
0.0268466
0.0256384
0.0242556
0.0227043
0.0209829
0.0191037
0.0170687
0.0148961
0.0125927
0.0101879
0.00768975
0.00514292
0.00256033
4.07511e-05
0.0356628
0.0354743
0.0350899
0.0345091
0.0337299
0.0327519
0.0315706
0.030185
0.0285874
0.02678
0.0247547
0.0225201
0.0200727
0.0174293
0.0145961
0.0116103
0.00848882
0.00530061
0.00209089
-0.000942142
0.0418352
0.0416293
0.041207
0.0405691
0.0397122
0.0386327
0.0373193
0.0357652
0.0339546
0.0318842
0.0295372
0.0269155
0.0240052
0.0208124
0.0173317
0.0135939
0.0096203
0.0055185
0.00143065
-0.00217486
0.0490344
0.0488236
0.0483866
0.0477254
0.0468337
0.0457011
0.0443053
0.0426268
0.0406361
0.0383184
0.0356455
0.0326109
0.0291937
0.0253895
0.0211793
0.0165709
0.0115647
0.00628136
0.000999374
-0.00331228
0.0572524
0.0570612
0.0566572
0.0560426
0.0552061
0.0541278
0.0527691
0.0510902
0.0490371
0.0465676
0.0436262
0.0401803
0.0361943
0.0316545
0.0265492
0.0208942
0.0147074
0.00814738
0.0016444
-0.00333576
0.0663509
0.0662168
0.0659204
0.0654642
0.0648312
0.0639914
0.0628892
0.0614625
0.0596266
0.0572966
0.0543647
0.0507291
0.0462907
0.0409653
0.0347114
0.0275416
0.0195707
0.011134
0.00315154
-0.001762
0.0760155
0.0759838
0.0758887
0.0757318
0.0754929
0.0751373
0.0746005
0.0738094
0.0726567
0.0710223
0.0687444
0.0656265
0.0614608
0.0559831
0.0489823
0.0402665
0.0299257
0.018505
0.00786907
0.00245584
0.0857389
0.0858502
0.0860497
0.0863341
0.0866827
0.0870656
0.0874236
0.0877022
0.0877871
0.087576
0.086871
0.0854526
0.0830103
0.0791536
0.0733778
0.0651514
0.0539971
0.0400406
0.0248731
0.0128661
0.0948666
0.0951359
0.0956871
0.096505
0.097575
0.0988848
0.100391
0.102102
0.103898
0.105789
0.107537
0.109084
0.110006
0.11013
0.108619
0.105068
0.0978481
0.086204
0.06691
0.0366898
0.102717
0.103137
0.104032
0.105367
0.107163
0.109409
0.112148
0.115385
0.119147
0.123437
0.128239
0.133504
0.139135
0.144908
0.150492
0.15509
0.157324
0.154044
0.138529
0.0951711
0.00229063
0.00214913
0.00200816
0.00186832
0.00172921
0.00159046
0.00145198
0.00131386
0.00117623
0.00103915
0.000902647
0.000766768
0.000631545
0.000497021
0.000363236
0.000230233
9.80481e-05
-3.32797e-05
-0.000163714
-0.00029322
0.00226225
0.00211638
0.0019726
0.00183054
0.00168903
0.00154752
0.00140604
0.00126481
0.00112398
0.000983603
0.000843715
0.000704353
0.000565565
0.000427403
0.00028992
0.000153167
1.71928e-05
-0.000117954
-0.000252227
-0.000385577
0.00220046
0.00204745
0.0018978
0.00174951
0.00160119
0.00145259
0.00130401
0.0011557
0.0010078
0.000860347
0.000713364
0.000566898
0.00042101
0.000275762
0.000131213
-1.25809e-05
-0.000155564
-0.000297682
-0.000438882
-0.000579109
0.00209988
0.00193593
0.00177727
0.00161914
0.00145998
0.00130021
0.00114052
0.00098126
0.000822478
0.00066416
0.000506325
0.000349031
0.000192348
3.63465e-05
-0.000118912
-0.000273367
-0.00042696
-0.000579633
-0.000731327
-0.000881986
0.00194647
0.00176634
0.00159535
0.00142394
0.00124992
0.00107464
0.000899544
0.000725117
0.000551317
0.000378029
0.000205247
3.30426e-05
-0.000138493
-0.000309282
-0.000479258
-0.000648359
-0.000816525
-0.000983693
-0.0011498
-0.0013148
0.0017251
0.00152344
0.00133717
0.00114889
0.000955358
0.000759548
0.000564086
0.000369718
0.000176212
-1.67183e-05
-0.000209124
-0.000400906
-0.000591946
-0.000782151
-0.000971455
-0.0011598
-0.00134711
-0.00153334
-0.00171841
-0.00190227
0.00141429
0.00118718
0.000983679
0.00077447
0.000555599
0.000333001
0.000111198
-0.000108806
-0.000327625
-0.000545829
-0.000763522
-0.000980554
-0.00119676
-0.00141202
-0.00162629
-0.00183949
-0.00205157
-0.00226245
-0.00247209
-0.00268041
0.000987316
0.000729658
0.000507218
0.0002728
2.18099e-05
-0.000235011
-0.000490235
-0.000742572
-0.000993288
-0.0012434
-0.00149309
-0.0017421
-0.0019902
-0.00223725
-0.00248318
-0.00272795
-0.0029715
-0.00321377
-0.00345468
-0.00369417
0.000413797
0.000121202
-0.000121169
-0.000386399
-0.000678832
-0.00097992
-0.00127792
-0.00157137
-0.00186266
-0.0021535
-0.00244414
-0.00273416
-0.00302319
-0.00331106
-0.00359773
-0.00388316
-0.00416728
-0.00445004
-0.00473137
-0.0050112
-0.000335858
-0.000661847
-0.00092285
-0.00122698
-0.00157425
-0.00193315
-0.00228598
-0.00263172
-0.00297478
-0.00331783
-0.0036611
-0.00400385
-0.0043455
-0.00468585
-0.00502489
-0.00536259
-0.00569891
-0.00603376
-0.00636708
-0.00669883
-0.00127865
-0.00163695
-0.00191997
-0.00227886
-0.00270252
-0.00313973
-0.00356537
-0.0039803
-0.00439226
-0.00480524
-0.00521919
-0.00563281
-0.00604526
-0.00645632
-0.00686601
-0.00727436
-0.0076813
-0.00808673
-0.00849058
-0.0088928
-0.00235606
-0.00271745
-0.00303197
-0.0034863
-0.00403124
-0.00458283
-0.00511003
-0.00562084
-0.00612892
-0.00663945
-0.00715129
-0.00766214
-0.00817092
-0.00867757
-0.00918232
-0.00968526
-0.0101864
-0.0106856
-0.0111828
-0.0116781
-0.00342647
-0.00370801
-0.00408113
-0.00472322
-0.00547904
-0.00621111
-0.00689334
-0.00755334
-0.00821408
-0.00888001
-0.00954669
-0.0102102
-0.0108693
-0.0115247
-0.0121769
-0.012826
-0.013472
-0.0141149
-0.0147547
-0.0153916
-0.00418951
-0.00434561
-0.00487476
-0.00585038
-0.0069317
-0.00792058
-0.00882058
-0.00969565
-0.0105797
-0.011472
-0.0123616
-0.0132426
-0.0141147
-0.0149794
-0.0158379
-0.0166903
-0.0175367
-0.0183771
-0.0192118
-0.0200412
-0.00379834
-0.00393195
-0.00496727
-0.00664117
-0.00832036
-0.00976217
-0.0110501
-0.0123121
-0.0135939
-0.0148817
-0.0161541
-0.017404
-0.0186345
-0.0198504
-0.0210542
-0.0222462
-0.0234266
-0.0245955
-0.0257535
-0.026901
-0.000435159
-0.000135299
-0.00200838
-0.00506686
-0.00793543
-0.0102402
-0.0122448
-0.014216
-0.0162164
-0.0181983
-0.0201183
-0.0219703
-0.0237673
-0.025522
-0.0272406
-0.0289256
-0.0305792
-0.0322046
-0.033805
-0.0353836
0.0047549
0.00552827
0.00286735
-0.00188884
-0.00641974
-0.010091
-0.0133459
-0.0165957
-0.0198997
-0.0231578
-0.0263013
-0.0293262
-0.0322532
-0.0350963
-0.0378592
-0.0405422
-0.0431472
-0.0456781
-0.0481394
-0.0505359
0.00684771
0.005432
0.00213983
-0.00303642
-0.00820729
-0.0128044
-0.0171876
-0.0216138
-0.0260422
-0.030375
-0.0345889
-0.0387074
-0.0427483
-0.0467124
-0.0505951
-0.0543952
-0.0581161
-0.0617623
-0.0653388
-0.0688501
0.00746549
-0.00398279
-0.0132071
-0.0198294
-0.0257503
-0.0324456
-0.0398085
-0.0471014
-0.0539536
-0.0604384
-0.0667222
-0.0728634
-0.0788343
-0.0845982
-0.0901437
-0.095477
-0.100607
-0.105542
-0.110285
-0.114842
0.0466983
0.0187406
3.57582e-05
-0.00898826
-0.0178743
-0.029824
-0.0429495
-0.0555055
-0.0673221
-0.0788098
-0.0901664
-0.101337
-0.112219
-0.122762
-0.132961
-0.142823
-0.152352
-0.161553
-0.170437
-0.17902
-0.000421761
-0.000549305
-0.000675819
-0.000801272
-0.000925633
-0.00104887
-0.00117097
-0.00129188
-0.0014116
-0.00153008
-0.00164732
-0.00176329
-0.00187796
-0.00199132
-0.00210334
-0.00221401
-0.00232332
-0.00243122
-0.00253776
-0.00264287
-0.000517959
-0.000649328
-0.000779641
-0.000908853
-0.00103693
-0.00116382
-0.00128949
-0.0014139
-0.00153703
-0.00165882
-0.00177926
-0.00189831
-0.00201593
-0.00213211
-0.00224682
-0.00236002
-0.00247171
-0.00258185
-0.00269053
-0.0027977
-0.000718314
-0.000856446
-0.000993455
-0.0011293
-0.00126392
-0.00139729
-0.00152936
-0.00166008
-0.00178943
-0.00191736
-0.00204384
-0.00216883
-0.00229231
-0.00241424
-0.0025346
-0.00265335
-0.0027705
-0.002886
-0.00300006
-0.00311265
-0.00103156
-0.00117998
-0.00132721
-0.00147319
-0.00161788
-0.00176122
-0.00190317
-0.00204369
-0.00218274
-0.00232028
-0.00245626
-0.00259066
-0.00272343
-0.00285456
-0.002984
-0.00311173
-0.00323777
-0.00336202
-0.00348495
-0.00360654
-0.00147861
-0.0016412
-0.0018025
-0.00196246
-0.00212103
-0.00227816
-0.00243381
-0.00258793
-0.00274048
-0.00289141
-0.0030407
-0.0031883
-0.00333418
-0.0034783
-0.00362065
-0.00376117
-0.00389993
-0.0040368
-0.00417256
-0.00430724
-0.00208486
-0.00226611
-0.00244599
-0.00262443
-0.00280139
-0.00297681
-0.00315065
-0.00332288
-0.00349344
-0.0036623
-0.00382941
-0.00399476
-0.0041583
-0.00432001
-0.00447986
-0.00463781
-0.00479395
-0.00494813
-0.00510157
-0.00525442
-0.00288735
-0.00309287
-0.0032969
-0.0034994
-0.00370033
-0.00389962
-0.00409725
-0.00429316
-0.00448733
-0.00467972
-0.0048703
-0.00505902
-0.00524588
-0.00543083
-0.00561388
-0.00579496
-0.00597424
-0.0061515
-0.00632861
-0.00650593
-0.0039322
-0.00416871
-0.00440365
-0.00463698
-0.00486866
-0.00509865
-0.00532692
-0.00555342
-0.00577815
-0.00600106
-0.00622214
-0.00644137
-0.00665872
-0.00687418
-0.00708776
-0.00729939
-0.00750935
-0.00771734
-0.0079261
-0.00813643
-0.00528948
-0.00556618
-0.00584124
-0.00611464
-0.00638633
-0.00665628
-0.00692448
-0.00719089
-0.00745551
-0.0077183
-0.00797927
-0.00823841
-0.0084957
-0.00875114
-0.00900478
-0.00925652
-0.00950679
-0.00975525
-0.0100058
-0.01026
-0.00702895
-0.00735743
-0.00768423
-0.00800934
-0.00833276
-0.00865447
-0.00897448
-0.00929279
-0.00960943
-0.0099244
-0.0102377
-0.0105494
-0.0108595
-0.0111681
-0.0114751
-0.0117807
-0.0120852
-0.0123885
-0.012696
-0.0130109
-0.00929335
-0.0096922
-0.0100894
-0.0104848
-0.0108785
-0.0112705
-0.0116608
-0.0120495
-0.0124365
-0.012822
-0.0132059
-0.0135883
-0.0139694
-0.014349
-0.0147274
-0.0151046
-0.0154814
-0.0158576
-0.0162409
-0.0166369
-0.0121715
-0.012663
-0.0131527
-0.0136407
-0.0141271
-0.0146119
-0.0150954
-0.0155775
-0.0160585
-0.0165385
-0.0170177
-0.0174962
-0.0179743
-0.0184519
-0.0189296
-0.0194071
-0.019886
-0.020366
-0.0208585
-0.0213734
-0.0160256
-0.0166568
-0.0172855
-0.0179116
-0.0185354
-0.0191571
-0.0197768
-0.0203948
-0.0210111
-0.0216261
-0.02224
-0.0228531
-0.0234656
-0.0240777
-0.0246902
-0.025303
-0.0259182
-0.0265362
-0.0271733
-0.0278475
-0.0208656
-0.0216855
-0.0225015
-0.023314
-0.0241236
-0.0249309
-0.0257364
-0.0265408
-0.0273447
-0.0281487
-0.0289534
-0.0297596
-0.0305677
-0.0313784
-0.0321926
-0.0330105
-0.0338353
-0.0346683
-0.0355333
-0.0364632
-0.0280387
-0.0291671
-0.0302867
-0.0313981
-0.032502
-0.0335989
-0.0346897
-0.035775
-0.0368556
-0.0379325
-0.0390065
-0.0400786
-0.0411499
-0.0422214
-0.043295
-0.0443718
-0.0454573
-0.0465565
-0.0477069
-0.0489715
-0.0369436
-0.0384875
-0.0400178
-0.0415372
-0.0430478
-0.0445519
-0.0460517
-0.0475494
-0.049047
-0.0505465
-0.0520501
-0.0535596
-0.055077
-0.0566039
-0.0581424
-0.0596934
-0.0612627
-0.0628562
-0.0645253
-0.0663744
-0.0528719
-0.0551518
-0.0573799
-0.0595603
-0.0616971
-0.0637942
-0.0658553
-0.0678837
-0.0698829
-0.071856
-0.0738061
-0.0757364
-0.0776505
-0.0795526
-0.0814492
-0.0833497
-0.0852753
-0.0872636
-0.0894354
-0.0920549
-0.0723014
-0.0756983
-0.0790473
-0.082355
-0.0856283
-0.0888747
-0.0921017
-0.0953174
-0.0985301
-0.101748
-0.10498
-0.108232
-0.11151
-0.114818
-0.11815
-0.121503
-0.124855
-0.128216
-0.131638
-0.135453
-0.119217
-0.123417
-0.127448
-0.131313
-0.135017
-0.138559
-0.141942
-0.145164
-0.148225
-0.151125
-0.153863
-0.15645
-0.15889
-0.161224
-0.163481
-0.165801
-0.168269
-0.171356
-0.175419
-0.182348
-0.187326
-0.195388
-0.203246
-0.210943
-0.218525
-0.226044
-0.233556
-0.241121
-0.248801
-0.25666
-0.264752
-0.273135
-0.281814
-0.290819
-0.299989
-0.309334
-0.318265
-0.327238
-0.334889
-0.345028
-0.0035286
-0.00477111
-0.00557084
-0.00595257
-0.0059671
-0.00568685
-0.00521366
-0.00464869
-0.00406002
-0.00348519
-0.002946
-0.00245538
-0.00201814
-0.00163395
-0.00129779
-0.00100436
-0.000745074
-0.000513908
-0.000300376
-0.000100263
-0.00371126
-0.00496547
-0.00575097
-0.00610204
-0.00607766
-0.00575801
-0.0052518
-0.00466298
-0.00405844
-0.00347353
-0.00292856
-0.00243544
-0.00199802
-0.00161516
-0.00128123
-0.000990532
-0.000734225
-0.000506127
-0.000295683
-9.86869e-05
-0.00408665
-0.00536421
-0.0061181
-0.00640366
-0.00629815
-0.0058979
-0.0053252
-0.00468901
-0.00405322
-0.00344857
-0.00289243
-0.00239466
-0.00195719
-0.0015772
-0.0012479
-0.000962771
-0.000712494
-0.000490539
-0.000286306
-9.55096e-05
-0.00467587
-0.00598724
-0.0066869
-0.00686427
-0.00662785
-0.00610137
-0.00542776
-0.0047215
-0.0040401
-0.00340691
-0.002835
-0.0023312
-0.00189444
-0.00151935
-0.0011974
-0.000920865
-0.000679782
-0.000467116
-0.000272253
-9.0748e-05
-0.00551265
-0.00686641
-0.0074803
-0.0074937
-0.00706427
-0.00635928
-0.00554962
-0.00475237
-0.00401265
-0.0033434
-0.00275242
-0.0022424
-0.00180806
-0.00144057
-0.00112914
-0.000864527
-0.000635981
-0.000435863
-0.000253562
-8.44207e-05
-0.0066465
-0.00804859
-0.00853057
-0.00830347
-0.00760093
-0.00665703
-0.00567685
-0.00477078
-0.0039623
-0.00325116
-0.00263957
-0.00212482
-0.00169591
-0.0013396
-0.00104246
-0.000793485
-0.000581038
-0.000396815
-0.000230272
-7.65443e-05
-0.00814724
-0.00959922
-0.00988155
-0.00930612
-0.00822465
-0.00697258
-0.00579076
-0.004763
-0.00387809
-0.00312148
-0.00249022
-0.00197444
-0.00155554
-0.00121509
-0.000936702
-0.000707521
-0.000514961
-0.000350061
-0.00020247
-6.71602e-05
-0.0101113
-0.011608
-0.0115899
-0.0105115
-0.00891068
-0.00727417
-0.00586806
-0.00471274
-0.00374672
-0.00294383
-0.00229718
-0.00178683
-0.00138443
-0.00106571
-0.000811342
-0.000606554
-0.000437884
-0.000295797
-0.000170317
-5.63334e-05
-0.0126747
-0.0141983
-0.0137278
-0.0119218
-0.00961626
-0.007518
-0.00588106
-0.00460107
-0.00355215
-0.00270587
-0.00205256
-0.0015575
-0.00118014
-0.000890363
-0.000666097
-0.000490739
-0.000350136
-0.000234363
-0.000134058
-4.41545e-05
-0.0160271
-0.0175404
-0.0163825
-0.0135194
-0.0102703
-0.00764639
-0.00579882
-0.00440632
-0.00327509
-0.00239361
-0.00174828
-0.0012822
-0.000940657
-0.000688383
-0.000501092
-0.000360581
-0.000252318
-0.000166292
-9.40484e-05
-3.0747e-05
-0.0204474
-0.0218709
-0.0196564
-0.0152515
-0.0107645
-0.00759041
-0.00559018
-0.0041037
-0.00289268
-0.0019921
-0.00137682
-0.000957498
-0.000664683
-0.000459786
-0.000317051
-0.000217056
-0.000145379
-9.23413e-05
-5.07693e-05
-1.62796e-05
-0.0263332
-0.0275171
-0.0236505
-0.0169955
-0.0109381
-0.00727243
-0.00522382
-0.00366221
-0.00237754
-0.0014863
-0.000932048
-0.000581207
-0.000352035
-0.000205578
-0.000115495
-6.17261e-05
-3.06683e-05
-1.35373e-05
-4.85886e-06
-9.73499e-07
-0.0343117
-0.0349338
-0.0284452
-0.0185285
-0.0105875
-0.00662716
-0.00467371
-0.00304405
-0.00170002
-0.000863847
-0.000410668
-0.000153154
-4.15341e-06
7.19086e-05
0.000101073
0.000103154
8.99864e-05
6.87859e-05
4.28778e-05
1.48994e-05
-0.0453001
-0.0447428
-0.0340098
-0.0194401
-0.00945048
-0.00559457
-0.00389689
-0.0021911
-0.000826427
-0.00011572
0.000187641
0.000324605
0.000375513
0.000368723
0.000329005
0.000274563
0.00021424
0.000152967
9.14682e-05
3.10172e-05
-0.060855
-0.05773
-0.0400838
-0.0191486
-0.00733687
-0.00420057
-0.00286488
-0.00105158
0.000259529
0.000753367
0.000856069
0.000845695
0.000780404
0.000678781
0.000563268
0.00044861
0.00033923
0.000237032
0.000139766
4.70075e-05
-0.0832613
-0.0749544
-0.0459878
-0.0167754
-0.00398473
-0.00232499
-0.00138784
0.000498427
0.00159011
0.00174299
0.00158911
0.00140225
0.00120179
0.000994371
0.000797684
0.000620564
0.000461578
0.000318779
0.000186486
6.24308e-05
-0.116271
-0.0967506
-0.0500179
-0.0117673
0.000145174
-0.000226779
0.000515048
0.00240476
0.00308118
0.0027965
0.00235451
0.00197193
0.00162308
0.00130397
0.00102441
0.000784843
0.000577259
0.000395694
0.00023029
7.67785e-05
-0.166694
-0.12397
-0.0497406
-0.00317196
0.00539891
0.00283369
0.00348517
0.004953
0.00483669
0.0039573
0.00316314
0.00254826
0.00203306
0.00159714
0.00123542
0.000935967
0.000682418
0.000465076
0.000269756
8.96966e-05
-0.241035
-0.152059
-0.0415294
0.0100764
0.0120624
0.00660366
0.00673944
0.00737796
0.00640416
0.00500163
0.00389728
0.00306635
0.00239731
0.00185523
0.00141943
0.00106694
0.000773262
0.000524788
0.000303528
0.000101383
-0.351395
-0.170701
-0.0390404
0.020172
0.0214258
0.0147424
0.012319
0.010591
0.00825178
0.0061715
0.0046628
0.00356593
0.00272923
0.00208209
0.00157671
0.00117648
0.000848118
0.000574156
0.000331092
0.000112158
-0.430892
-0.158704
-0.0393709
0.0241172
0.0253403
0.0199372
0.0154556
0.0120618
0.00896211
0.00659067
0.00491965
0.00372202
0.00282813
0.00214901
0.00162267
0.00120905
0.000869916
0.000589648
0.000338385
0.000117005
-0.438587
-0.148249
-0.0356151
0.0264855
0.026283
0.02072
0.0158444
0.0122173
0.00902399
0.00662473
0.00493992
0.00373387
0.00283556
0.00215423
0.00162648
0.00121193
0.000871964
0.00059118
0.00033909
0.000117592
-0.437046
-0.134228
-0.0297461
0.0297455
0.0272858
0.0213211
0.0160838
0.012293
0.00904272
0.00663347
0.004945
0.00373659
0.00283738
0.00215589
0.00162802
0.00121333
0.0008731
0.000592102
0.000339523
0.000118034
-0.433803
-0.123631
-0.025375
0.0325674
0.0282474
0.0219173
0.0163226
0.0123758
0.00906999
0.00664816
0.0049538
0.00374173
0.00284081
0.00215857
0.00163022
0.00121513
0.000874475
0.000593162
0.000340034
0.000118486
-0.429671
-0.114541
-0.0217562
0.0351469
0.0291683
0.0225168
0.0165652
0.0124644
0.0091022
0.00666597
0.0049644
0.00374797
0.0028449
0.00216165
0.00163262
0.00121704
0.000875896
0.00059424
0.000340547
0.000118928
-0.423893
-0.10553
-0.0181038
0.0377282
0.0300642
0.0230968
0.0167941
0.012548
0.00913278
0.00668285
0.00497436
0.00375381
0.00284872
0.00216452
0.00163486
0.00121881
0.00087721
0.000595241
0.000341015
0.000119342
-0.416606
-0.0967202
-0.0143847
0.0403118
0.0309318
0.02365
0.0170059
0.0126251
0.00916101
0.00669842
0.00498349
0.00375914
0.00285222
0.00216714
0.00163692
0.00122044
0.000878414
0.000596161
0.000341438
0.000119727
-0.408311
-0.0884037
-0.0107163
0.0428449
0.031763
0.0241755
0.0172021
0.0126968
0.00918746
0.00671303
0.00499199
0.0037641
0.00285547
0.00216958
0.00163881
0.00122194
0.000879523
0.00059701
0.000341824
0.000120085
-0.39936
-0.0806305
-0.0071255
0.0453008
0.0325521
0.0246718
0.0173834
0.0127633
0.00921223
0.00672673
0.00499992
0.00376872
0.00285849
0.00217183
0.00164057
0.00122333
0.00088054
0.000597789
0.000342174
0.000120416
-0.389954
-0.0733581
-0.00360469
0.0476634
0.0332949
0.0251365
0.0175496
0.0128247
0.00923524
0.00673944
0.00500724
0.00377297
0.00286128
0.00217391
0.00164218
0.00122459
0.000881468
0.000598499
0.000342489
0.000120719
-0.380265
-0.0665547
-0.000163208
0.0499128
0.0339868
0.0255674
0.0177007
0.0128808
0.00925639
0.00675113
0.00501394
0.00377686
0.00286383
0.0021758
0.00164364
0.00122574
0.000882305
0.00059914
0.00034277
0.000120994
-0.370486
-0.0602019
0.00317032
0.0520256
0.0346231
0.0259623
0.0178368
0.0129315
0.00927563
0.00676175
0.00502
0.00378038
0.00286612
0.0021775
0.00164495
0.00122676
0.000883052
0.000599713
0.000343019
0.000121241
-0.360835
-0.0542852
0.0063555
0.0539777
0.0351998
0.0263191
0.0179578
0.0129768
0.0092929
0.00677128
0.00502542
0.00378352
0.00286817
0.002179
0.00164611
0.00122767
0.000883711
0.000600218
0.000343235
0.000121461
-0.351554
-0.0487988
0.00934284
0.0557459
0.035713
0.026636
0.0180638
0.0130167
0.00930815
0.00677968
0.00503018
0.00378627
0.00286997
0.00218032
0.00164712
0.00122846
0.000884283
0.000600654
0.00034342
0.000121652
-0.342888
-0.043758
0.0120748
0.057308
0.0361592
0.0269111
0.0181546
0.013051
0.00932132
0.00678694
0.00503428
0.00378864
0.00287151
0.00218145
0.00164798
0.00122913
0.000884768
0.000601024
0.000343575
0.000121814
-0.335091
-0.0392162
0.0144884
0.0586439
0.0365358
0.0271431
0.0182304
0.0130798
0.00933238
0.00679304
0.00503772
0.00379063
0.00287279
0.00218238
0.0016487
0.00122967
0.000885166
0.000601325
0.0003437
0.000121948
-0.328417
-0.0352764
0.0165193
0.0597356
0.0368401
0.0273304
0.018291
0.0131028
0.00934128
0.00679795
0.00504049
0.00379222
0.00287382
0.00218311
0.00164926
0.0012301
0.000885478
0.00060156
0.000343796
0.000122054
-0.323123
-0.0320897
0.0181066
0.0605679
0.0370702
0.027472
0.0183366
0.0131201
0.009348
0.00680166
0.00504258
0.00379341
0.00287459
0.00218365
0.00164968
0.00123041
0.000885705
0.000601727
0.000343863
0.000122131
-0.319444
-0.0298324
0.0191977
0.0611294
0.0372245
0.0275669
0.0183669
0.0131317
0.00935249
0.00680416
0.00504399
0.00379422
0.00287509
0.00218401
0.00164994
0.00123062
0.000885842
0.000601836
0.000343901
0.00012218
-0.317565
-0.0286629
0.0197536
0.0614122
0.037302
0.0276145
0.018382
0.0131375
0.00935474
0.00680544
0.0050447
0.00379463
0.00287533
0.0021842
0.00165004
0.00123073
0.000885889
0.000601896
0.000343908
0.000122205
)
;

boundaryField
{
    inlet
    {
        type            zeroGradient;
    }
    outlet
    {
        type            fixedValue;
        value           uniform 0;
    }
    cylinder
    {
        type            zeroGradient;
    }
    top
    {
        type            symmetryPlane;
    }
    bottom
    {
        type            symmetryPlane;
    }
    defaultFaces
    {
        type            empty;
    }
}


// ************************************************************************* //
