1.22 	3.45254e-18 	-6.98323e-18 	-0.0526834 	-0.0155104 	-5.62396e-22
1.66 	3.45254e-18 	-6.96118e-18 	0.329699 	-0.0137209 	-1.22048e-23
2.1 	3.45254e-18 	-6.93894e-18 	0.65801 	-0.00776847 	3.21798e-22
2.54 	3.45254e-18 	-8.30431e-18 	0.791263 	-0.00403599 	2.85198e-23
2.98 	3.45254e-18 	-8.28171e-18 	0.881026 	-0.00217669 	-2.07858e-22
3.42 	3.45254e-18 	-6.87115e-18 	0.92289 	-0.00115879 	-2.00637e-22
3.86 	3.45254e-18 	-6.84819e-18 	0.948387 	-0.000662983 	-3.15591e-23
4.3 	3.45254e-18 	-6.82504e-18 	0.963262 	-0.000406942 	-1.02655e-22
4.74 	3.45254e-18 	-5.41391e-18 	0.972982 	-0.000257241 	5.20369e-23
5.18 	3.45254e-18 	-2.61482e-18 	0.979501 	-0.000177259 	2.39429e-23
5.62 	3.45254e-18 	-1.2033e-18 	0.984108 	-0.000121639 	-9.5415e-24
6.06 	3.45254e-18 	-1.17937e-18 	0.987478 	-8.98832e-05 	-2.3367e-23
6.5 	3.45254e-18 	-1.15524e-18 	0.990005 	-6.69782e-05 	1.06269e-23
