1.22 	3.45254e-18 	-6.98323e-18 	-0.0926258 	0.0367458 	-5.62583e-22
1.66 	3.45254e-18 	-6.96118e-18 	-0.195711 	-0.222298 	-2.85833e-23
2.1 	3.45254e-18 	-6.93894e-18 	-0.180913 	-0.455705 	-1.48179e-21
2.54 	3.45254e-18 	-8.30431e-18 	0.109975 	-0.11728 	2.86597e-23
2.98 	3.45254e-18 	-8.28171e-18 	0.348486 	0.340694 	1.46298e-21
3.42 	3.45254e-18 	-6.87115e-18 	0.272646 	0.595088 	1.10973e-21
3.86 	3.45254e-18 	-6.84819e-18 	0.190278 	0.597464 	2.13272e-22
4.3 	3.45254e-18 	-6.82504e-18 	0.436856 	0.184092 	9.88414e-22
4.74 	3.45254e-18 	-5.41391e-18 	0.628969 	-0.229065 	-7.8409e-22
5.18 	3.45254e-18 	-2.61482e-18 	0.695789 	-0.457377 	-4.0684e-22
5.62 	3.45254e-18 	-1.2033e-18 	0.586501 	-0.610044 	1.64024e-22
6.06 	3.45254e-18 	-1.17937e-18 	0.503758 	-0.582739 	4.40975e-22
6.5 	3.45254e-18 	-1.15524e-18 	0.564309 	-0.250991 	-3.27371e-22
