1.22 	3.45254e-18 	-6.98323e-18 	-0.0950518 	-0.0804548 	-5.37522e-22
1.66 	3.45254e-18 	-6.96118e-18 	-0.19766 	-0.26232 	-2.55772e-23
2.1 	3.45254e-18 	-6.93894e-18 	-0.0918411 	-0.118609 	-1.53327e-21
2.54 	3.45254e-18 	-8.30431e-18 	0.0838149 	0.323346 	-2.34341e-23
2.98 	3.45254e-18 	-8.28171e-18 	0.0100764 	0.613972 	1.12584e-21
3.42 	3.45254e-18 	-6.87115e-18 	0.0832552 	0.453483 	1.10444e-21
3.86 	3.45254e-18 	-6.84819e-18 	0.414688 	-0.0235549 	2.88006e-22
4.3 	3.45254e-18 	-6.82504e-18 	0.546816 	-0.347966 	1.23473e-21
4.74 	3.45254e-18 	-5.41391e-18 	0.54917 	-0.557032 	-6.62318e-22
5.18 	3.45254e-18 	-2.61482e-18 	0.383146 	-0.633721 	-3.264e-22
5.62 	3.45254e-18 	-1.2033e-18 	0.425747 	-0.418995 	1.79585e-22
6.06 	3.45254e-18 	-1.17937e-18 	0.550593 	-0.0208851 	6.69032e-22
6.5 	3.45254e-18 	-1.15524e-18 	0.662982 	0.291007 	-4.02742e-22
