1.275 	2.15223e-18 	-2.76991e-20 	0.127221 	-0.0319868 	-4.88038e-22
1.825 	2.15223e-18 	-1.39322e-20 	0.125711 	-0.530671 	5.60543e-21
2.375 	2.15223e-18 	1.38775e-18 	-0.0862743 	-0.568892 	-1.61806e-21
2.925 	2.15223e-18 	2.78958e-18 	0.633386 	-0.0561732 	-2.54773e-22
3.475 	2.15223e-18 	4.53849e-18 	0.906017 	0.463544 	-1.08073e-21
4.025 	2.15223e-18 	6.28755e-18 	0.813422 	0.598152 	8.5033e-23
4.575 	2.15223e-18 	6.30203e-18 	0.842734 	0.489761 	8.02078e-22
5.125 	2.15223e-18 	6.31666e-18 	0.970051 	0.146314 	-1.27521e-21
5.675 	2.15223e-18 	6.33144e-18 	1.05602 	-0.2947 	-4.33585e-22
6.225 	2.15223e-18 	4.61166e-18 	0.995849 	-0.445962 	-6.3513e-22
