1.22 	3.45254e-18 	-6.98323e-18 	-0.0175225 	-0.358401 	-1.42827e-21
1.66 	3.45254e-18 	-6.96118e-18 	0.364401 	0.156301 	-9.3947e-23
2.1 	3.45254e-18 	-6.93894e-18 	0.673825 	0.584477 	-3.08944e-21
2.54 	3.45254e-18 	-8.30431e-18 	0.357639 	0.724029 	4.79428e-23
2.98 	3.45254e-18 	-8.28171e-18 	0.560408 	0.395307 	8.98621e-22
3.42 	3.45254e-18 	-6.87115e-18 	0.855763 	-0.154332 	1.75085e-21
3.86 	3.45254e-18 	-6.84819e-18 	0.967456 	-0.475551 	4.01224e-22
4.3 	3.45254e-18 	-6.82504e-18 	0.888228 	-0.648167 	1.24942e-21
4.74 	3.45254e-18 	-5.41391e-18 	0.861191 	-0.549306 	-6.42522e-22
5.18 	3.45254e-18 	-2.61482e-18 	0.968841 	-0.26673 	-5.28538e-22
5.62 	3.45254e-18 	-1.2033e-18 	1.03495 	0.111187 	3.40439e-22
6.06 	3.45254e-18 	-1.17937e-18 	1.04534 	0.361937 	1.04214e-21
6.5 	3.45254e-18 	-1.15524e-18 	0.984637 	0.512502 	-4.75614e-22
