1.275 	2.15223e-18 	-2.76991e-20 	-0.144674 	0.00334836 	-2.62514e-22
1.825 	2.15223e-18 	-1.39322e-20 	-0.270895 	0.00348491 	3.55736e-21
2.375 	2.15223e-18 	1.38775e-18 	-0.394376 	0.0106681 	-1.81537e-21
2.925 	2.15223e-18 	2.78958e-18 	-0.473429 	0.010518 	1.89985e-22
3.475 	2.15223e-18 	4.53849e-18 	-0.3443 	0.00217252 	-1.0443e-21
4.025 	2.15223e-18 	6.28755e-18 	-0.289372 	-0.0093857 	-8.6126e-23
4.575 	2.15223e-18 	6.30203e-18 	-0.135244 	-0.0174621 	1.18708e-21
5.125 	2.15223e-18 	6.31666e-18 	-0.0587817 	-0.0170539 	-7.35325e-22
5.675 	2.15223e-18 	6.33144e-18 	0.0591147 	-0.0123868 	-7.10717e-23
6.225 	2.15223e-18 	4.61166e-18 	0.146506 	-0.00392679 	-4.67771e-23
