1.22 	3.45254e-18 	-6.98323e-18 	-0.0549852 	-0.13059 	-1.37422e-21
1.66 	3.45254e-18 	-6.96118e-18 	0.108083 	0.385321 	-9.46797e-23
2.1 	3.45254e-18 	-6.93894e-18 	-0.100608 	0.687272 	-2.57721e-21
2.54 	3.45254e-18 	-8.30431e-18 	0.330674 	0.278886 	9.39932e-23
2.98 	3.45254e-18 	-8.28171e-18 	0.658439 	-0.287464 	2.50418e-21
3.42 	3.45254e-18 	-6.87115e-18 	0.730081 	-0.565362 	1.9615e-21
3.86 	3.45254e-18 	-6.84819e-18 	0.589875 	-0.669822 	2.83204e-22
4.3 	3.45254e-18 	-6.82504e-18 	0.675755 	-0.391128 	9.85789e-22
4.74 	3.45254e-18 	-5.41391e-18 	0.844151 	0.0796112 	-1.11547e-21
5.18 	3.45254e-18 	-2.61482e-18 	0.895131 	0.382288 	-6.97964e-22
5.62 	3.45254e-18 	-1.2033e-18 	0.818866 	0.57631 	2.74694e-22
6.06 	3.45254e-18 	-1.17937e-18 	0.793905 	0.550018 	5.77302e-22
6.5 	3.45254e-18 	-1.15524e-18 	0.868787 	0.2614 	-4.26654e-22
