1.275 	2.15223e-18 	-2.76991e-20 	-0.135157 	0.000483355 	-2.51901e-22
1.825 	2.15223e-18 	-1.39322e-20 	-0.265408 	0.0166815 	3.40914e-21
2.375 	2.15223e-18 	1.38775e-18 	-0.305362 	0.0626853 	-1.56156e-21
2.925 	2.15223e-18 	2.78958e-18 	-0.439381 	0.0665243 	1.82384e-22
3.475 	2.15223e-18 	4.53849e-18 	-0.36762 	-0.00476432 	-1.3257e-21
4.025 	2.15223e-18 	6.28755e-18 	-0.326542 	-0.0908852 	-1.14175e-22
4.575 	2.15223e-18 	6.30203e-18 	-0.175945 	-0.122483 	1.47286e-21
5.125 	2.15223e-18 	6.31666e-18 	-0.127966 	-0.0931509 	-1.0111e-21
5.675 	2.15223e-18 	6.33144e-18 	0.0149557 	-0.0255118 	-1.24139e-22
6.225 	2.15223e-18 	4.61166e-18 	0.0951821 	0.0460756 	-1.62115e-22
