1.22 	3.45254e-18 	-6.98323e-18 	0.0925659 	-0.373633 	-7.75291e-22
1.66 	3.45254e-18 	-6.96118e-18 	-0.328376 	-0.654397 	-5.79529e-23
2.1 	3.45254e-18 	-6.93894e-18 	0.431778 	-0.227826 	-1.12584e-21
2.54 	3.45254e-18 	-8.30431e-18 	0.731083 	0.359158 	-3.75486e-23
2.98 	3.45254e-18 	-8.28171e-18 	0.814674 	0.624051 	9.49399e-22
3.42 	3.45254e-18 	-6.87115e-18 	0.70154 	0.692965 	5.96107e-22
3.86 	3.45254e-18 	-6.84819e-18 	0.803897 	0.39157 	1.2852e-22
4.3 	3.45254e-18 	-6.82504e-18 	0.964017 	-0.0958714 	9.81949e-22
4.74 	3.45254e-18 	-5.41391e-18 	1.03992 	-0.379447 	-6.75238e-22
5.18 	3.45254e-18 	-2.61482e-18 	0.979001 	-0.585731 	-3.325e-22
5.62 	3.45254e-18 	-1.2033e-18 	0.930679 	-0.608722 	1.35756e-22
6.06 	3.45254e-18 	-1.17937e-18 	1.00829 	-0.298559 	4.50216e-22
6.5 	3.45254e-18 	-1.15524e-18 	1.0537 	-0.0258942 	-3.81974e-22
