1.22 	3.45254e-18 	-6.98323e-18 	0.200874 	-0.0192679 	-9.45731e-23
1.66 	3.45254e-18 	-6.96118e-18 	0.551641 	-0.0104951 	4.39595e-24
2.1 	3.45254e-18 	-6.93894e-18 	0.776887 	-0.00519316 	1.61805e-22
2.54 	3.45254e-18 	-8.30431e-18 	0.864566 	-0.00253182 	7.3045e-24
2.98 	3.45254e-18 	-8.28171e-18 	0.91832 	-0.00133104 	-7.38781e-23
3.42 	3.45254e-18 	-6.87115e-18 	0.944734 	-0.000734994 	-6.62715e-23
3.86 	3.45254e-18 	-6.84819e-18 	0.961282 	-0.00044519 	-1.02122e-23
4.3 	3.45254e-18 	-6.82504e-18 	0.971591 	-0.000287642 	-3.18213e-23
4.74 	3.45254e-18 	-5.41391e-18 	0.978599 	-0.000193869 	1.5619e-23
5.18 	3.45254e-18 	-2.61482e-18 	0.983488 	-0.000137554 	6.92571e-24
5.62 	3.45254e-18 	-1.2033e-18 	0.98704 	-0.000100016 	-2.68466e-24
6.06 	3.45254e-18 	-1.17937e-18 	0.989691 	-7.49839e-05 	-6.36084e-24
6.5 	3.45254e-18 	-1.15524e-18 	0.99171 	-5.76268e-05 	2.76344e-24
