/*--------------------------------*- C++ -*----------------------------------*\
  =========                 |
  \\      /  F ield         | OpenFOAM: The Open Source CFD Toolbox
   \\    /   O peration     | Website:  https://openfoam.org
    \\  /    A nd           | Version:  6.0
     \\/     M anipulation  |
\*---------------------------------------------------------------------------*/
FoamFile
{
    version     2.0;
    format      ascii;
    class       volScalarField;
    location    "24.9";
    object      p;
}
// * * * * * * * * * * * * * * * * * * * * * * * * * * * * * * * * * * * * * //

dimensions      [0 2 -2 0 0 0 0];

internalField   nonuniform List<scalar> 
8000
(
-0.260792
-0.261793
-0.262447
-0.26292
-0.263314
-0.263646
-0.263929
-0.264177
-0.264399
-0.2646
-0.264787
-0.264964
-0.265135
-0.265305
-0.265477
-0.26566
-0.265858
-0.266027
-0.266148
-0.26667
-0.26092
-0.261916
-0.262566
-0.263035
-0.263424
-0.26375
-0.264028
-0.264269
-0.264485
-0.26468
-0.26486
-0.26503
-0.265194
-0.265355
-0.26552
-0.265697
-0.265888
-0.266051
-0.266165
-0.266684
-0.261165
-0.262154
-0.262796
-0.263255
-0.263634
-0.263948
-0.264213
-0.264442
-0.264643
-0.264824
-0.26499
-0.265144
-0.265293
-0.265439
-0.265588
-0.265749
-0.265926
-0.266076
-0.266175
-0.266686
-0.261528
-0.262505
-0.263134
-0.263579
-0.263942
-0.264239
-0.264485
-0.264693
-0.264873
-0.265032
-0.265174
-0.265304
-0.265428
-0.265549
-0.265673
-0.265811
-0.265965
-0.266093
-0.266169
-0.266667
-0.262008
-0.262969
-0.263582
-0.264008
-0.264349
-0.264621
-0.26484
-0.26502
-0.265171
-0.265299
-0.265408
-0.265505
-0.265594
-0.26568
-0.265768
-0.265871
-0.265992
-0.26609
-0.266134
-0.266614
-0.262606
-0.263547
-0.264139
-0.264541
-0.264853
-0.265093
-0.265279
-0.265423
-0.265535
-0.265622
-0.265689
-0.265742
-0.265784
-0.265823
-0.265864
-0.265919
-0.265996
-0.266052
-0.266053
-0.266509
-0.26332
-0.264239
-0.264806
-0.265177
-0.265454
-0.265656
-0.265799
-0.265899
-0.265963
-0.266
-0.266014
-0.26601
-0.265994
-0.265971
-0.26595
-0.265944
-0.265963
-0.265963
-0.265908
-0.266333
-0.264155
-0.265047
-0.265583
-0.265918
-0.266153
-0.266309
-0.266402
-0.266448
-0.266455
-0.266431
-0.26638
-0.266308
-0.266219
-0.26612
-0.266021
-0.265936
-0.265879
-0.265807
-0.265681
-0.266068
-0.265111
-0.265973
-0.266473
-0.266765
-0.266951
-0.267052
-0.267087
-0.267071
-0.267012
-0.266918
-0.266791
-0.266637
-0.266461
-0.266269
-0.266073
-0.26589
-0.265736
-0.265569
-0.265353
-0.26569
-0.266194
-0.267019
-0.267477
-0.26772
-0.267849
-0.267888
-0.267857
-0.267771
-0.267638
-0.267463
-0.26725
-0.267002
-0.266724
-0.266423
-0.266109
-0.265803
-0.265527
-0.265239
-0.264903
-0.265177
-0.26741
-0.268192
-0.268599
-0.268784
-0.268848
-0.268818
-0.268714
-0.26855
-0.268336
-0.268074
-0.267766
-0.267414
-0.267021
-0.266592
-0.266139
-0.265684
-0.265253
-0.264808
-0.264317
-0.264505
-0.268766
-0.269495
-0.269843
-0.269961
-0.269952
-0.269844
-0.269659
-0.269412
-0.269111
-0.268756
-0.268348
-0.267884
-0.267365
-0.266794
-0.26618
-0.265548
-0.264926
-0.264278
-0.263577
-0.263644
-0.27027
-0.270935
-0.271213
-0.271254
-0.271161
-0.270967
-0.270695
-0.27036
-0.269967
-0.269517
-0.269005
-0.268426
-0.267774
-0.267049
-0.266256
-0.265417
-0.264563
-0.263655
-0.262673
-0.262561
-0.271931
-0.272519
-0.272715
-0.272666
-0.272479
-0.272189
-0.271821
-0.271391
-0.270904
-0.270357
-0.269741
-0.269046
-0.268261
-0.267376
-0.26639
-0.265318
-0.264189
-0.262957
-0.261595
-0.261215
-0.273761
-0.274256
-0.274355
-0.274202
-0.273906
-0.273507
-0.273033
-0.272502
-0.271916
-0.271271
-0.270553
-0.269745
-0.26883
-0.267786
-0.2666
-0.265276
-0.263833
-0.262205
-0.26034
-0.259557
-0.275771
-0.276156
-0.27614
-0.275865
-0.275443
-0.27492
-0.274328
-0.273684
-0.272993
-0.272245
-0.271426
-0.27051
-0.26947
-0.268273
-0.26689
-0.265308
-0.263523
-0.261435
-0.25893
-0.257554
-0.277977
-0.278232
-0.27808
-0.277663
-0.277094
-0.276428
-0.275699
-0.274929
-0.27412
-0.273263
-0.272338
-0.271316
-0.270159
-0.268823
-0.267258
-0.265426
-0.263299
-0.260728
-0.257474
-0.255254
-0.280397
-0.2805
-0.28019
-0.279606
-0.278866
-0.278032
-0.277145
-0.276227
-0.275284
-0.274306
-0.273269
-0.27214
-0.270875
-0.269416
-0.267694
-0.265641
-0.263192
-0.260138
-0.256023
-0.252563
-0.283056
-0.282983
-0.282488
-0.281709
-0.280769
-0.27974
-0.278668
-0.277581
-0.276484
-0.275369
-0.274213
-0.272983
-0.271631
-0.270093
-0.268282
-0.266092
-0.26339
-0.25982
-0.254517
-0.24903
-0.285984
-0.285707
-0.284997
-0.283993
-0.282823
-0.28157
-0.280287
-0.279005
-0.277734
-0.27647
-0.275197
-0.273888
-0.272512
-0.271026
-0.269375
-0.267489
-0.265244
-0.262176
-0.257049
-0.250956
-0.289221
-0.288707
-0.28775
-0.286489
-0.285057
-0.28355
-0.282029
-0.280529
-0.279068
-0.277646
-0.27626
-0.274902
-0.273576
-0.272301
-0.271138
-0.270225
-0.269827
-0.27037
-0.27341
-0.285906
-0.292814
-0.292025
-0.290783
-0.289232
-0.287509
-0.285721
-0.283938
-0.282203
-0.280537
-0.278951
-0.277452
-0.276055
-0.274792
-0.273729
-0.272993
-0.272806
-0.273536
-0.275734
-0.280581
-0.292739
-0.296816
-0.295706
-0.294144
-0.29227
-0.290226
-0.288133
-0.286071
-0.284086
-0.282208
-0.280454
-0.278845
-0.277409
-0.276201
-0.275313
-0.274893
-0.275169
-0.27647
-0.279219
-0.284007
-0.293394
-0.301287
-0.299803
-0.29788
-0.295652
-0.293263
-0.290846
-0.288491
-0.286248
-0.284153
-0.282229
-0.280502
-0.279013
-0.277823
-0.277027
-0.276763
-0.277216
-0.278617
-0.281219
-0.285276
-0.291924
-0.306285
-0.304369
-0.302044
-0.299433
-0.296676
-0.293921
-0.291263
-0.288756
-0.286437
-0.284331
-0.282468
-0.280885
-0.27964
-0.278815
-0.278512
-0.278857
-0.279979
-0.281984
-0.284961
-0.289121
-0.311871
-0.309459
-0.306689
-0.303668
-0.300526
-0.29742
-0.294449
-0.291669
-0.289111
-0.286799
-0.284755
-0.283011
-0.28161
-0.280607
-0.280069
-0.280062
-0.280639
-0.281816
-0.283613
-0.285768
-0.318098
-0.315121
-0.311867
-0.308412
-0.304867
-0.301398
-0.298104
-0.295032
-0.292207
-0.289642
-0.287351
-0.285349
-0.283663
-0.282325
-0.281366
-0.280814
-0.280675
-0.280925
-0.281557
-0.282146
-0.325011
-0.3214
-0.317623
-0.313712
-0.30975
-0.305905
-0.302267
-0.298871
-0.29573
-0.292842
-0.290206
-0.287826
-0.285711
-0.283876
-0.282334
-0.281091
-0.280136
-0.279438
-0.278983
-0.278369
-0.332643
-0.32833
-0.323996
-0.319611
-0.315216
-0.310973
-0.306959
-0.303189
-0.299656
-0.296344
-0.293241
-0.290341
-0.287645
-0.285163
-0.2829
-0.280861
-0.279037
-0.277407
-0.275957
-0.274381
-0.341012
-0.335934
-0.331013
-0.326138
-0.321291
-0.316619
-0.312177
-0.307955
-0.303926
-0.300063
-0.296348
-0.292774
-0.289348
-0.286083
-0.282993
-0.28009
-0.277375
-0.274845
-0.272484
-0.270092
-0.350114
-0.344217
-0.338686
-0.333306
-0.327981
-0.322832
-0.317885
-0.313104
-0.308445
-0.303879
-0.299392
-0.294991
-0.290698
-0.286541
-0.282549
-0.278743
-0.275139
-0.271744
-0.268542
-0.265414
-0.359925
-0.353165
-0.347008
-0.341106
-0.335265
-0.329569
-0.32401
-0.318531
-0.313083
-0.307644
-0.302225
-0.296856
-0.291583
-0.286454
-0.281513
-0.276794
-0.272318
-0.268098
-0.26411
-0.260294
-0.37039
-0.362738
-0.355945
-0.349499
-0.343086
-0.336745
-0.330438
-0.324094
-0.317677
-0.311195
-0.304692
-0.298235
-0.291899
-0.285751
-0.279847
-0.274225
-0.268907
-0.263904
-0.25918
-0.254713
-0.381424
-0.372866
-0.365433
-0.358412
-0.351348
-0.344234
-0.33701
-0.329614
-0.322043
-0.314354
-0.30664
-0.299008
-0.291559
-0.284376
-0.277518
-0.271022
-0.264903
-0.259163
-0.253751
-0.248669
-0.392905
-0.383446
-0.37537
-0.367728
-0.35991
-0.351864
-0.343532
-0.334886
-0.325983
-0.316946
-0.307925
-0.299065
-0.290487
-0.282281
-0.274501
-0.267173
-0.260301
-0.253874
-0.247823
-0.242169
-0.404673
-0.394336
-0.385613
-0.377288
-0.368582
-0.359421
-0.349774
-0.339684
-0.329292
-0.318801
-0.308415
-0.29831
-0.288618
-0.279423
-0.270768
-0.262661
-0.255092
-0.248033
-0.241392
-0.235219
-0.416527
-0.405351
-0.395975
-0.386881
-0.377131
-0.366652
-0.355485
-0.343775
-0.331773
-0.319759
-0.307989
-0.296657
-0.285891
-0.275762
-0.266291
-0.257466
-0.24926
-0.241625
-0.23445
-0.227813
-0.428225
-0.416267
-0.406225
-0.396257
-0.385283
-0.373277
-0.360398
-0.346928
-0.333233
-0.319674
-0.306539
-0.294027
-0.28225
-0.271254
-0.261035
-0.25156
-0.24278
-0.234631
-0.226978
-0.219941
-0.439488
-0.426819
-0.416088
-0.405119
-0.392732
-0.378999
-0.364246
-0.348917
-0.333499
-0.318413
-0.303966
-0.290345
-0.277636
-0.265852
-0.254961
-0.244906
-0.235621
-0.227022
-0.218951
-0.21158
-0.450002
-0.436704
-0.425252
-0.413143
-0.399152
-0.383516
-0.366769
-0.349535
-0.332407
-0.315854
-0.300179
-0.285542
-0.271991
-0.259506
-0.248025
-0.237467
-0.227748
-0.218765
-0.21034
-0.202704
-0.459427
-0.445591
-0.433376
-0.419979
-0.404209
-0.38653
-0.367723
-0.348589
-0.329814
-0.311888
-0.295093
-0.279547
-0.265257
-0.252166
-0.240182
-0.2292
-0.219122
-0.209824
-0.201111
-0.193281
-0.467401
-0.453122
-0.440096
-0.425269
-0.407571
-0.38776
-0.366883
-0.345909
-0.325592
-0.306417
-0.288628
-0.272294
-0.257377
-0.24378
-0.231383
-0.220062
-0.209703
-0.200162
-0.19123
-0.183279
-0.473553
-0.458932
-0.445043
-0.428656
-0.408923
-0.386947
-0.36405
-0.341346
-0.319628
-0.299354
-0.280714
-0.263723
-0.248295
-0.234298
-0.221585
-0.210013
-0.199454
-0.189746
-0.180666
-0.172669
-0.477515
-0.46265
-0.447851
-0.4298
-0.407976
-0.383864
-0.359053
-0.334773
-0.311825
-0.29062
-0.271285
-0.253776
-0.237961
-0.223675
-0.210745
-0.199014
-0.188341
-0.178543
-0.169392
-0.161424
-0.47893
-0.463919
-0.448171
-0.428388
-0.404473
-0.378316
-0.351749
-0.326085
-0.302103
-0.28015
-0.260284
-0.242402
-0.22633
-0.21187
-0.198829
-0.187035
-0.176336
-0.16653
-0.157386
-0.149525
-0.477463
-0.462402
-0.445681
-0.424144
-0.398198
-0.370146
-0.342028
-0.315201
-0.290399
-0.267892
-0.247666
-0.229563
-0.213366
-0.198851
-0.185807
-0.17405
-0.163418
-0.153688
-0.144632
-0.136957
-0.472812
-0.457797
-0.4401
-0.416834
-0.388978
-0.359233
-0.329805
-0.302062
-0.276667
-0.253807
-0.233397
-0.215225
-0.19904
-0.184594
-0.171659
-0.160043
-0.149572
-0.140007
-0.131124
-0.123713
-0.46472
-0.449842
-0.431194
-0.406277
-0.376688
-0.345496
-0.315031
-0.286631
-0.260877
-0.237869
-0.217453
-0.19937
-0.183336
-0.169084
-0.156374
-0.145005
-0.134793
-0.125485
-0.116863
-0.109795
-0.452979
-0.438329
-0.418785
-0.392344
-0.36125
-0.328895
-0.297682
-0.268896
-0.243021
-0.220071
-0.199827
-0.181989
-0.166247
-0.152317
-0.13995
-0.128936
-0.119085
-0.110128
-0.101858
-0.095212
-0.437437
-0.423107
-0.402752
-0.374964
-0.342634
-0.309424
-0.277768
-0.248868
-0.223108
-0.200419
-0.180524
-0.163087
-0.147777
-0.134299
-0.122392
-0.111846
-0.102461
-0.0939538
-0.0861321
-0.0799885
-0.418006
-0.404086
-0.383038
-0.354122
-0.320856
-0.287119
-0.255325
-0.226582
-0.201169
-0.178938
-0.159563
-0.14268
-0.127942
-0.115041
-0.103716
-0.0937509
-0.084939
-0.0769869
-0.0697163
-0.064163
-0.394659
-0.381243
-0.359647
-0.329856
-0.295979
-0.262048
-0.230423
-0.202098
-0.177253
-0.155669
-0.136979
-0.120797
-0.106763
-0.0945663
-0.0839409
-0.0746694
-0.0665403
-0.0592534
-0.052646
-0.0477782
-0.367436
-0.354618
-0.332644
-0.30226
-0.268111
-0.234318
-0.203156
-0.1755
-0.151432
-0.130672
-0.112822
-0.0974774
-0.0842751
-0.0729006
-0.0630888
-0.0546219
-0.0472851
-0.0407782
-0.0349527
-0.0308576
-0.336441
-0.324317
-0.302157
-0.271479
-0.237399
-0.204069
-0.173651
-0.146896
-0.123798
-0.104025
-0.087154
-0.0727725
-0.0605165
-0.0500737
-0.0411826
-0.0336268
-0.0271925
-0.0215855
-0.0166602
-0.0133933
-0.301841
-0.290504
-0.268367
-0.237704
-0.204032
-0.171476
-0.142063
-0.116423
-0.0944689
-0.0758265
-0.0600563
-0.046745
-0.0355329
-0.0261155
-0.0182392
-0.0116937
-0.00627161
-0.00168858
0.00222204
0.00461508
-0.263861
-0.253405
-0.231508
-0.201172
-0.168234
-0.136743
-0.108576
-0.0842424
-0.0635846
-0.046196
-0.0316286
-0.0194734
-0.00938118
-0.00106097
0.00572643
0.0111788
0.0154916
0.0189324
0.0216903
0.0230434
-0.222779
-0.213295
-0.191861
-0.162159
-0.130264
-0.100106
-0.0734008
-0.050543
-0.0313122
-0.0152783
-0.00199208
0.00894546
0.017867
0.0250422
0.0306876
0.0349851
0.0381139
0.040287
0.0416299
0.0415033
-0.178922
-0.170498
-0.149746
-0.120973
-0.0904118
-0.0618317
-0.0367792
-0.0155419
0.00215452
0.0167575
0.0287129
0.0384047
0.0461425
0.0521637
0.0566511
0.0597654
0.0616455
0.0623318
0.0617232
0.0595525
-0.132658
-0.125374
-0.10552
-0.0779561
-0.0489937
-0.0222097
0.00102113
0.0205132
0.0365883
0.0497077
0.060314
0.0687783
0.0753878
0.0803461
0.083799
0.0858759
0.0866027
0.0856284
0.0824982
0.0782196
-0.0843891
-0.0783184
-0.0595673
-0.0334709
-0.00634743
0.018446
0.0397068
0.0573439
0.0717212
0.083313
0.0925634
0.099842
0.105433
0.10954
0.11232
0.11392
0.114243
0.112451
0.10785
0.103203
-0.0345444
-0.0297516
-0.0122919
0.0121021
0.0371742
0.0598072
0.0789674
0.0946502
0.107254
0.117263
0.125123
0.131208
0.135816
0.139189
0.141567
0.143224
0.144136
0.143332
0.140552
0.143996
0.0164359
0.0198937
0.03589
0.0583734
0.0812104
0.101538
0.118487
0.132127
0.142886
0.151248
0.157654
0.162473
0.166002
0.168493
0.170205
0.171398
0.172062
0.17173
0.171285
0.17687
0.0680925
0.07017
0.0845527
0.104948
0.125399
0.143305
0.157951
0.169477
0.178327
0.184984
0.189879
0.193371
0.195753
0.197274
0.198183
0.198698
0.198803
0.198208
0.197811
0.202298
0.119963
0.120627
0.133271
0.151434
0.16938
0.184776
0.197055
0.206412
0.213303
0.218202
0.221526
0.223618
0.224757
0.225181
0.225119
0.224766
0.224119
0.222955
0.222016
0.225023
0.171585
0.170817
0.181623
0.197445
0.212803
0.225633
0.235505
0.242661
0.247563
0.250672
0.252384
0.253025
0.252856
0.252095
0.250946
0.249575
0.247966
0.245926
0.244134
0.245759
0.222506
0.220298
0.229196
0.242605
0.255328
0.265569
0.273021
0.27797
0.280874
0.282179
0.282261
0.281424
0.279908
0.277912
0.275619
0.273167
0.270525
0.267521
0.264801
0.265102
0.272279
0.268641
0.27559
0.28655
0.296629
0.304289
0.30934
0.312099
0.313021
0.312533
0.310989
0.308671
0.305798
0.302551
0.29909
0.29553
0.29183
0.287844
0.284191
0.283241
0.320476
0.31543
0.320421
0.328932
0.336393
0.341513
0.344208
0.344822
0.343803
0.341556
0.338414
0.334636
0.330424
0.325938
0.32132
0.316664
0.311925
0.306982
0.302421
0.300281
0.366685
0.36027
0.363321
0.369421
0.374324
0.376975
0.377388
0.375927
0.373028
0.369078
0.364387
0.359194
0.353681
0.347992
0.342251
0.336535
0.330798
0.324943
0.319512
0.316243
0.410516
0.402784
0.403942
0.407704
0.410143
0.410427
0.408656
0.405211
0.400518
0.394941
0.38877
0.382223
0.375467
0.368629
0.361816
0.355092
0.348413
0.341702
0.335447
0.331112
0.451601
0.442619
0.441962
0.443489
0.443587
0.441633
0.437802
0.432487
0.426102
0.418993
0.411427
0.403606
0.395679
0.38776
0.379941
0.372273
0.364717
0.357212
0.350184
0.344849
0.4896
0.479449
0.477077
0.476504
0.474415
0.470375
0.464628
0.457577
0.449622
0.44109
0.43223
0.423227
0.414215
0.405295
0.396544
0.388007
0.379646
0.371413
0.36367
0.357407
0.524198
0.512972
0.509012
0.506501
0.502402
0.496453
0.488955
0.480318
0.470929
0.461099
0.451058
0.440977
0.430976
0.421144
0.411546
0.402219
0.39313
0.384241
0.375844
0.368734
0.555113
0.542918
0.537518
0.533256
0.527349
0.519685
0.510618
0.500561
0.489889
0.478896
0.467799
0.456753
0.445869
0.435222
0.424869
0.414838
0.405102
0.39563
0.386648
0.378775
0.582093
0.569045
0.562374
0.55657
0.549075
0.53991
0.52947
0.518171
0.506377
0.494369
0.48235
0.470463
0.458806
0.447449
0.436437
0.425794
0.415498
0.40552
0.396025
0.387482
0.604917
0.591144
0.583386
0.576268
0.567424
0.556985
0.545382
0.533031
0.520288
0.50742
0.49462
0.482021
0.469712
0.457754
0.446187
0.435027
0.424258
0.413853
0.403923
0.39481
0.623402
0.609039
0.600393
0.592204
0.582264
0.570792
0.558245
0.545042
0.531529
0.517966
0.504533
0.491357
0.47852
0.466076
0.454058
0.442481
0.431331
0.420582
0.410298
0.400721
0.637398
0.622586
0.613265
0.604262
0.59349
0.581234
0.567972
0.554123
0.540027
0.525936
0.512025
0.498413
0.485176
0.472364
0.460006
0.448113
0.436675
0.425665
0.415112
0.405183
0.646793
0.631679
0.621902
0.612351
0.601019
0.588237
0.574494
0.560212
0.545725
0.53128
0.517048
0.503142
0.489637
0.476579
0.463992
0.451887
0.440256
0.429072
0.418338
0.408171
0.651511
0.636245
0.626239
0.616412
0.604799
0.591752
0.577768
0.563268
0.548585
0.533963
0.519569
0.505516
0.491876
0.478694
0.465992
0.453781
0.442053
0.430782
0.419956
0.40967
0.651514
0.636247
0.626242
0.616415
0.604802
0.591754
0.577771
0.563271
0.548587
0.533965
0.519571
0.505518
0.491879
0.478696
0.465995
0.453783
0.442056
0.430784
0.419958
0.409672
0.646802
0.631688
0.621911
0.61236
0.601027
0.588245
0.574502
0.560219
0.545733
0.531288
0.517055
0.503149
0.489644
0.476586
0.463999
0.451894
0.440263
0.429079
0.418344
0.408177
0.637413
0.622601
0.61328
0.604276
0.593503
0.581247
0.567985
0.554135
0.54004
0.525949
0.512037
0.498425
0.485188
0.472376
0.460017
0.448124
0.436686
0.425676
0.415123
0.405193
0.623423
0.60906
0.600414
0.592224
0.582284
0.570811
0.558264
0.54506
0.531547
0.517983
0.50455
0.491374
0.478537
0.466093
0.454075
0.442497
0.431347
0.420598
0.410313
0.400736
0.604944
0.591172
0.583412
0.576293
0.567449
0.55701
0.545406
0.533054
0.520311
0.507443
0.494642
0.482043
0.469734
0.457775
0.446207
0.435047
0.424278
0.413873
0.403943
0.39483
0.582126
0.569079
0.562406
0.556601
0.549106
0.53994
0.529499
0.518199
0.506405
0.494397
0.482377
0.470489
0.458832
0.447475
0.436463
0.425819
0.415523
0.405544
0.39605
0.387506
0.555154
0.542958
0.537557
0.533294
0.527386
0.519721
0.510653
0.500595
0.489922
0.478928
0.467831
0.456785
0.4459
0.435252
0.424899
0.414867
0.405132
0.395659
0.386677
0.378803
0.524246
0.513019
0.509058
0.506545
0.502445
0.496494
0.488996
0.480358
0.470968
0.461137
0.451096
0.441014
0.431012
0.421179
0.411581
0.402254
0.393164
0.384274
0.375877
0.368766
0.489654
0.479503
0.477129
0.476555
0.474464
0.470422
0.464675
0.457623
0.449666
0.441133
0.432273
0.423269
0.414256
0.405335
0.396584
0.388046
0.379684
0.371451
0.363707
0.357444
0.451663
0.442681
0.442021
0.443546
0.443643
0.441686
0.437854
0.432538
0.426152
0.419041
0.411475
0.403653
0.395726
0.387806
0.379986
0.372318
0.364761
0.357255
0.350226
0.344891
0.410585
0.402853
0.404009
0.407769
0.410205
0.410487
0.408715
0.405268
0.400573
0.394996
0.388823
0.382276
0.375519
0.36868
0.361866
0.355142
0.348461
0.34175
0.335494
0.331158
0.366762
0.360347
0.363395
0.369493
0.374393
0.377042
0.377453
0.37599
0.37309
0.369139
0.364446
0.359252
0.353738
0.348048
0.342306
0.336589
0.330851
0.324996
0.319564
0.316294
0.320561
0.315515
0.320503
0.329011
0.336469
0.341586
0.344279
0.344892
0.343871
0.341622
0.338479
0.334699
0.330486
0.326
0.32138
0.316723
0.311983
0.30704
0.302478
0.300336
0.272373
0.268734
0.275681
0.286637
0.296713
0.30437
0.309418
0.312175
0.313096
0.312606
0.31106
0.30874
0.305866
0.302618
0.299156
0.295594
0.291893
0.287906
0.284253
0.283301
0.222608
0.2204
0.229295
0.2427
0.25542
0.265657
0.273107
0.278053
0.280955
0.282258
0.282339
0.281499
0.279982
0.277985
0.275691
0.273237
0.270594
0.267589
0.264868
0.265167
0.171698
0.170928
0.181731
0.197549
0.212902
0.225729
0.235598
0.242752
0.247651
0.250757
0.252468
0.253107
0.252936
0.252173
0.251023
0.249651
0.248041
0.245999
0.244206
0.245829
0.120085
0.120748
0.133388
0.151547
0.169488
0.18488
0.197155
0.20651
0.213398
0.218295
0.221616
0.223706
0.224843
0.225266
0.225202
0.224848
0.224199
0.223034
0.222094
0.225098
0.0682243
0.0703006
0.0846794
0.10507
0.125515
0.143417
0.158059
0.169582
0.178429
0.185083
0.189976
0.193466
0.195846
0.197365
0.198272
0.198785
0.198889
0.198293
0.197895
0.202379
0.016578
0.0200346
0.0360265
0.0585044
0.0813359
0.101659
0.118603
0.13224
0.142995
0.151354
0.157758
0.162574
0.166101
0.16859
0.170301
0.171492
0.172154
0.17182
0.171375
0.176956
-0.0343916
-0.0296002
-0.0121451
0.0122428
0.0373088
0.0599365
0.079092
0.0947708
0.107371
0.117377
0.125234
0.131316
0.135923
0.139293
0.141669
0.143325
0.144234
0.143429
0.140648
0.144091
-0.0842254
-0.078156
-0.05941
-0.0333203
-0.00620333
0.0185843
0.0398399
0.0574726
0.071846
0.0834344
0.0926817
0.0999576
0.105546
0.109651
0.112429
0.114027
0.114349
0.112556
0.107953
0.103307
-0.132483
-0.1252
-0.105352
-0.0777953
-0.0488399
-0.0220623
0.00116294
0.0206502
0.036721
0.0498367
0.0604397
0.068901
0.0755079
0.0804638
0.0839147
0.0859897
0.0867149
0.0857393
0.0826081
0.0783293
-0.178736
-0.170313
-0.149567
-0.120802
-0.0902481
-0.0616749
-0.0366285
-0.0153965
0.00229531
0.0168943
0.028846
0.0385347
0.0462695
0.0522882
0.0567733
0.0598855
0.0617638
0.0624484
0.0618384
0.0596671
-0.222581
-0.213099
-0.191671
-0.161977
-0.13009
-0.0999402
-0.0732412
-0.0503891
-0.0311633
-0.0151338
-0.00185147
0.00908257
0.018001
0.0251733
0.0308162
0.0351114
0.0382381
0.0404092
0.0417504
0.0416226
-0.263651
-0.253198
-0.231307
-0.20098
-0.16805
-0.136567
-0.108407
-0.0840799
-0.0634275
-0.0460436
-0.0314805
-0.0193291
-0.00924032
-0.000923208
0.00586136
0.0113111
0.0156215
0.0190602
0.0218159
0.0231676
-0.30162
-0.290285
-0.268155
-0.237501
-0.203837
-0.17129
-0.141885
-0.116252
-0.0943036
-0.0756663
-0.0599007
-0.0465935
-0.0353852
-0.0259712
-0.0180979
-0.0115553
-0.00613584
-0.00155533
0.00235295
0.00474429
-0.336209
-0.324086
-0.301934
-0.271264
-0.237195
-0.203874
-0.173464
-0.146716
-0.123625
-0.103857
-0.086991
-0.072614
-0.0603619
-0.0499228
-0.0410351
-0.0334825
-0.027051
-0.0214468
-0.0165241
-0.0132592
-0.367192
-0.354377
-0.33241
-0.302035
-0.267896
-0.234113
-0.20296
-0.175311
-0.15125
-0.130496
-0.112651
-0.0973116
-0.0841138
-0.0727432
-0.0629351
-0.0544716
-0.0471379
-0.040634
-0.0348114
-0.0307184
-0.394404
-0.380991
-0.359401
-0.32962
-0.295754
-0.261833
-0.230217
-0.201901
-0.177063
-0.155485
-0.136802
-0.120624
-0.106595
-0.0944024
-0.083781
-0.0745131
-0.0663874
-0.0591038
-0.0524994
-0.047634
-0.417741
-0.403823
-0.382782
-0.353875
-0.320621
-0.286894
-0.255111
-0.226376
-0.200971
-0.178746
-0.159378
-0.1425
-0.127767
-0.114871
-0.10355
-0.0935887
-0.0847804
-0.0768318
-0.0695645
-0.0640138
-0.437162
-0.422833
-0.402486
-0.374708
-0.342389
-0.309191
-0.277544
-0.248653
-0.222902
-0.20022
-0.180331
-0.1629
-0.147596
-0.134122
-0.12222
-0.111678
-0.102297
-0.0937932
-0.085975
-0.0798343
-0.452694
-0.438046
-0.418509
-0.392078
-0.360996
-0.328652
-0.29745
-0.268673
-0.242807
-0.219864
-0.199627
-0.181795
-0.166059
-0.152134
-0.139771
-0.128762
-0.118916
-0.109962
-0.101696
-0.0950528
-0.464427
-0.44955
-0.430909
-0.406001
-0.376424
-0.345245
-0.31479
-0.2864
-0.260655
-0.237655
-0.217246
-0.199169
-0.183141
-0.168895
-0.15619
-0.144825
-0.134618
-0.125313
-0.116695
-0.109631
-0.472511
-0.457497
-0.439806
-0.41655
-0.388706
-0.358972
-0.329556
-0.301823
-0.276437
-0.253586
-0.233183
-0.215018
-0.198839
-0.184398
-0.171469
-0.159857
-0.149391
-0.13983
-0.130951
-0.123544
-0.477154
-0.462096
-0.44538
-0.423852
-0.397917
-0.369877
-0.341771
-0.314955
-0.290162
-0.267664
-0.247446
-0.229349
-0.213158
-0.198649
-0.18561
-0.173859
-0.163231
-0.153506
-0.144454
-0.136782
-0.478615
-0.463607
-0.447863
-0.42809
-0.404185
-0.37804
-0.351485
-0.325831
-0.301859
-0.279915
-0.260057
-0.242182
-0.226116
-0.211662
-0.198626
-0.186838
-0.176144
-0.166342
-0.157202
-0.149345
-0.477195
-0.462332
-0.447538
-0.429495
-0.407681
-0.383581
-0.358781
-0.334512
-0.311574
-0.290377
-0.271051
-0.253549
-0.237741
-0.223461
-0.210537
-0.198811
-0.188143
-0.17835
-0.169203
-0.16124
-0.473229
-0.45861
-0.444726
-0.428345
-0.408623
-0.386658
-0.363771
-0.341078
-0.31937
-0.299105
-0.280474
-0.26349
-0.248069
-0.234078
-0.221371
-0.209804
-0.19925
-0.189547
-0.180472
-0.172479
-0.467073
-0.452797
-0.439775
-0.424954
-0.407265
-0.387464
-0.366598
-0.345635
-0.325328
-0.306163
-0.288382
-0.272055
-0.257145
-0.243554
-0.231163
-0.219848
-0.209494
-0.199958
-0.191031
-0.183084
-0.459097
-0.445263
-0.433052
-0.419661
-0.403899
-0.38623
-0.367433
-0.348309
-0.329544
-0.311627
-0.29484
-0.279302
-0.265019
-0.251935
-0.239956
-0.22898
-0.218907
-0.209614
-0.200906
-0.193081
-0.449671
-0.436376
-0.424927
-0.412823
-0.398839
-0.383211
-0.366474
-0.34925
-0.332131
-0.315587
-0.299921
-0.285291
-0.271747
-0.259269
-0.247794
-0.237242
-0.227528
-0.21855
-0.21013
-0.202498
-0.439157
-0.42649
-0.415762
-0.404798
-0.392417
-0.378692
-0.363947
-0.348627
-0.333218
-0.318141
-0.303703
-0.290089
-0.277386
-0.265609
-0.254724
-0.244675
-0.235396
-0.226802
-0.218736
-0.211369
-0.427894
-0.415939
-0.4059
-0.395935
-0.384967
-0.372967
-0.360096
-0.346634
-0.332948
-0.319397
-0.30627
-0.293765
-0.281995
-0.271005
-0.260792
-0.251323
-0.242548
-0.234405
-0.226757
-0.219725
-0.416197
-0.405024
-0.395651
-0.38656
-0.376815
-0.366341
-0.35518
-0.343478
-0.331483
-0.319478
-0.307715
-0.29639
-0.285631
-0.275508
-0.266042
-0.257224
-0.249022
-0.241393
-0.234223
-0.227591
-0.404345
-0.394011
-0.38529
-0.376968
-0.368266
-0.35911
-0.349469
-0.339384
-0.329
-0.318515
-0.308136
-0.298038
-0.288352
-0.279163
-0.270514
-0.262413
-0.254849
-0.247794
-0.241159
-0.23499
-0.392579
-0.383124
-0.375049
-0.367411
-0.359595
-0.351554
-0.343226
-0.334585
-0.325688
-0.316657
-0.307642
-0.298788
-0.290216
-0.282015
-0.274241
-0.266918
-0.260052
-0.25363
-0.247583
-0.241935
-0.381101
-0.372546
-0.365115
-0.358097
-0.351035
-0.343924
-0.336704
-0.329312
-0.321746
-0.314062
-0.306353
-0.298726
-0.291283
-0.284105
-0.277252
-0.270761
-0.264647
-0.258911
-0.253505
-0.248427
-0.37007
-0.362421
-0.35563
-0.349187
-0.342775
-0.336437
-0.330133
-0.323792
-0.317379
-0.3109
-0.304402
-0.297949
-0.291618
-0.285474
-0.279575
-0.273958
-0.268644
-0.263646
-0.258927
-0.254464
-0.359608
-0.352851
-0.346696
-0.340797
-0.334957
-0.329263
-0.323707
-0.31823
-0.312784
-0.307348
-0.301932
-0.296566
-0.291296
-0.286171
-0.281235
-0.27652
-0.272048
-0.267832
-0.263849
-0.260038
-0.349801
-0.343906
-0.338378
-0.333
-0.327677
-0.322529
-0.317584
-0.312804
-0.308147
-0.303582
-0.299097
-0.294698
-0.290407
-0.286253
-0.282264
-0.278462
-0.274861
-0.271471
-0.268272
-0.265149
-0.340701
-0.335626
-0.330707
-0.325835
-0.32099
-0.316319
-0.311878
-0.307656
-0.303628
-0.299766
-0.296051
-0.292478
-0.289053
-0.285789
-0.282702
-0.279801
-0.27709
-0.274563
-0.272206
-0.269818
-0.332336
-0.328025
-0.323693
-0.319311
-0.314918
-0.310676
-0.306662
-0.302892
-0.299359
-0.296047
-0.292943
-0.290042
-0.287346
-0.284863
-0.282602
-0.280565
-0.278743
-0.277116
-0.27567
-0.274098
-0.324706
-0.321098
-0.317323
-0.313415
-0.309454
-0.30561
-0.301972
-0.298577
-0.295434
-0.292544
-0.289906
-0.287524
-0.285408
-0.283572
-0.282029
-0.280786
-0.279833
-0.279137
-0.278686
-0.278077
-0.317795
-0.314821
-0.311569
-0.308117
-0.304574
-0.301106
-0.297812
-0.294739
-0.291912
-0.289345
-0.28705
-0.285045
-0.283356
-0.282015
-0.281054
-0.280502
-0.280363
-0.280615
-0.28125
-0.281844
-0.311569
-0.30916
-0.306394
-0.303375
-0.300234
-0.29713
-0.294159
-0.291377
-0.288817
-0.286501
-0.284453
-0.282704
-0.281298
-0.280291
-0.27975
-0.279741
-0.280317
-0.281495
-0.283295
-0.285456
-0.305985
-0.304072
-0.30175
-0.299141
-0.296386
-0.293632
-0.290973
-0.288465
-0.286142
-0.284032
-0.282163
-0.280575
-0.279324
-0.278493
-0.278186
-0.278527
-0.279646
-0.281652
-0.284631
-0.288798
-0.300987
-0.299507
-0.297586
-0.295361
-0.292974
-0.290558
-0.288201
-0.285957
-0.283857
-0.281928
-0.280196
-0.278699
-0.277502
-0.276699
-0.276429
-0.276876
-0.278274
-0.280875
-0.284934
-0.291589
-0.296517
-0.295411
-0.293852
-0.29198
-0.289938
-0.287845
-0.285781
-0.283793
-0.281911
-0.280151
-0.278534
-0.277091
-0.275875
-0.274978
-0.27455
-0.274819
-0.276115
-0.278861
-0.283651
-0.293045
-0.292515
-0.291731
-0.290492
-0.288943
-0.287221
-0.285432
-0.283647
-0.281908
-0.280237
-0.278644
-0.277138
-0.275732
-0.274459
-0.273387
-0.272642
-0.272446
-0.27317
-0.275363
-0.28021
-0.292378
-0.288923
-0.288415
-0.28746
-0.286201
-0.284769
-0.283261
-0.281737
-0.280233
-0.278765
-0.277336
-0.275941
-0.274574
-0.273237
-0.271952
-0.270778
-0.269856
-0.269448
-0.269985
-0.273024
-0.285527
-0.285688
-0.285417
-0.28471
-0.283707
-0.282537
-0.281281
-0.279994
-0.278707
-0.277429
-0.276157
-0.274874
-0.273555
-0.272167
-0.27067
-0.269008
-0.26711
-0.264853
-0.261774
-0.25664
-0.250538
-0.282763
-0.282697
-0.282204
-0.281426
-0.280485
-0.279453
-0.278377
-0.277283
-0.276178
-0.275054
-0.273888
-0.272646
-0.271282
-0.269732
-0.267909
-0.265706
-0.262992
-0.25941
-0.254098
-0.248599
-0.28011
-0.280219
-0.279911
-0.279327
-0.278585
-0.277747
-0.276855
-0.27593
-0.274978
-0.273989
-0.272941
-0.271801
-0.270523
-0.269051
-0.267317
-0.26525
-0.262789
-0.259722
-0.255599
-0.252124
-0.277697
-0.277957
-0.277808
-0.27739
-0.276819
-0.276148
-0.275413
-0.274634
-0.273816
-0.272948
-0.272011
-0.270977
-0.269807
-0.268457
-0.266879
-0.265033
-0.262893
-0.260309
-0.257046
-0.254811
-0.275501
-0.27589
-0.275875
-0.2756
-0.275174
-0.274647
-0.274048
-0.273395
-0.272694
-0.271935
-0.271103
-0.270174
-0.26912
-0.26791
-0.266513
-0.264916
-0.263118
-0.261016
-0.258503
-0.257109
-0.273502
-0.274001
-0.2741
-0.273946
-0.273646
-0.273242
-0.272761
-0.272221
-0.271625
-0.270967
-0.270237
-0.269416
-0.268487
-0.267428
-0.266228
-0.264891
-0.263433
-0.261791
-0.259917
-0.259116
-0.271686
-0.272276
-0.272472
-0.272422
-0.27223
-0.271934
-0.271559
-0.27112
-0.270623
-0.270064
-0.269436
-0.268727
-0.267928
-0.267029
-0.266028
-0.264942
-0.263799
-0.262552
-0.26118
-0.260782
-0.27004
-0.270706
-0.270984
-0.271022
-0.270926
-0.270726
-0.270446
-0.270102
-0.269699
-0.269237
-0.268712
-0.26812
-0.267455
-0.266715
-0.265908
-0.265055
-0.264185
-0.263264
-0.262271
-0.26214
-0.268552
-0.269281
-0.269629
-0.269744
-0.26973
-0.269617
-0.269425
-0.269169
-0.268858
-0.268492
-0.268071
-0.267595
-0.267062
-0.266477
-0.265849
-0.265203
-0.264566
-0.263904
-0.263193
-0.26324
-0.267215
-0.267995
-0.268401
-0.268583
-0.268643
-0.268607
-0.268495
-0.268323
-0.268099
-0.267827
-0.267507
-0.267143
-0.266737
-0.266295
-0.265828
-0.26536
-0.264915
-0.264456
-0.263953
-0.264122
-0.266017
-0.266841
-0.267296
-0.267535
-0.26766
-0.267694
-0.267657
-0.267562
-0.26742
-0.267236
-0.267012
-0.266752
-0.266462
-0.266148
-0.265821
-0.265503
-0.265212
-0.264911
-0.264565
-0.26482
-0.264953
-0.265812
-0.26631
-0.266599
-0.266781
-0.266877
-0.266906
-0.266882
-0.266815
-0.266711
-0.266574
-0.26641
-0.266222
-0.266019
-0.265811
-0.265615
-0.265449
-0.26527
-0.265042
-0.265362
-0.264016
-0.264905
-0.265439
-0.265771
-0.266002
-0.266153
-0.26624
-0.266279
-0.266279
-0.266247
-0.266187
-0.266105
-0.266006
-0.265896
-0.265786
-0.26569
-0.265622
-0.265538
-0.265402
-0.265772
-0.263201
-0.264116
-0.26468
-0.265049
-0.265322
-0.26552
-0.265658
-0.265751
-0.265809
-0.265839
-0.265844
-0.265832
-0.265807
-0.265775
-0.265744
-0.265728
-0.265736
-0.265726
-0.265662
-0.266073
-0.262505
-0.263443
-0.264033
-0.264432
-0.264741
-0.264978
-0.265159
-0.265298
-0.265404
-0.265485
-0.265545
-0.26559
-0.265625
-0.265655
-0.265687
-0.265734
-0.265802
-0.265849
-0.265842
-0.266285
-0.261927
-0.262884
-0.263495
-0.263919
-0.264257
-0.264526
-0.264741
-0.264918
-0.265063
-0.265186
-0.26529
-0.26538
-0.265463
-0.265542
-0.265623
-0.265718
-0.265832
-0.265922
-0.26596
-0.266429
-0.261465
-0.262439
-0.263066
-0.26351
-0.26387
-0.264165
-0.264408
-0.264613
-0.264789
-0.264943
-0.265081
-0.265207
-0.265325
-0.265441
-0.26556
-0.265691
-0.265839
-0.265962
-0.266033
-0.266523
-0.26112
-0.262107
-0.262747
-0.263205
-0.263582
-0.263895
-0.264158
-0.264384
-0.264583
-0.264761
-0.264923
-0.265074
-0.265219
-0.265361
-0.265506
-0.265664
-0.265836
-0.265982
-0.266077
-0.266583
-0.260893
-0.261888
-0.262537
-0.263005
-0.263393
-0.263718
-0.263995
-0.264235
-0.264448
-0.264642
-0.26482
-0.264988
-0.265149
-0.265309
-0.265471
-0.265645
-0.265834
-0.265994
-0.266106
-0.266622
-0.260783
-0.261784
-0.262437
-0.26291
-0.263304
-0.263635
-0.263918
-0.264166
-0.264387
-0.264588
-0.264774
-0.26495
-0.265121
-0.265289
-0.26546
-0.265643
-0.265839
-0.266008
-0.266128
-0.266649
-0.28333
-0.280265
-0.34353
-0.299011
-0.205671
-0.142773
-0.0811094
-0.0374901
-0.0116732
0.00776351
0.0140493
0.0184743
0.0181848
0.0177292
0.0156738
0.0137347
0.0109115
0.00859105
0.00510602
0.00278703
-0.283476
-0.280333
-0.343585
-0.299141
-0.205842
-0.143084
-0.0814864
-0.0377643
-0.0118431
0.00770262
0.0140489
0.0184961
0.0182089
0.0177409
0.0156722
0.0137216
0.0108908
0.00857081
0.00508736
0.00277634
-0.283716
-0.280486
-0.343943
-0.299698
-0.206285
-0.143573
-0.0820262
-0.0381425
-0.0121009
0.00757852
0.0140011
0.0184816
0.0182061
0.0177329
0.0156557
0.0136972
0.0108611
0.00854344
0.00506398
0.00276162
-0.284029
-0.280701
-0.344556
-0.300647
-0.206991
-0.144234
-0.0827217
-0.0386216
-0.012444
0.00739057
0.0139051
0.0184295
0.0181755
0.0177046
0.0156239
0.0136614
0.0108225
0.00850903
0.00503612
0.002743
-0.284389
-0.280948
-0.345355
-0.301936
-0.207944
-0.145062
-0.0835649
-0.0391987
-0.0128695
0.00713781
0.0137601
0.0183383
0.0181159
0.0176551
0.0155767
0.0136142
0.0107751
0.00846766
0.00500404
0.00272059
-0.284764
-0.281188
-0.346256
-0.303501
-0.209128
-0.146046
-0.0845467
-0.039871
-0.0133742
0.00681916
0.0135649
0.0182063
0.0180267
0.0175838
0.015514
0.0135554
0.010719
0.00841943
0.00496802
0.00269452
-0.285121
-0.281383
-0.347172
-0.305275
-0.210522
-0.147177
-0.0856577
-0.0406356
-0.013955
0.00643352
0.013319
0.0180322
0.0179069
0.01749
0.0154355
0.013485
0.0106545
0.0083644
0.00492834
0.0026649
-0.285429
-0.281495
-0.348016
-0.307189
-0.212105
-0.148445
-0.0868883
-0.0414895
-0.0146084
0.00598009
0.0130216
0.0178146
0.0177559
0.0173733
0.0153414
0.013403
0.0105818
0.00830268
0.00488527
0.00263186
-0.285661
-0.28149
-0.34871
-0.309183
-0.213859
-0.149837
-0.0882286
-0.0424291
-0.0153306
0.00545849
0.0126725
0.0175527
0.0175732
0.0172333
0.0152318
0.0133095
0.010501
0.00823435
0.00483909
0.00259553
-0.285795
-0.281341
-0.349185
-0.311204
-0.215767
-0.151342
-0.089669
-0.0434506
-0.0161178
0.00486902
0.0122718
0.0172457
0.0173587
0.0170699
0.0151069
0.0132047
0.0104123
0.00815951
0.00479006
0.00255604
-0.285819
-0.281029
-0.349389
-0.313209
-0.217815
-0.152949
-0.0911996
-0.0445495
-0.0169655
0.00421278
0.0118199
0.0168938
0.0171124
0.0168832
0.014967
0.0130889
0.0103161
0.00807829
0.00473842
0.00251353
-0.285726
-0.280543
-0.349281
-0.315167
-0.219996
-0.154648
-0.0928106
-0.0457207
-0.0178691
0.0034917
0.0113181
0.0164973
0.0168347
0.0166736
0.0148127
0.0129623
0.0102126
0.00799085
0.0046844
0.00246815
-0.28552
-0.279878
-0.348833
-0.317054
-0.222306
-0.156431
-0.0944944
-0.0469598
-0.0188242
0.00270824
0.0107678
0.0160572
0.0165262
0.0164416
0.0146444
0.0128254
0.0101022
0.00789737
0.00462819
0.00242004
-0.285206
-0.279037
-0.348023
-0.318851
-0.224748
-0.158296
-0.0962448
-0.0482625
-0.0198262
0.00186555
0.0101708
0.0155747
0.0161877
0.0161879
0.0144628
0.0126786
0.00998502
0.00779804
0.00457001
0.00236936
-0.284787
-0.278022
-0.346831
-0.320523
-0.227314
-0.160231
-0.0980468
-0.049618
-0.0208657
0.000969617
0.0095304
0.0150517
0.0158201
0.0159132
0.0142684
0.0125226
0.00986149
0.00769298
0.00450996
0.00231625
-0.284254
-0.276839
-0.345237
-0.322008
-0.229959
-0.1622
-0.0998638
-0.0510016
-0.0219253
3.14807e-05
0.00885213
0.0144914
0.0154249
0.0156183
0.0140619
0.0123575
0.00973177
0.00758229
0.00444808
0.00226083
-0.283636
-0.275518
-0.343273
-0.323343
-0.232682
-0.164199
-0.101698
-0.0524147
-0.0230105
-0.000946638
0.00813878
0.0138984
0.0150056
0.0153062
0.0138447
0.0121848
0.00959654
0.00746683
0.00438464
0.0022034
-0.282995
-0.274112
-0.340986
-0.324866
-0.235819
-0.166479
-0.103771
-0.0540011
-0.02422
-0.00201038
0.00737245
0.0132718
0.014566
0.0149827
0.013621
0.0120083
0.00945816
0.00734936
0.00432102
0.00214472
-0.281738
-0.272424
-0.337974
-0.32649
-0.239801
-0.169401
-0.106331
-0.055913
-0.0256199
-0.00320771
0.00652827
0.0125915
0.0140956
0.0146414
0.01339
0.0118278
0.00931761
0.00722925
0.00425813
0.00208467
-0.277692
-0.269786
-0.333139
-0.325437
-0.242749
-0.171618
-0.108088
-0.0572747
-0.0265455
-0.00423114
0.00572787
0.0118509
0.0135551
0.0142321
0.0131222
0.0116159
0.00915906
0.0070826
0.00418669
0.00201722
-0.240125
-0.248968
-0.297444
-0.301343
-0.246258
-0.174943
-0.109283
-0.0588705
-0.0271242
-0.00780264
0.00201288
0.00746095
0.0100284
0.0113677
0.011276
0.0101285
0.00808998
0.00601596
0.00367947
0.0015745
-0.200945
-0.227008
-0.24939
-0.255985
-0.225898
-0.166702
-0.106383
-0.0594977
-0.0295959
-0.0133318
-0.00482275
6.0099e-05
0.00336943
0.0058272
0.00712242
0.0070333
0.00584514
0.00424351
0.00250197
0.000791957
-0.179361
-0.199718
-0.210344
-0.211274
-0.191101
-0.148613
-0.100386
-0.0603562
-0.0336427
-0.0188367
-0.0109687
-0.00617574
-0.00239284
0.000793481
0.00304135
0.00397789
0.00372519
0.00277956
0.00154029
0.000445645
-0.148462
-0.169777
-0.175977
-0.172647
-0.157668
-0.129341
-0.0943506
-0.0623275
-0.0387415
-0.0242882
-0.0160616
-0.0108711
-0.0067639
-0.00327329
-0.000516919
0.00121838
0.00185441
0.00161996
0.000868575
0.000251431
-0.122771
-0.142091
-0.147239
-0.143234
-0.132193
-0.11361
-0.0892146
-0.0642216
-0.0433681
-0.0288927
-0.019839
-0.0140628
-0.00985256
-0.00642837
-0.00353472
-0.00125432
0.000101778
0.00055407
0.000266172
-0.000147201
-0.101689
-0.11875
-0.124114
-0.121542
-0.113749
-0.101123
-0.0838262
-0.0642705
-0.0459892
-0.0318191
-0.0221858
-0.0160576
-0.0120073
-0.00890072
-0.00607504
-0.00346531
-0.0015741
-0.000501323
-0.000271575
-0.000327011
-0.0854189
-0.100091
-0.105897
-0.105127
-0.0998463
-0.0907601
-0.0778818
-0.0623755
-0.0466352
-0.0333907
-0.0238376
-0.0177555
-0.0139575
-0.0110951
-0.00828471
-0.00542851
-0.00312366
-0.0015165
-0.000712697
-0.00039603
-0.0728986
-0.0855005
-0.0914638
-0.0920666
-0.088617
-0.0817546
-0.0716961
-0.059259
-0.0460094
-0.0342434
-0.0253915
-0.0195746
-0.0158256
-0.0128907
-0.00996959
-0.00694173
-0.00438012
-0.00238295
-0.00106327
-0.000437236
-0.0632465
-0.07407
-0.0798495
-0.0812898
-0.0791214
-0.0738078
-0.0657671
-0.0557744
-0.0448735
-0.0348394
-0.026933
-0.0213147
-0.0173167
-0.0140933
-0.0110804
-0.00804197
-0.00540184
-0.00317165
-0.00146047
-0.000537573
-0.0556937
-0.0649892
-0.0703769
-0.0722451
-0.0709641
-0.0668808
-0.0604811
-0.0524948
-0.0436606
-0.0352429
-0.0281668
-0.0225987
-0.0182731
-0.0148343
-0.0118752
-0.00896367
-0.00631486
-0.00393595
-0.00190788
-0.000631653
-0.0496647
-0.0576633
-0.0625826
-0.0646322
-0.0640148
-0.0609975
-0.0559836
-0.049619
-0.0424544
-0.035307
-0.0288376
-0.0233351
-0.0188986
-0.0154536
-0.0126145
-0.00979718
-0.00709021
-0.00458766
-0.00230505
-0.00069611
-0.044757
-0.0516749
-0.056142
-0.0582763
-0.0582056
-0.056093
-0.05221
-0.0471074
-0.0411835
-0.0349521
-0.0289965
-0.0237663
-0.0194886
-0.0161148
-0.0132846
-0.0104397
-0.00764731
-0.00506906
-0.00264307
-0.000784635
-0.0406788
-0.046729
-0.0508248
-0.0530361
-0.0534137
-0.0520164
-0.0490193
-0.044857
-0.0398172
-0.0343069
-0.0289273
-0.0241456
-0.0200939
-0.0166999
-0.0137523
-0.0108547
-0.00803595
-0.00544926
-0.00296827
-0.000901926
-0.037221
-0.0426157
-0.0464586
-0.048757
-0.0494742
-0.0486173
-0.0462932
-0.0428146
-0.0384528
-0.0336205
-0.0288524
-0.0244848
-0.0205596
-0.0170844
-0.01404
-0.0111595
-0.00836808
-0.00578323
-0.00325777
-0.00100488
-0.0342072
-0.0391809
-0.0428928
-0.0452787
-0.0462487
-0.0457923
-0.043961
-0.0410078
-0.0372467
-0.0330465
-0.0287724
-0.0246658
-0.0208148
-0.017332
-0.0142805
-0.0114413
-0.00865916
-0.00604043
-0.00347033
-0.00108595
-0.0315302
-0.0363123
-0.0400029
-0.0424844
-0.0436504
-0.0434789
-0.0420147
-0.0395118
-0.0362751
-0.0325602
-0.0286097
-0.0246886
-0.0209633
-0.0175567
-0.0145138
-0.0116715
-0.00886926
-0.00621049
-0.00362144
-0.00115888
-0.0290892
-0.03394
-0.0377092
-0.0402913
-0.0416012
-0.0416399
-0.0404838
-0.0383585
-0.0354995
-0.032101
-0.0283892
-0.0246629
-0.0210916
-0.0177548
-0.0146886
-0.0118207
-0.00901062
-0.00633288
-0.00373728
-0.00121982
-0.0269194
-0.0320615
-0.0359842
-0.0386484
-0.0400526
-0.0402613
-0.0393626
-0.0375107
-0.0348917
-0.031715
-0.0282101
-0.0246524
-0.0211861
-0.017881
-0.0147919
-0.0119159
-0.00911657
-0.0064269
-0.00381837
-0.00126159
-0.025139
-0.0307255
-0.0348177
-0.0375347
-0.0389969
-0.0393252
-0.0385987
-0.0369224
-0.03447
-0.0314635
-0.0281065
-0.0246455
-0.0212313
-0.017949
-0.0148579
-0.0119832
-0.00919001
-0.00648528
-0.00386391
-0.00128558
-0.0240232
-0.0300146
-0.0342187
-0.0369609
-0.0384524
-0.0388369
-0.03819
-0.0366052
-0.0342516
-0.03134
-0.0280507
-0.0246275
-0.0212408
-0.0179814
-0.014897
-0.0120214
-0.00922696
-0.00651156
-0.00388526
-0.00129872
-0.161959
-0.172002
-0.182167
-0.192545
-0.203241
-0.214367
-0.226048
-0.238415
-0.251598
-0.265709
-0.280806
-0.296864
-0.313647
-0.330705
-0.347069
-0.361621
-0.372378
-0.3786
-0.378043
-0.375443
-0.102258
-0.10574
-0.108915
-0.111767
-0.114275
-0.116415
-0.118162
-0.119491
-0.120376
-0.120802
-0.120764
-0.120292
-0.119451
-0.118408
-0.117384
-0.116835
-0.117146
-0.11922
-0.12336
-0.131691
-0.0772584
-0.0815518
-0.0858804
-0.090255
-0.0946867
-0.0991876
-0.10377
-0.108448
-0.113232
-0.118133
-0.123159
-0.128308
-0.133563
-0.138893
-0.144218
-0.149438
-0.154366
-0.158821
-0.162491
-0.165182
-0.0635668
-0.0664829
-0.0693581
-0.072193
-0.0749882
-0.0777438
-0.0804599
-0.0831359
-0.0857714
-0.0883659
-0.0909192
-0.0934327
-0.0959104
-0.0983613
-0.100803
-0.103265
-0.105799
-0.108481
-0.111466
-0.114981
-0.0531585
-0.0555147
-0.057874
-0.060239
-0.062612
-0.0649955
-0.0673919
-0.0698037
-0.0722335
-0.0746835
-0.077156
-0.0796529
-0.0821755
-0.0847234
-0.0872954
-0.0898843
-0.0924865
-0.0950784
-0.0976755
-0.100229
-0.0467102
-0.0485565
-0.0504002
-0.052242
-0.0540825
-0.0559222
-0.0577619
-0.0596023
-0.0614442
-0.0632884
-0.0651358
-0.0669874
-0.0688446
-0.0707084
-0.0725817
-0.0744656
-0.0763695
-0.0782924
-0.0802799
-0.0823315
-0.0415447
-0.0430214
-0.044499
-0.0459781
-0.0474592
-0.0489429
-0.0504296
-0.0519202
-0.053415
-0.0549147
-0.05642
-0.0579313
-0.0594493
-0.0609742
-0.0625071
-0.0640468
-0.0655977
-0.0671531
-0.0687407
-0.0703382
-0.0376987
-0.0388981
-0.0400976
-0.0412975
-0.0424979
-0.0436991
-0.0449012
-0.0461046
-0.0473095
-0.0485161
-0.0497249
-0.050936
-0.0521499
-0.0533667
-0.0545874
-0.0558112
-0.0570419
-0.0582747
-0.0595326
-0.0607969
-0.0346072
-0.0355918
-0.0365763
-0.0375611
-0.0385461
-0.0395315
-0.0405174
-0.041504
-0.0424915
-0.04348
-0.0444696
-0.0454606
-0.046453
-0.0474469
-0.0484427
-0.0494398
-0.0504407
-0.0514414
-0.0524588
-0.0534761
-0.0321551
-0.0329708
-0.0337864
-0.0346019
-0.0354174
-0.0362329
-0.0370485
-0.0378643
-0.0386804
-0.0394967
-0.0403135
-0.0411307
-0.0419484
-0.0427666
-0.0435855
-0.0444047
-0.045226
-0.0460462
-0.0468783
-0.0477089
-0.0301474
-0.0308251
-0.0315027
-0.0321804
-0.0328583
-0.0335363
-0.0342145
-0.0348929
-0.0355716
-0.0362506
-0.0369299
-0.0376094
-0.0382893
-0.0389694
-0.0396499
-0.0403304
-0.041012
-0.0416926
-0.0423817
-0.0430694
-0.028473
-0.029036
-0.0295996
-0.0301638
-0.0307286
-0.0312939
-0.0318599
-0.0324266
-0.0329938
-0.0335615
-0.0341298
-0.0346985
-0.0352677
-0.0358371
-0.0364068
-0.0369765
-0.037547
-0.0381166
-0.0386925
-0.039268
-0.0269765
-0.0274424
-0.0279099
-0.0283789
-0.0288494
-0.0293214
-0.0297949
-0.0302698
-0.030746
-0.0312235
-0.0317022
-0.0321819
-0.0326626
-0.033144
-0.0336261
-0.0341087
-0.0345921
-0.0350751
-0.0355632
-0.0360519
-0.0255729
-0.0259576
-0.0263452
-0.0267357
-0.0271291
-0.0275252
-0.027924
-0.0283253
-0.028729
-0.0291348
-0.0295427
-0.0299523
-0.0303635
-0.030776
-0.0311897
-0.0316042
-0.0320197
-0.0324353
-0.032855
-0.0332764
-0.0240202
-0.0243367
-0.0246586
-0.0249858
-0.025318
-0.025655
-0.0259967
-0.0263425
-0.0266924
-0.027046
-0.0274029
-0.0277627
-0.0281253
-0.0284902
-0.0288571
-0.0292257
-0.0295958
-0.0299668
-0.0303414
-0.0307189
-0.0222895
-0.0225562
-0.0228317
-0.0231154
-0.0234069
-0.0237055
-0.0240109
-0.0243223
-0.0246393
-0.0249614
-0.0252878
-0.0256183
-0.0259521
-0.0262889
-0.0266281
-0.0269692
-0.0273121
-0.027656
-0.0280028
-0.0283527
-0.01972
-0.0199801
-0.0202529
-0.0205373
-0.0208321
-0.0211363
-0.0214489
-0.0217689
-0.0220955
-0.0224278
-0.022765
-0.0231062
-0.0234509
-0.0237983
-0.0241478
-0.0244988
-0.0248509
-0.0252035
-0.0255578
-0.0259146
-0.0164121
-0.0167362
-0.0170729
-0.0174204
-0.0177772
-0.0181421
-0.0185137
-0.018891
-0.0192728
-0.0196581
-0.0200461
-0.0204361
-0.0208272
-0.0212187
-0.0216102
-0.022001
-0.0223908
-0.022779
-0.0231663
-0.0235537
-0.0113916
-0.0119786
-0.0125596
-0.0131342
-0.013702
-0.0142628
-0.0148164
-0.0153624
-0.0159007
-0.0164313
-0.0169539
-0.0174686
-0.0179753
-0.018474
-0.0189646
-0.0194472
-0.0199219
-0.0203887
-0.020848
-0.0213013
-0.00589558
-0.00684193
-0.00775395
-0.00863356
-0.00948254
-0.0103026
-0.0110953
-0.0118622
-0.0126045
-0.0133238
-0.0140211
-0.0146976
-0.0153543
-0.0159924
-0.0166127
-0.017216
-0.0178033
-0.0183753
-0.018933
-0.0194777
0.0846838
0.0568329
0.0362991
0.0264767
0.0176845
0.00583377
-0.00745557
-0.0202929
-0.0323863
-0.0441454
-0.0558088
-0.0673489
-0.078674
-0.0897442
-0.100568
-0.111171
-0.121579
-0.131821
-0.141932
-0.151959
0.0275004
0.0135701
0.00131725
-0.00608468
-0.0115851
-0.0179939
-0.0254713
-0.032991
-0.0399649
-0.0464507
-0.052674
-0.05873
-0.0645924
-0.0702138
-0.0755736
-0.0806732
-0.0855169
-0.0901042
-0.0944294
-0.098484
0.0129002
0.00672516
0.00112674
-0.00352677
-0.00768165
-0.0119421
-0.0164947
-0.0211567
-0.0257256
-0.0301575
-0.0345112
-0.038842
-0.0431641
-0.0474691
-0.0517503
-0.0560101
-0.0602562
-0.0644968
-0.0687392
-0.0729905
0.00413271
0.000283974
-0.00353837
-0.00724745
-0.0108455
-0.0144033
-0.0179716
-0.0215414
-0.0250744
-0.028547
-0.0319603
-0.0353248
-0.0386462
-0.0419238
-0.0451548
-0.0483379
-0.0514736
-0.0545631
-0.0576078
-0.0606087
-0.00272635
-0.00583619
-0.00873004
-0.0113836
-0.0139657
-0.0165577
-0.0191518
-0.0217228
-0.0242603
-0.0267659
-0.0292442
-0.0316995
-0.0341348
-0.0365523
-0.0389539
-0.0413417
-0.043718
-0.0460854
-0.0484463
-0.0508032
-0.00796411
-0.0104653
-0.0126382
-0.0145489
-0.0164236
-0.0183514
-0.0203082
-0.0222563
-0.0241838
-0.026096
-0.0279996
-0.029897
-0.031788
-0.0336725
-0.0355505
-0.0374225
-0.039289
-0.0411506
-0.0430077
-0.0448608
-0.0113313
-0.0132793
-0.0149153
-0.0163463
-0.0177678
-0.019247
-0.0207587
-0.0222686
-0.0237661
-0.0252556
-0.0267426
-0.0282292
-0.0297146
-0.0311983
-0.0326799
-0.0341598
-0.0356382
-0.0371156
-0.0385922
-0.0400684
-0.0134291
-0.0149331
-0.0162143
-0.017355
-0.0184922
-0.0196734
-0.0208814
-0.0220916
-0.0232953
-0.024495
-0.0256945
-0.0268953
-0.0280968
-0.0292983
-0.0304993
-0.0316999
-0.0329002
-0.0341001
-0.0352998
-0.0364993
-0.0147832
-0.0159259
-0.0169579
-0.0179099
-0.0188547
-0.0198229
-0.0208084
-0.0217975
-0.0227841
-0.0237687
-0.0247531
-0.0257385
-0.0267244
-0.0277105
-0.0286965
-0.0296822
-0.0306676
-0.0316528
-0.0326378
-0.0336226
-0.0157788
-0.0166258
-0.0174635
-0.0182778
-0.0190825
-0.0198914
-0.0207072
-0.0215263
-0.0223455
-0.0231639
-0.023982
-0.0248001
-0.0256184
-0.0264365
-0.0272545
-0.0280721
-0.0288893
-0.0297062
-0.0305228
-0.0313391
-0.0166119
-0.0172273
-0.0179031
-0.0185982
-0.0192856
-0.0199644
-0.0206416
-0.0213206
-0.0220011
-0.0226817
-0.0233618
-0.0240414
-0.0247208
-0.0254
-0.0260789
-0.0267575
-0.0274358
-0.028114
-0.0287919
-0.0294697
-0.0173533
-0.0177962
-0.0183341
-0.0189166
-0.0194956
-0.0200603
-0.0206183
-0.0211768
-0.0217374
-0.0222988
-0.02286
-0.0234209
-0.0239816
-0.0245423
-0.0251031
-0.025664
-0.0262252
-0.0267866
-0.0273483
-0.0279104
-0.0179851
-0.0182916
-0.0187071
-0.0191823
-0.0196587
-0.0201191
-0.0205705
-0.0210214
-0.0214746
-0.0219294
-0.0223846
-0.02284
-0.0232957
-0.0237521
-0.0242093
-0.0246675
-0.0251268
-0.0255872
-0.0260489
-0.026512
-0.018491
-0.0186729
-0.018975
-0.0193506
-0.0197324
-0.020097
-0.0204505
-0.0208029
-0.021158
-0.0215157
-0.0218747
-0.0222348
-0.0225964
-0.0229597
-0.0233252
-0.0236931
-0.0240636
-0.0244366
-0.0248125
-0.0251913
-0.0188651
-0.0189008
-0.019075
-0.0193436
-0.0196252
-0.019888
-0.0201372
-0.0203851
-0.0206374
-0.0208945
-0.0211553
-0.0214197
-0.021688
-0.0219608
-0.0222386
-0.0225217
-0.0228102
-0.0231042
-0.0234039
-0.0237092
-0.01924
-0.0191436
-0.019156
-0.0192609
-0.0193915
-0.019515
-0.0196321
-0.0197531
-0.0198841
-0.0200264
-0.0201794
-0.0203425
-0.0205161
-0.0207004
-0.0208956
-0.0211017
-0.0213187
-0.0215462
-0.0217841
-0.022032
-0.0191108
-0.0189127
-0.0186636
-0.0184481
-0.0182911
-0.0181821
-0.0181072
-0.0180603
-0.018041
-0.0180503
-0.0180879
-0.0181524
-0.0182425
-0.0183566
-0.0184935
-0.0186518
-0.0188302
-0.0190276
-0.0192425
-0.0194737
-0.0165142
-0.0160284
-0.0155149
-0.0151059
-0.0148081
-0.0145922
-0.0144369
-0.014334
-0.0142806
-0.0142745
-0.0143127
-0.0143914
-0.0145072
-0.0146565
-0.0148365
-0.0150442
-0.0152771
-0.0155325
-0.0158083
-0.0161021
-0.00494164
-0.00126122
2.70238e-05
-0.000610022
-0.00168477
-0.00250223
-0.0030718
-0.00358128
-0.00413041
-0.00472312
-0.00533377
-0.0059459
-0.00655608
-0.00716583
-0.00777603
-0.00838596
-0.0089943
-0.00959982
-0.0102016
-0.0107991
0.00703675
0.0192805
0.0230277
0.0204218
0.0166064
0.0138467
0.0120494
0.0105669
0.00906115
0.0075116
0.00599257
0.0045481
0.00318055
0.00187717
0.000627923
-0.00057165
-0.00172345
-0.00282931
-0.00389159
-0.00491287
0.121879
0.122409
0.123493
0.125123
0.127299
0.130034
0.13335
0.137267
0.141804
0.146962
0.152728
0.159041
0.165794
0.172746
0.179487
0.185214
0.188425
0.186092
0.171652
0.130178
0.112602
0.11299
0.113727
0.114833
0.11627
0.118059
0.120133
0.122523
0.125101
0.127891
0.130647
0.133364
0.135556
0.137132
0.137119
0.13516
0.129203
0.117961
0.0963516
0.0586743
0.101625
0.101835
0.102207
0.102753
0.10344
0.104261
0.10514
0.106051
0.10686
0.107506
0.107762
0.107499
0.106327
0.103985
0.099818
0.0933319
0.083548
0.0698267
0.051475
0.0288018
0.0896476
0.089687
0.0897363
0.0897968
0.0898458
0.0898551
0.0897615
0.0895011
0.0889684
0.088059
0.0866125
0.084464
0.0813831
0.0771331
0.0714424
0.0640709
0.054873
0.0437598
0.0306764
0.0147955
0.0773714
0.0772837
0.0770943
0.0767992
0.0763849
0.0758175
0.0750499
0.0740142
0.0726371
0.0708217
0.0684753
0.0654744
0.0617239
0.0570965
0.0515445
0.0449755
0.0374019
0.0286381
0.0184242
0.00585672
0.0653827
0.0652174
0.0648795
0.0643648
0.0636656
0.0627542
0.0615986
0.0601462
0.0583519
0.0561495
0.0534947
0.0503182
0.046593
0.0422569
0.0373085
0.0316692
0.0253056
0.0179971
0.00949222
-0.000887579
0.0540895
0.0538863
0.0534755
0.0528536
0.0520168
0.0509467
0.0496243
0.0480155
0.0460958
0.043826
0.041187
0.0381399
0.0346762
0.0307531
0.026364
0.0214385
0.0159433
0.0097308
0.00265846
-0.00571819
0.0437238
0.04351
0.0430794
0.0424291
0.0415574
0.0404533
0.0391072
0.037499
0.0356161
0.033435
0.0309464
0.0281246
0.0249643
0.0214339
0.0175307
0.0132127
0.00847837
0.00325655
-0.00251103
-0.00910438
0.0343799
0.0341717
0.0337536
0.0331222
0.0322767
0.0312107
0.0299202
0.0283934
0.0266244
0.0245984
0.0223105
0.0197434
0.016896
0.013749
0.0103099
0.00656072
0.00252198
-0.00183062
-0.00648745
-0.0115511
0.0260591
0.0258651
0.0254759
0.0248877
0.0240998
0.023108
0.0219115
0.0205037
0.0188831
0.0170407
0.0149763
0.0126794
0.010154
0.00739023
0.00440123
0.00118095
-0.00224055
-0.00585859
-0.00960603
-0.0134305
0.0187087
0.0185324
0.018179
0.0176443
0.0169273
0.0160253
0.0149392
0.013666
0.0122076
0.0105597
0.00872636
0.00670285
0.00449734
0.00210509
-0.00045844
-0.00319499
-0.00607018
-0.00906205
-0.0120661
-0.0149351
0.0122508
0.0120927
0.0117761
0.0112967
0.0106537
0.00984504
0.00887343
0.00773814
0.00644347
0.00498833
0.00337963
0.00161665
-0.000288866
-0.00233715
-0.00450999
-0.00680605
-0.00918964
-0.0116332
-0.0140196
-0.0161643
0.00660175
0.00645989
0.00617669
0.00574803
0.00517339
0.00445237
0.00358927
0.00258561
0.00144745
0.000175294
-0.00122318
-0.00274741
-0.00438405
-0.00612914
-0.00795904
-0.0098653
-0.0118086
-0.0137612
-0.0156113
-0.0171729
0.00168679
0.00155709
0.00129913
0.000909267
0.000388038
-0.000263009
-0.0010369
-0.00192882
-0.00292958
-0.00403614
-0.00524014
-0.00654227
-0.00793246
-0.0094093
-0.0109482
-0.0125319
-0.0141063
-0.0156294
-0.0169893
-0.0180226
-0.00254873
-0.00267254
-0.00291776
-0.00328766
-0.00378055
-0.00439318
-0.00511537
-0.00593815
-0.00684599
-0.00782909
-0.00887146
-0.00996997
-0.0111154
-0.0123176
-0.0135677
-0.0148645
-0.0161487
-0.0173481
-0.0182964
-0.0187952
-0.00613215
-0.00625734
-0.00650442
-0.006877
-0.00737268
-0.00798859
-0.00871258
-0.00953427
-0.0104313
-0.0113858
-0.0123638
-0.0133436
-0.0142898
-0.0152033
-0.0160799
-0.0169715
-0.017877
-0.0187767
-0.019431
-0.0194974
-0.00906238
-0.00919461
-0.00945642
-0.00985199
-0.0103795
-0.0110386
-0.0118193
-0.0127152
-0.0137055
-0.0147728
-0.0158724
-0.0169616
-0.0179545
-0.0187826
-0.0193495
-0.0196608
-0.0197608
-0.0198477
-0.0199085
-0.0195232
-0.0113152
-0.0114558
-0.0117397
-0.0121696
-0.0127469
-0.0134725
-0.0143455
-0.015365
-0.0165269
-0.0178239
-0.0192375
-0.0207314
-0.0222291
-0.0235942
-0.0245976
-0.024928
-0.024265
-0.0225115
-0.0200681
-0.017809
-0.0128511
-0.0129989
-0.0133042
-0.0137674
-0.014394
-0.015185
-0.016151
-0.0172952
-0.0186365
-0.0201812
-0.0219597
-0.023977
-0.0262614
-0.0287609
-0.0313678
-0.0336594
-0.0348402
-0.0333542
-0.0273493
-0.015535
-0.0136285
-0.0137831
-0.0141014
-0.0145854
-0.015241
-0.0160735
-0.0170952
-0.0183192
-0.0197699
-0.0214747
-0.023482
-0.0258498
-0.0286756
-0.032077
-0.0362161
-0.0411921
-0.0468109
-0.0516643
-0.0506841
-0.0279153
0.132387
0.132965
0.134255
0.136163
0.138833
0.142164
0.146399
0.151395
0.15753
0.164595
0.173177
0.182958
0.194877
0.208425
0.225184
0.244283
0.268579
0.29643
0.333284
0.375644
0.13235
0.132928
0.134218
0.136125
0.138793
0.142123
0.146356
0.151349
0.157481
0.16454
0.173115
0.182886
0.194789
0.208315
0.225036
0.244084
0.268289
0.296004
0.332625
0.374592
0.132276
0.132854
0.134143
0.136049
0.138715
0.142042
0.146271
0.151258
0.157383
0.164432
0.172992
0.182743
0.194613
0.208097
0.224743
0.24369
0.267711
0.295156
0.331313
0.372497
0.132166
0.132744
0.134031
0.135935
0.138598
0.14192
0.146143
0.151123
0.157236
0.16427
0.172808
0.182528
0.194351
0.207771
0.224306
0.243101
0.26685
0.293892
0.329354
0.369369
0.13202
0.132597
0.133883
0.135784
0.138442
0.141759
0.145974
0.150943
0.157041
0.164055
0.172564
0.182244
0.194003
0.207339
0.223727
0.242321
0.265709
0.292219
0.326757
0.365227
0.131837
0.132414
0.133698
0.135595
0.138249
0.141559
0.145764
0.15072
0.156799
0.163788
0.17226
0.181891
0.193573
0.206803
0.223009
0.241355
0.264295
0.290148
0.323534
0.36009
0.131619
0.132195
0.133476
0.13537
0.138017
0.141319
0.145513
0.150453
0.156511
0.163469
0.171899
0.18147
0.19306
0.206164
0.222157
0.240207
0.262614
0.287691
0.319698
0.353986
0.131365
0.131941
0.133219
0.135109
0.137749
0.141041
0.145221
0.150143
0.156177
0.1631
0.171481
0.180983
0.192469
0.205425
0.221175
0.238882
0.260677
0.284862
0.315266
0.346948
0.131076
0.131652
0.132927
0.134812
0.137444
0.140726
0.144891
0.149792
0.155798
0.162681
0.171008
0.180431
0.191801
0.20459
0.220067
0.237388
0.258493
0.281677
0.310257
0.339013
0.130752
0.131329
0.132601
0.13448
0.137104
0.140374
0.144522
0.149401
0.155375
0.162215
0.170481
0.179816
0.191059
0.203661
0.218841
0.23573
0.256075
0.278153
0.304692
0.330224
0.130394
0.130971
0.13224
0.134114
0.136728
0.139986
0.144116
0.14897
0.15491
0.161702
0.169903
0.179141
0.190246
0.202642
0.217501
0.233915
0.253436
0.274309
0.298596
0.320628
0.130003
0.130581
0.131846
0.133715
0.136319
0.139563
0.143673
0.148501
0.154405
0.161144
0.169275
0.178408
0.189366
0.201536
0.216055
0.231952
0.250591
0.270163
0.291997
0.310278
0.129578
0.130157
0.131419
0.133283
0.135876
0.139106
0.143195
0.147994
0.15386
0.160543
0.1686
0.177618
0.188422
0.200348
0.21451
0.229847
0.247558
0.265733
0.284924
0.299228
0.12912
0.129702
0.130961
0.132819
0.135401
0.138617
0.142684
0.147452
0.153276
0.159901
0.167879
0.176776
0.187418
0.199083
0.212873
0.22761
0.244355
0.261038
0.277416
0.287532
0.12863
0.129215
0.130472
0.132324
0.134895
0.138095
0.142138
0.146876
0.152656
0.159219
0.167113
0.175883
0.186355
0.197743
0.21115
0.225248
0.241001
0.256095
0.269514
0.275237
0.128109
0.128698
0.129953
0.1318
0.134358
0.137542
0.14156
0.146265
0.151999
0.158496
0.166302
0.174937
0.185232
0.196328
0.209341
0.222764
0.237508
0.250921
0.261273
0.262384
0.127558
0.128151
0.129405
0.131246
0.133793
0.13696
0.140952
0.145622
0.151308
0.157737
0.165452
0.173946
0.184056
0.194847
0.207455
0.22017
0.233898
0.245528
0.252753
0.249002
0.126976
0.127577
0.128831
0.13067
0.133207
0.136361
0.14033
0.144969
0.150612
0.156976
0.164605
0.172961
0.182892
0.193373
0.20558
0.217554
0.230263
0.239974
0.244001
0.234995
0.126365
0.126974
0.128233
0.130073
0.132604
0.135749
0.139703
0.14432
0.149927
0.156239
0.163793
0.172022
0.181786
0.191962
0.203775
0.214982
0.226669
0.234301
0.235039
0.219701
0.12572
0.126332
0.127584
0.129415
0.131922
0.135039
0.138945
0.14351
0.149033
0.155247
0.162649
0.170694
0.180178
0.189986
0.201267
0.211694
0.222293
0.228027
0.225945
0.203406
0.125731
0.126343
0.127595
0.129426
0.131934
0.135052
0.138959
0.143524
0.149048
0.155264
0.162668
0.170715
0.180202
0.190014
0.201299
0.211731
0.222336
0.228079
0.226007
0.203483
0.126375
0.126985
0.128243
0.130084
0.132616
0.135761
0.139715
0.144333
0.149942
0.156255
0.163811
0.172043
0.181809
0.191988
0.203805
0.215017
0.22671
0.234349
0.235098
0.219773
0.126986
0.127586
0.128841
0.130681
0.133218
0.136372
0.140342
0.144982
0.150626
0.156992
0.164622
0.17298
0.182914
0.193398
0.205609
0.217587
0.230301
0.24002
0.244056
0.235063
0.127567
0.12816
0.129414
0.131256
0.133803
0.136971
0.140964
0.145634
0.151321
0.157751
0.165468
0.173964
0.184076
0.19487
0.207482
0.220201
0.233934
0.245572
0.252805
0.249066
0.128118
0.128706
0.129961
0.131809
0.134368
0.137552
0.141571
0.146276
0.152011
0.158509
0.166318
0.174954
0.185251
0.19635
0.209366
0.222793
0.237543
0.250962
0.261322
0.262443
0.128638
0.129223
0.13048
0.132333
0.134904
0.138105
0.142148
0.146887
0.152668
0.159232
0.167128
0.175899
0.186373
0.197764
0.211174
0.225275
0.241033
0.256134
0.26956
0.275293
0.129128
0.129709
0.130969
0.132827
0.13541
0.138626
0.142693
0.147463
0.153287
0.159913
0.167892
0.176791
0.187435
0.199102
0.212895
0.227635
0.244385
0.261073
0.277458
0.287583
0.129585
0.130164
0.131427
0.13329
0.135884
0.139115
0.143204
0.148004
0.15387
0.160555
0.168612
0.177632
0.188438
0.200366
0.21453
0.229871
0.247586
0.265766
0.284964
0.299275
0.130009
0.130587
0.131852
0.133722
0.136326
0.139571
0.143681
0.148509
0.154414
0.161155
0.169287
0.178421
0.189381
0.201553
0.216074
0.231974
0.250617
0.270193
0.292033
0.310322
0.1304
0.130977
0.132246
0.134121
0.136735
0.139993
0.144123
0.148978
0.154919
0.161712
0.169914
0.179153
0.190259
0.202657
0.217518
0.233935
0.253459
0.274337
0.298629
0.320668
0.130758
0.131334
0.132606
0.134486
0.13711
0.14038
0.144529
0.149408
0.155383
0.162224
0.170491
0.179827
0.191071
0.203675
0.218856
0.235748
0.256096
0.278178
0.304722
0.330259
0.131081
0.131657
0.132932
0.134817
0.137449
0.140732
0.144897
0.149799
0.155805
0.162689
0.171016
0.180441
0.191811
0.204602
0.220081
0.237404
0.258512
0.281699
0.310283
0.339045
0.131369
0.131946
0.133224
0.135114
0.137754
0.141046
0.145227
0.150149
0.156183
0.163107
0.171488
0.180991
0.192478
0.205436
0.221187
0.238897
0.260694
0.284882
0.315289
0.346976
0.131623
0.132199
0.13348
0.135374
0.138021
0.141323
0.145517
0.150458
0.156516
0.163475
0.171905
0.181477
0.193068
0.206173
0.222168
0.240219
0.262629
0.287708
0.319718
0.354011
0.13184
0.132417
0.133701
0.135599
0.138252
0.141562
0.145768
0.150724
0.156804
0.163793
0.172266
0.181897
0.19358
0.206811
0.223019
0.241366
0.264307
0.290163
0.323551
0.360111
0.132022
0.132599
0.133885
0.135786
0.138445
0.141762
0.145978
0.150947
0.157045
0.164059
0.172568
0.182249
0.194009
0.207346
0.223734
0.24233
0.265719
0.292231
0.326771
0.365244
0.132168
0.132746
0.134033
0.135937
0.1386
0.141923
0.146146
0.151126
0.157239
0.164273
0.172811
0.182532
0.194355
0.207776
0.224312
0.243108
0.266858
0.293901
0.329365
0.369383
0.132278
0.132855
0.134144
0.13605
0.138716
0.142043
0.146273
0.15126
0.157385
0.164434
0.172995
0.182746
0.194616
0.208101
0.224747
0.243695
0.267717
0.295163
0.331321
0.372506
0.132351
0.132929
0.134219
0.136126
0.138794
0.142124
0.146357
0.15135
0.157482
0.164542
0.173117
0.182888
0.19479
0.208318
0.225039
0.244087
0.268292
0.296008
0.33263
0.374597
0.132387
0.132965
0.134256
0.136164
0.138833
0.142164
0.146399
0.151395
0.157531
0.164595
0.173178
0.182959
0.194878
0.208426
0.225184
0.244284
0.26858
0.296432
0.333285
0.375646
-0.0136074
-0.0137621
-0.0140803
-0.0145644
-0.0152201
-0.0160526
-0.0170744
-0.0182985
-0.0197494
-0.0214543
-0.0234618
-0.0258298
-0.0286559
-0.032058
-0.0361983
-0.041177
-0.0468008
-0.0516623
-0.05069
-0.027909
-0.01283
-0.0129778
-0.0132831
-0.0137463
-0.0143729
-0.015164
-0.0161301
-0.0172745
-0.0186159
-0.0201609
-0.0219396
-0.0239572
-0.0262422
-0.0287422
-0.0313498
-0.0336415
-0.0348209
-0.0333327
-0.0273326
-0.0155531
-0.0112939
-0.0114345
-0.0117184
-0.0121483
-0.0127257
-0.0134514
-0.0143246
-0.0153442
-0.0165062
-0.0178035
-0.0192174
-0.0207116
-0.0222096
-0.0235751
-0.0245788
-0.0249097
-0.0242482
-0.0224979
-0.020057
-0.0177865
-0.00904074
-0.00917303
-0.00943489
-0.00983052
-0.0103581
-0.0110173
-0.0117981
-0.0126943
-0.0136847
-0.0147522
-0.0158521
-0.0169415
-0.0179347
-0.0187631
-0.0193304
-0.0196424
-0.0197432
-0.0198304
-0.0198904
-0.0195048
-0.00611017
-0.0062354
-0.00648253
-0.00685518
-0.00735096
-0.00796697
-0.0086911
-0.00951293
-0.0104101
-0.0113648
-0.012343
-0.0133231
-0.0142695
-0.0151833
-0.0160603
-0.0169522
-0.0178578
-0.0187577
-0.0194131
-0.0194835
-0.0025263
-0.00265013
-0.0028954
-0.00326537
-0.00375834
-0.00437107
-0.00509337
-0.00591628
-0.00682427
-0.00780755
-0.0088501
-0.00994884
-0.0110945
-0.012297
-0.0135475
-0.0148448
-0.0161296
-0.0173302
-0.0182798
-0.0187789
0.00170979
0.00158007
0.00132207
0.000932158
0.00041086
-0.000240271
-0.00101426
-0.0019063
-0.0029072
-0.00401393
-0.00521813
-0.00652051
-0.00791101
-0.00938823
-0.0109276
-0.0125119
-0.0140871
-0.0156109
-0.0169717
-0.0180064
0.00662542
0.00648355
0.00620032
0.00577162
0.00519693
0.00447585
0.00361266
0.00260889
0.00147058
0.000198252
-0.00120044
-0.00272496
-0.00436194
-0.00610745
-0.00793786
-0.00984472
-0.0117887
-0.013742
-0.0155928
-0.0171549
0.0122752
0.012117
0.0118004
0.0113211
0.010678
0.00986932
0.00889764
0.00776225
0.00646747
0.00501218
0.00340327
0.00164003
-0.000265817
-0.0023145
-0.00448779
-0.00678434
-0.00916845
-0.0116125
-0.0139994
-0.0161448
0.0187339
0.0185576
0.0182041
0.0176694
0.0169525
0.0160504
0.0149643
0.013691
0.0122326
0.0105846
0.00875116
0.00672748
0.00452175
0.00212925
-0.000434605
-0.00317154
-0.0060472
-0.00903964
-0.0120444
-0.0149139
0.0260849
0.0258909
0.0255018
0.0249136
0.0241257
0.0231341
0.0219376
0.0205299
0.0189093
0.017067
0.0150026
0.0127057
0.0101802
0.00741635
0.0044272
0.00120666
-0.00221526
-0.00583389
-0.00958214
-0.0134076
0.0344063
0.0341982
0.0337801
0.0331488
0.0323034
0.0312376
0.0299472
0.0284206
0.0266519
0.0246261
0.0223385
0.0197716
0.0169243
0.0137775
0.0103383
0.00658906
0.00255002
-0.00180311
-0.00646073
-0.0115254
0.0437506
0.0435368
0.0431064
0.0424562
0.0415847
0.040481
0.0391352
0.0375273
0.0356449
0.0334642
0.0309761
0.0281548
0.024995
0.0214649
0.017562
0.0132441
0.00850975
0.00328769
-0.00248036
-0.00907434
0.0541164
0.0539132
0.0535026
0.0528809
0.0520445
0.0509749
0.0496529
0.0480448
0.0461258
0.0438567
0.0412184
0.0381721
0.0347093
0.0307869
0.0263985
0.0214736
0.0159788
0.0097667
0.00269448
-0.00568203
0.0654092
0.065244
0.0649063
0.0643919
0.0636932
0.0627824
0.0616276
0.060176
0.0583826
0.0561812
0.0535276
0.0503523
0.0466285
0.0422936
0.0373465
0.0317086
0.0253462
0.0180389
0.00953505
-0.000843439
0.0773968
0.0773093
0.0771202
0.0768256
0.0764118
0.0758452
0.0750785
0.0740439
0.0726681
0.070854
0.0685093
0.0655101
0.0617615
0.0571362
0.0515862
0.0450195
0.0374481
0.0286866
0.0184752
0.005911
0.0896713
0.0897109
0.0897606
0.0898216
0.0898712
0.0898814
0.0897889
0.0895298
0.0889987
0.088091
0.0866466
0.0845005
0.0814221
0.077175
0.0714874
0.0641192
0.0549248
0.0438155
0.0307365
0.0148618
0.101647
0.101857
0.102229
0.102775
0.103463
0.104285
0.105165
0.106077
0.106888
0.107537
0.107795
0.107535
0.106366
0.104027
0.0998647
0.0933832
0.0836043
0.0698889
0.051544
0.0288809
0.112619
0.113008
0.113746
0.114852
0.116289
0.118079
0.120155
0.122546
0.125125
0.127918
0.130676
0.133396
0.135592
0.137173
0.137164
0.135211
0.129261
0.118027
0.0964273
0.0587621
0.121893
0.122423
0.123507
0.125137
0.127314
0.130049
0.133366
0.137285
0.141823
0.146983
0.152751
0.159068
0.165823
0.17278
0.179526
0.185259
0.188477
0.186155
0.171728
0.130272
0.00706539
0.0193177
0.0230681
0.020461
0.0166432
0.0138818
0.0120835
0.0106002
0.00909376
0.00754343
0.00602363
0.00457844
0.00321021
0.00190621
0.000656363
-0.00054377
-0.00169609
-0.00280245
-0.0038652
-0.00488692
-0.00493181
-0.00123848
5.66736e-05
-0.000580086
-0.00165668
-0.00247544
-0.00304543
-0.003555
-0.00410425
-0.00469719
-0.00530813
-0.00592054
-0.006531
-0.007141
-0.00775145
-0.00836164
-0.00897021
-0.00957598
-0.010178
-0.0107757
-0.0164977
-0.0160146
-0.0155024
-0.0150929
-0.0147942
-0.0145775
-0.0144218
-0.0143185
-0.0142648
-0.0142584
-0.0142963
-0.0143748
-0.0144904
-0.0146396
-0.0148194
-0.015027
-0.0152598
-0.0155151
-0.0157908
-0.0160846
-0.0190962
-0.0188998
-0.0186512
-0.0184354
-0.0182777
-0.0181681
-0.0180928
-0.0180456
-0.0180261
-0.0180352
-0.0180725
-0.0181368
-0.0182267
-0.0183406
-0.0184773
-0.0186355
-0.0188138
-0.0190111
-0.0192259
-0.019457
-0.0192266
-0.0191303
-0.0191426
-0.0192474
-0.0193778
-0.0195012
-0.0196183
-0.0197391
-0.0198701
-0.0200123
-0.0201651
-0.0203282
-0.0205017
-0.020686
-0.0208811
-0.0210872
-0.0213041
-0.0215316
-0.0217694
-0.0220173
-0.0188495
-0.0188857
-0.0190602
-0.0193288
-0.0196103
-0.0198731
-0.0201224
-0.0203703
-0.0206226
-0.0208796
-0.0211405
-0.0214049
-0.0216732
-0.021946
-0.0222238
-0.0225069
-0.0227954
-0.0230895
-0.0233892
-0.0236946
-0.0184747
-0.0186566
-0.0189588
-0.0193345
-0.0197164
-0.0200812
-0.0204349
-0.0207874
-0.0211426
-0.0215004
-0.0218595
-0.0222198
-0.0225814
-0.0229449
-0.0233105
-0.0236785
-0.024049
-0.0244222
-0.0247982
-0.0251771
-0.0179672
-0.0182737
-0.0186894
-0.0191648
-0.0196415
-0.0201021
-0.0205537
-0.0210048
-0.0214582
-0.0219132
-0.0223686
-0.0228242
-0.0232801
-0.0237367
-0.0241941
-0.0246525
-0.025112
-0.0255726
-0.0260345
-0.0264977
-0.0173341
-0.0177771
-0.0183152
-0.0188981
-0.0194774
-0.0200423
-0.0206006
-0.0211594
-0.0217202
-0.0222819
-0.0228434
-0.0234045
-0.0239655
-0.0245264
-0.0250875
-0.0256487
-0.0262102
-0.0267718
-0.0273339
-0.0278962
-0.0165912
-0.017207
-0.0178832
-0.0185786
-0.0192663
-0.0199454
-0.0206229
-0.0213022
-0.021983
-0.0226639
-0.0233443
-0.0240243
-0.024704
-0.0253835
-0.0260627
-0.0267417
-0.0274204
-0.0280989
-0.0287772
-0.0294554
-0.0157565
-0.0166038
-0.017442
-0.0182567
-0.0190617
-0.019871
-0.0206871
-0.0215066
-0.0223262
-0.023145
-0.0239634
-0.0247819
-0.0256006
-0.0264192
-0.0272375
-0.0280555
-0.0288732
-0.0296906
-0.0305076
-0.0313243
-0.014758
-0.0159011
-0.0169337
-0.0178863
-0.0188315
-0.0198
-0.0207859
-0.0217755
-0.0227626
-0.0237476
-0.0247325
-0.0257183
-0.0267048
-0.0276914
-0.0286779
-0.0296641
-0.0306501
-0.0316359
-0.0326214
-0.0336068
-0.0133993
-0.0149036
-0.0161857
-0.0173271
-0.0184648
-0.0196466
-0.0208551
-0.0220658
-0.02327
-0.0244703
-0.0256705
-0.0268718
-0.028074
-0.029276
-0.0304778
-0.031679
-0.03288
-0.0340806
-0.0352811
-0.0364813
-0.0112948
-0.0132432
-0.0148804
-0.0163123
-0.0177344
-0.0192142
-0.0207263
-0.0222369
-0.0237351
-0.0252252
-0.026713
-0.0282002
-0.0296864
-0.0311708
-0.0326532
-0.0341339
-0.0356131
-0.0370913
-0.0385688
-0.040046
-0.00791851
-0.0104201
-0.0125946
-0.0145064
-0.0163818
-0.01831
-0.0202674
-0.0222162
-0.0241444
-0.0260574
-0.0279617
-0.0298599
-0.0317517
-0.033637
-0.0355159
-0.0373888
-0.0392562
-0.0411188
-0.0429769
-0.0448309
-0.00266894
-0.00577902
-0.00867492
-0.0113299
-0.0139125
-0.0165048
-0.0190993
-0.021671
-0.0242094
-0.0267157
-0.0291948
-0.0316508
-0.0340869
-0.0365053
-0.0389078
-0.0412965
-0.0436739
-0.0460422
-0.0484042
-0.0507623
0.0042043
0.000355592
-0.00346913
-0.00717961
-0.0107779
-0.0143355
-0.0179041
-0.0214743
-0.0250079
-0.0284811
-0.0318951
-0.0352601
-0.0385822
-0.0418607
-0.0450925
-0.0482766
-0.0514132
-0.0545038
-0.0575496
-0.0605517
0.0129875
0.006813
0.00121247
-0.00344178
-0.00759598
-0.0118556
-0.0164078
-0.0210697
-0.0256385
-0.0300704
-0.034424
-0.0387549
-0.0430771
-0.0473822
-0.0516637
-0.0559238
-0.0601703
-0.0644114
-0.0686544
-0.0729065
0.0275993
0.0136714
0.0014187
-0.00598233
-0.0114809
-0.0178877
-0.0253633
-0.0328812
-0.0398535
-0.0463375
-0.0525591
-0.0586134
-0.0644741
-0.0700936
-0.0754516
-0.0805493
-0.0853911
-0.0899763
-0.0942993
-0.0983516
0.0847886
0.0569429
0.0364124
0.0265924
0.017803
0.00595551
-0.00733052
-0.0201646
-0.0322548
-0.0440106
-0.0556707
-0.0672074
-0.0785292
-0.089596
-0.100417
-0.111016
-0.121421
-0.131659
-0.141767
-0.15179
-0.00587004
-0.00681678
-0.00772918
-0.00860913
-0.00945845
-0.0102788
-0.0110718
-0.0118389
-0.0125816
-0.013301
-0.0139985
-0.0146752
-0.0153322
-0.0159704
-0.0165908
-0.0171943
-0.0177818
-0.0183539
-0.0189116
-0.0194564
-0.0113684
-0.0119556
-0.0125369
-0.0131117
-0.0136798
-0.0142408
-0.0147945
-0.0153407
-0.0158792
-0.0164099
-0.0169328
-0.0174476
-0.0179545
-0.0184533
-0.0189441
-0.0194268
-0.0199016
-0.0203686
-0.020828
-0.0212814
-0.0163945
-0.0167186
-0.0170553
-0.0174027
-0.0177596
-0.0181245
-0.0184962
-0.0188734
-0.0192553
-0.0196406
-0.0200287
-0.0204187
-0.0208098
-0.0212015
-0.021593
-0.0219839
-0.0223737
-0.022762
-0.0231493
-0.0235368
-0.0197033
-0.0199633
-0.0202361
-0.0205205
-0.0208153
-0.0211195
-0.0214321
-0.0217522
-0.0220788
-0.0224111
-0.0227483
-0.0230897
-0.0234344
-0.0237819
-0.0241314
-0.0244825
-0.0248347
-0.0251875
-0.0255418
-0.0258987
-0.0222748
-0.0225415
-0.022817
-0.0231007
-0.0233922
-0.0236909
-0.0239962
-0.0243077
-0.0246248
-0.0249468
-0.0252733
-0.0256038
-0.0259377
-0.0262745
-0.0266138
-0.026955
-0.0272979
-0.0276419
-0.0279887
-0.0283387
-0.0240055
-0.0243221
-0.024644
-0.0249713
-0.0253035
-0.0256406
-0.0259823
-0.0263283
-0.0266782
-0.0270318
-0.0273888
-0.0277488
-0.0281114
-0.0284764
-0.0288434
-0.029212
-0.0295823
-0.0299534
-0.0303281
-0.0307057
-0.0255589
-0.0259437
-0.0263314
-0.026722
-0.0271155
-0.0275118
-0.0279107
-0.0283121
-0.0287159
-0.0291219
-0.0295299
-0.0299396
-0.0303509
-0.0307636
-0.0311774
-0.0315921
-0.0320077
-0.0324235
-0.0328433
-0.0332648
-0.0269624
-0.0274286
-0.0278962
-0.0283654
-0.0288361
-0.0293083
-0.029782
-0.0302571
-0.0307336
-0.0312113
-0.0316902
-0.0321701
-0.032651
-0.0331327
-0.0336151
-0.0340978
-0.0345815
-0.0350648
-0.0355531
-0.0360421
-0.0284591
-0.0290224
-0.0295863
-0.0301508
-0.0307159
-0.0312816
-0.0318479
-0.0324148
-0.0329823
-0.0335504
-0.034119
-0.0346881
-0.0352575
-0.0358273
-0.0363974
-0.0369675
-0.0375383
-0.0381083
-0.0386846
-0.0392604
-0.0301334
-0.0308114
-0.0314895
-0.0321676
-0.0328458
-0.0335242
-0.0342028
-0.0348817
-0.0355608
-0.0362402
-0.0369199
-0.0375999
-0.0382802
-0.0389608
-0.0396417
-0.0403226
-0.0410047
-0.0416857
-0.0423753
-0.0430635
-0.0321408
-0.032957
-0.0337731
-0.0345891
-0.0354051
-0.0362211
-0.0370372
-0.0378535
-0.0386701
-0.039487
-0.0403043
-0.041122
-0.0419403
-0.0427591
-0.0435786
-0.0443984
-0.0452203
-0.0460411
-0.0468738
-0.047705
-0.034592
-0.0355772
-0.0365624
-0.0375478
-0.0385334
-0.0395195
-0.0405061
-0.0414935
-0.0424817
-0.0434709
-0.0444613
-0.045453
-0.0464462
-0.0474409
-0.0484376
-0.0494355
-0.0504373
-0.0514389
-0.0524573
-0.0534755
-0.0376814
-0.0388816
-0.040082
-0.0412827
-0.042484
-0.0436861
-0.0448891
-0.0460935
-0.0472993
-0.048507
-0.0497168
-0.050929
-0.052144
-0.053362
-0.0545838
-0.0558088
-0.0570407
-0.0582749
-0.0595341
-0.0607997
-0.0415231
-0.0430008
-0.0444794
-0.0459595
-0.0474416
-0.0489264
-0.0504142
-0.0519059
-0.0534019
-0.0549028
-0.0564093
-0.0579219
-0.0594412
-0.0609674
-0.0625016
-0.0640427
-0.065595
-0.0671518
-0.0687408
-0.0703396
-0.0466813
-0.0485287
-0.0503736
-0.0522165
-0.054058
-0.0558989
-0.0577398
-0.0595815
-0.0614246
-0.0632701
-0.0651188
-0.0669717
-0.0688302
-0.0706953
-0.0725699
-0.0744551
-0.0763604
-0.0782846
-0.0802735
-0.0823262
-0.0531187
-0.0554761
-0.0578366
-0.0602029
-0.0625772
-0.0649621
-0.06736
-0.0697733
-0.0722045
-0.0746561
-0.0771304
-0.0796291
-0.0821535
-0.0847033
-0.0872774
-0.0898685
-0.092473
-0.0950672
-0.0976666
-0.100223
-0.0635111
-0.0664287
-0.0693053
-0.0721418
-0.0749386
-0.077696
-0.0804139
-0.0830919
-0.0857295
-0.088326
-0.0908816
-0.0933974
-0.0958775
-0.098331
-0.100775
-0.10324
-0.105778
-0.108462
-0.11145
-0.114969
-0.0771752
-0.0814696
-0.0857993
-0.0901751
-0.0946083
-0.0991108
-0.103695
-0.108375
-0.113161
-0.118065
-0.123093
-0.128245
-0.133504
-0.138836
-0.144165
-0.149388
-0.154317
-0.158774
-0.162444
-0.165131
-0.102123
-0.105602
-0.108774
-0.111623
-0.114127
-0.116263
-0.118006
-0.119329
-0.120209
-0.120628
-0.120583
-0.120103
-0.119253
-0.118202
-0.117168
-0.11661
-0.116911
-0.118975
-0.1231
-0.131417
-0.161786
-0.171825
-0.181986
-0.192361
-0.203052
-0.214174
-0.22585
-0.238213
-0.25139
-0.265496
-0.280587
-0.296637
-0.31341
-0.330456
-0.346804
-0.361335
-0.372064
-0.378254
-0.377654
-0.375023
-0.0240026
-0.0299965
-0.0342054
-0.0369522
-0.038443
-0.0388144
-0.0381499
-0.0365625
-0.0342226
-0.0313227
-0.0280348
-0.0246112
-0.021229
-0.0179755
-0.0148944
-0.0120199
-0.00922604
-0.00651151
-0.00388548
-0.00129881
-0.0251203
-0.0307091
-0.0348042
-0.0375218
-0.0389798
-0.0392977
-0.0385598
-0.0368817
-0.034439
-0.0314431
-0.0280905
-0.0246317
-0.0212222
-0.0179456
-0.014858
-0.0119844
-0.0091913
-0.00648681
-0.00386538
-0.00128657
-0.026903
-0.0320464
-0.0359693
-0.0386295
-0.0400268
-0.0402312
-0.0393306
-0.0374782
-0.0348633
-0.031695
-0.0281971
-0.0246427
-0.0211788
-0.0178774
-0.0147915
-0.0119164
-0.00911711
-0.00642769
-0.00381908
-0.00126157
-0.0290744
-0.0339255
-0.0376925
-0.0402689
-0.0415742
-0.0416145
-0.0404608
-0.0383316
-0.0354691
-0.0320755
-0.0283727
-0.0246512
-0.0210822
-0.0177493
-0.0146875
-0.0118214
-0.00901176
-0.00633434
-0.00373865
-0.00122045
-0.0315168
-0.0362983
-0.0399861
-0.0424643
-0.0436287
-0.0434574
-0.0419901
-0.0394781
-0.0362358
-0.0325285
-0.0285912
-0.0246776
-0.0209556
-0.0175537
-0.0145155
-0.0116745
-0.00887194
-0.00621304
-0.00362347
-0.0011597
-0.0341951
-0.0391689
-0.0428799
-0.0452639
-0.0462298
-0.045767
-0.0439267
-0.040964
-0.0372022
-0.0330149
-0.0287565
-0.0246576
-0.0208099
-0.0173321
-0.0142848
-0.0114458
-0.00866294
-0.00604391
-0.00347285
-0.00108668
-0.037211
-0.0426072
-0.0464507
-0.0487464
-0.0494549
-0.0485853
-0.0462489
-0.0427632
-0.0384061
-0.0335897
-0.0288366
-0.0244764
-0.0205567
-0.0170884
-0.0140477
-0.011166
-0.0083737
-0.00578854
-0.0032615
-0.00100613
-0.0406716
-0.0467247
-0.0508207
-0.0530286
-0.0533973
-0.0519826
-0.0489643
-0.0447923
-0.0397643
-0.0342762
-0.0289111
-0.0241361
-0.0200941
-0.0167106
-0.0137656
-0.0108642
-0.00804364
-0.00545636
-0.00297296
-0.000903263
-0.0447531
-0.0516767
-0.0561439
-0.0582721
-0.0581937
-0.0560613
-0.0521424
-0.0470197
-0.0411157
-0.0349204
-0.028983
-0.0237584
-0.0194934
-0.0161333
-0.0133044
-0.010453
-0.00765788
-0.00507821
-0.00264858
-0.000786142
-0.0496636
-0.0576719
-0.0625964
-0.0646391
-0.0640075
-0.0609604
-0.0558966
-0.0495045
-0.0423682
-0.0352704
-0.0288255
-0.0233324
-0.0189136
-0.0154833
-0.0126414
-0.00981423
-0.00710407
-0.00459923
-0.00231146
-0.000697542
-0.055696
-0.0650034
-0.0704023
-0.072276
-0.0709774
-0.0668304
-0.0603491
-0.0523404
-0.0435609
-0.0352059
-0.0281531
-0.0225993
-0.0183028
-0.0148813
-0.0119126
-0.00898531
-0.00633155
-0.00394879
-0.00191439
-0.000632985
-0.0632553
-0.0740946
-0.0798823
-0.0813446
-0.0791769
-0.073757
-0.0655658
-0.0555454
-0.0447496
-0.0348117
-0.026928
-0.0213234
-0.0173632
-0.0141594
-0.0111304
-0.00807045
-0.00542252
-0.00318501
-0.0014655
-0.000537872
-0.0729137
-0.0855471
-0.0915227
-0.0921496
-0.0887058
-0.0816997
-0.0714231
-0.0589393
-0.0458362
-0.0342099
-0.0254014
-0.019611
-0.0159046
-0.0129806
-0.0100307
-0.00697502
-0.00440336
-0.00239564
-0.00106617
-0.000436019
-0.0854313
-0.100152
-0.106021
-0.105312
-0.0999744
-0.0906244
-0.0774825
-0.0619743
-0.0464292
-0.0333392
-0.0238461
-0.0178251
-0.0140887
-0.0112256
-0.00836465
-0.00546713
-0.00314531
-0.00152259
-0.00070958
-0.000392534
-0.101694
-0.11879
-0.124297
-0.121949
-0.114035
-0.100852
-0.0831493
-0.0637096
-0.0457708
-0.0317929
-0.0222165
-0.0161669
-0.0121917
-0.009074
-0.00617841
-0.00351314
-0.00159362
-0.000496898
-0.000257793
-0.000317883
-0.122781
-0.142113
-0.147451
-0.143888
-0.132743
-0.113267
-0.0881912
-0.0633539
-0.0430339
-0.0288883
-0.0199568
-0.0142785
-0.0101233
-0.00664957
-0.00365377
-0.00129992
9.67772e-05
0.000578903
0.000295814
-0.00013125
-0.14847
-0.169869
-0.176416
-0.173601
-0.158325
-0.128815
-0.0930169
-0.0611705
-0.038209
-0.0242123
-0.0162496
-0.0112352
-0.00717438
-0.00358212
-0.000671671
0.00117412
0.0018778
0.00168166
0.000929368
0.000283162
-0.179223
-0.199875
-0.211534
-0.213082
-0.191762
-0.147416
-0.0984385
-0.0589174
-0.0330328
-0.0187872
-0.0112788
-0.00669771
-0.00293383
0.000410802
0.00286297
0.00394748
0.00379235
0.00288691
0.00163693
0.000494495
-0.200327
-0.226868
-0.25167
-0.259572
-0.227118
-0.164707
-0.103268
-0.0572678
-0.0287134
-0.0133941
-0.0054523
-0.000782528
0.00259341
0.00532601
0.00691865
0.00704601
0.00600274
0.00443682
0.0026697
0.000869822
-0.238915
-0.248154
-0.300469
-0.306571
-0.248439
-0.172864
-0.105326
-0.0556861
-0.0256501
-0.00778665
0.00112836
0.00630566
0.00899424
0.0107187
0.0110164
0.0101695
0.00832833
0.00629221
0.00393146
0.0016934
-0.276484
-0.269041
-0.336572
-0.330981
-0.244999
-0.169632
-0.104096
-0.0539679
-0.0249513
-0.00421981
0.00478064
0.0106559
0.0124947
0.0135939
0.0128713
0.01169
0.00942632
0.00737902
0.00446772
0.00213996
-0.280522
-0.27175
-0.341527
-0.332058
-0.241964
-0.167355
-0.102327
-0.0526232
-0.024044
-0.00321524
0.00557195
0.0113988
0.0130412
0.0140106
0.0131426
0.0119048
0.00958571
0.00752528
0.00454055
0.00220747
-0.281778
-0.273555
-0.344672
-0.330403
-0.237845
-0.164341
-0.0997621
-0.050758
-0.0226903
-0.00204611
0.00641156
0.0120891
0.0135252
0.014362
0.0133781
0.0120856
0.00972386
0.00764213
0.00460213
0.00226722
-0.282435
-0.275072
-0.347054
-0.328837
-0.234619
-0.162015
-0.0977065
-0.0492164
-0.0215169
-0.00099985
0.00718157
0.0127304
0.0139806
0.014696
0.0136057
0.0122611
0.00985839
0.00775503
0.00466331
0.00232528
-0.283083
-0.276499
-0.349085
-0.327448
-0.23183
-0.160002
-0.0959115
-0.0478531
-0.0204635
-3.24365e-05
0.00790511
0.0133428
0.0144189
0.0150199
0.0138269
0.0124319
0.0099885
0.0078647
0.00472313
0.00238165
-0.283658
-0.277785
-0.350723
-0.325887
-0.229119
-0.158032
-0.0941546
-0.046532
-0.0194389
0.000898036
0.00859953
0.013928
0.0148373
0.0153287
0.0140381
0.0125943
0.0101116
0.00796812
0.00477994
0.00243544
-0.284128
-0.278898
-0.351933
-0.324113
-0.226485
-0.156113
-0.0924354
-0.0452538
-0.0184393
0.00178909
0.00926253
0.014482
0.0152329
0.0156197
0.0142378
0.0127468
0.010227
0.00806431
0.00483328
0.00248627
-0.284501
-0.279829
-0.352729
-0.322185
-0.223975
-0.154285
-0.0907931
-0.0440442
-0.0174822
0.00263005
0.00988887
0.015002
0.0156046
0.0158924
0.0144256
0.0128892
0.0103344
0.00815312
0.00488301
0.00253395
-0.284774
-0.280574
-0.353129
-0.320136
-0.221596
-0.152559
-0.0892442
-0.0429154
-0.0165778
0.00341484
0.0104756
0.0154865
0.0159518
0.0161465
0.0146012
0.0130212
0.0104334
0.00823441
0.00492892
0.00257823
-0.284939
-0.281129
-0.353149
-0.317982
-0.219342
-0.150939
-0.0877966
-0.0418736
-0.015732
0.00413991
0.0110208
0.0159347
0.0162743
0.0163817
0.0147643
0.0131423
0.010524
0.00830796
0.00497074
0.0026189
-0.284992
-0.281496
-0.352815
-0.31574
-0.217215
-0.149433
-0.0864592
-0.0409251
-0.0149505
0.00480225
0.011523
0.0163459
0.0165717
0.0165976
0.0149145
0.0132524
0.0106056
0.0083736
0.0050082
0.00265572
-0.284938
-0.281686
-0.352163
-0.313439
-0.215218
-0.14805
-0.0852427
-0.0400764
-0.0142393
0.0053994
0.011981
0.0167198
0.016844
0.0167944
0.0150515
0.0133513
0.0106783
0.0084312
0.00504106
0.0026885
-0.284789
-0.281717
-0.351242
-0.311116
-0.213363
-0.146803
-0.0841572
-0.0393334
-0.0136041
0.00592962
0.012394
0.0170565
0.0170913
0.016972
0.0151753
0.0134389
0.0107417
0.0084807
0.0050691
0.00271708
-0.284565
-0.281616
-0.350117
-0.308823
-0.211663
-0.145701
-0.0832123
-0.0387006
-0.0130496
0.00639201
0.0127613
0.0173564
0.0173137
0.0171307
0.0152857
0.0135151
0.0107958
0.0085221
0.00509214
0.00274134
-0.284293
-0.281416
-0.348867
-0.306619
-0.210136
-0.144756
-0.0824169
-0.0381815
-0.01258
0.00678635
0.0130827
0.0176201
0.0175115
0.0172708
0.0153826
0.01358
0.0108406
0.00855541
0.00511002
0.00276118
-0.284004
-0.281157
-0.347578
-0.304572
-0.2088
-0.143977
-0.0817786
-0.0377782
-0.0121989
0.00711304
0.0133583
0.0178483
0.0176848
0.0173925
0.0154659
0.0136336
0.0108759
0.00858071
0.00512262
0.00277655
-0.28373
-0.280878
-0.346344
-0.302754
-0.207678
-0.143371
-0.0813038
-0.0374915
-0.0119085
0.00737286
0.0135881
0.0180418
0.0178339
0.017496
0.0155355
0.013676
0.0109017
0.0085981
0.00512989
0.00278744
-0.283502
-0.280621
-0.345253
-0.301234
-0.206788
-0.142946
-0.0809974
-0.0373211
-0.0117105
0.00756684
0.0137722
0.0182009
0.0179587
0.0175816
0.0155912
0.0137073
0.0109182
0.00860769
0.00513181
0.00279388
-0.283348
-0.280417
-0.344385
-0.300076
-0.206149
-0.142703
-0.0808626
-0.0372656
-0.0116056
0.00769604
0.0139105
0.0183262
0.018059
0.0176491
0.015633
0.0137275
0.0109252
0.00860962
0.0051284
0.0027959
-0.283287
-0.280294
-0.343799
-0.299325
-0.205774
-0.142646
-0.0809003
-0.0373229
-0.0115935
0.0077614
0.014003
0.0184174
0.0181346
0.0176984
0.0156606
0.0137367
0.010923
0.00860403
0.00511976
0.00279358
)
;

boundaryField
{
    inlet
    {
        type            zeroGradient;
    }
    outlet
    {
        type            fixedValue;
        value           uniform 0;
    }
    cylinder
    {
        type            zeroGradient;
    }
    top
    {
        type            symmetryPlane;
    }
    bottom
    {
        type            symmetryPlane;
    }
    defaultFaces
    {
        type            empty;
    }
}


// ************************************************************************* //
