1.22 	3.45254e-18 	-6.98323e-18 	0.135118 	0.0466583 	-1.59984e-21
1.66 	3.45254e-18 	-6.96118e-18 	0.383333 	-0.457064 	-1.40793e-22
2.1 	3.45254e-18 	-6.93894e-18 	0.225411 	-0.739271 	-2.30892e-21
2.54 	3.45254e-18 	-8.30431e-18 	0.393267 	-0.442961 	1.69896e-22
2.98 	3.45254e-18 	-8.28171e-18 	0.778247 	0.205072 	1.86132e-21
3.42 	3.45254e-18 	-6.87115e-18 	0.901111 	0.49296 	1.70312e-21
3.86 	3.45254e-18 	-6.84819e-18 	0.816276 	0.675176 	2.92316e-22
4.3 	3.45254e-18 	-6.82504e-18 	0.819459 	0.559207 	8.17993e-22
4.74 	3.45254e-18 	-5.41391e-18 	0.913257 	0.159104 	-8.3304e-22
5.18 	3.45254e-18 	-2.61482e-18 	1.03649 	-0.129808 	-6.43985e-22
5.62 	3.45254e-18 	-1.2033e-18 	1.03954 	-0.409949 	3.1485e-22
6.06 	3.45254e-18 	-1.17937e-18 	0.979493 	-0.537455 	7.17269e-22
6.5 	3.45254e-18 	-1.15524e-18 	0.952846 	-0.495732 	-3.67347e-22
