1.275 	2.15223e-18 	-2.76991e-20 	-0.00368381 	0.339097 	-4.18994e-22
1.825 	2.15223e-18 	-1.39322e-20 	-0.448455 	0.515813 	4.77993e-21
2.375 	2.15223e-18 	1.38775e-18 	0.488754 	0.0799335 	-1.7425e-21
2.925 	2.15223e-18 	2.78958e-18 	0.836764 	-0.37685 	1.87482e-22
3.475 	2.15223e-18 	4.53849e-18 	0.837229 	-0.634781 	-5.23272e-22
4.025 	2.15223e-18 	6.28755e-18 	0.715073 	-0.520658 	1.00208e-22
4.575 	2.15223e-18 	6.30203e-18 	0.88676 	-0.159988 	1.30357e-21
5.125 	2.15223e-18 	6.31666e-18 	1.01427 	0.243652 	-1.81522e-21
5.675 	2.15223e-18 	6.33144e-18 	0.973648 	0.555478 	-3.21457e-22
6.225 	2.15223e-18 	4.61166e-18 	0.907662 	0.485541 	-3.97546e-22
