1.22 	3.45254e-18 	-6.98323e-18 	-0.0763261 	-0.44164 	-1.39714e-21
1.66 	3.45254e-18 	-6.96118e-18 	0.310775 	0.0293574 	-7.17421e-23
2.1 	3.45254e-18 	-6.93894e-18 	0.704035 	0.513433 	-3.34362e-21
2.54 	3.45254e-18 	-8.30431e-18 	0.528217 	0.711981 	3.35853e-23
2.98 	3.45254e-18 	-8.28171e-18 	0.518808 	0.560091 	8.58922e-22
3.42 	3.45254e-18 	-6.87115e-18 	0.787266 	0.00570323 	1.47995e-21
3.86 	3.45254e-18 	-6.84819e-18 	0.970897 	-0.351443 	3.98916e-22
4.3 	3.45254e-18 	-6.82504e-18 	0.949663 	-0.592754 	1.5045e-21
4.74 	3.45254e-18 	-5.41391e-18 	0.859403 	-0.603765 	-6.62615e-22
5.18 	3.45254e-18 	-2.61482e-18 	0.920557 	-0.395834 	-4.35353e-22
5.62 	3.45254e-18 	-1.2033e-18 	1.00822 	-0.0841926 	2.85425e-22
6.06 	3.45254e-18 	-1.17937e-18 	1.05098 	0.25116 	1.10277e-21
6.5 	3.45254e-18 	-1.15524e-18 	1.01806 	0.396234 	-5.0456e-22
