1.22 	3.45254e-18 	-6.98323e-18 	-0.16726 	0.00554857 	-4.80519e-22
1.66 	3.45254e-18 	-6.96118e-18 	-0.30904 	0.00409931 	-1.72152e-23
2.1 	3.45254e-18 	-6.93894e-18 	-0.427638 	0.00229146 	-1.55038e-21
2.54 	3.45254e-18 	-8.30431e-18 	-0.540723 	-0.00287129 	-3.73548e-23
2.98 	3.45254e-18 	-8.28171e-18 	-0.425392 	-0.00474419 	1.27782e-21
3.42 	3.45254e-18 	-6.87115e-18 	-0.360231 	-0.0034777 	1.05704e-21
3.86 	3.45254e-18 	-6.84819e-18 	-0.181044 	-0.00267977 	1.50665e-22
4.3 	3.45254e-18 	-6.82504e-18 	-0.0753971 	-0.00181351 	3.01744e-22
4.74 	3.45254e-18 	-5.41391e-18 	0.0728235 	-0.00229416 	-5.80244e-23
5.18 	3.45254e-18 	-2.61482e-18 	0.181655 	-0.0026054 	4.20878e-23
5.62 	3.45254e-18 	-1.2033e-18 	0.291551 	-0.00306792 	-3.2785e-23
6.06 	3.45254e-18 	-1.17937e-18 	0.376447 	-0.00325108 	-1.34993e-22
6.5 	3.45254e-18 	-1.15524e-18 	0.45313 	-0.00328037 	8.73789e-23
