1.22 	3.45254e-18 	-6.98323e-18 	0.0304406 	-0.548901 	-1.30374e-21
1.66 	3.45254e-18 	-6.96118e-18 	-0.141559 	-0.468455 	-6.25194e-23
2.1 	3.45254e-18 	-6.93894e-18 	0.570485 	0.170551 	-2.96337e-21
2.54 	3.45254e-18 	-8.30431e-18 	0.76898 	0.524017 	-3.11725e-23
2.98 	3.45254e-18 	-8.28171e-18 	0.688359 	0.704168 	1.29698e-21
3.42 	3.45254e-18 	-6.87115e-18 	0.659974 	0.546863 	8.40537e-22
3.86 	3.45254e-18 	-6.84819e-18 	0.843617 	0.111713 	2.88317e-22
4.3 	3.45254e-18 	-6.82504e-18 	1.00614 	-0.289929 	1.80521e-21
4.74 	3.45254e-18 	-5.41391e-18 	0.994626 	-0.504003 	-1.01165e-21
5.18 	3.45254e-18 	-2.61482e-18 	0.922339 	-0.579892 	-4.50136e-22
5.62 	3.45254e-18 	-1.2033e-18 	0.937078 	-0.508393 	2.13811e-22
6.06 	3.45254e-18 	-1.17937e-18 	1.01501 	-0.144376 	8.4998e-22
6.5 	3.45254e-18 	-1.15524e-18 	1.0407 	0.105295 	-6.09947e-22
