1.22 	3.45254e-18 	-6.98323e-18 	0.1293 	-0.253811 	-1.54136e-21
1.66 	3.45254e-18 	-6.96118e-18 	-0.079057 	-0.687568 	-1.23251e-22
2.1 	3.45254e-18 	-6.93894e-18 	0.241899 	-0.458945 	-1.92096e-21
2.54 	3.45254e-18 	-8.30431e-18 	0.679726 	0.199096 	-1.51151e-23
2.98 	3.45254e-18 	-8.28171e-18 	0.84146 	0.546547 	1.87007e-21
3.42 	3.45254e-18 	-6.87115e-18 	0.756595 	0.667055 	1.13082e-21
3.86 	3.45254e-18 	-6.84819e-18 	0.761394 	0.557438 	2.04989e-22
4.3 	3.45254e-18 	-6.82504e-18 	0.906928 	0.134819 	1.26038e-21
4.74 	3.45254e-18 	-5.41391e-18 	1.00947 	-0.243619 	-1.14884e-21
5.18 	3.45254e-18 	-2.61482e-18 	1.03686 	-0.420739 	-6.00434e-22
5.62 	3.45254e-18 	-1.2033e-18 	0.942409 	-0.601442 	2.50459e-22
6.06 	3.45254e-18 	-1.17937e-18 	0.957598 	-0.490908 	5.49107e-22
6.5 	3.45254e-18 	-1.15524e-18 	1.0028 	-0.216137 	-5.03537e-22
