1.275 	2.15223e-18 	-2.76991e-20 	-0.139903 	-0.0124085 	-2.67626e-22
1.825 	2.15223e-18 	-1.39322e-20 	0.211934 	-0.0146513 	-3.84109e-22
2.375 	2.15223e-18 	1.38775e-18 	0.594745 	-0.00932241 	1.52511e-22
2.925 	2.15223e-18 	2.78958e-18 	0.762854 	-0.00504718 	-8.89707e-23
3.475 	2.15223e-18 	4.53849e-18 	0.873768 	-0.00269348 	1.02873e-22
4.025 	2.15223e-18 	6.28755e-18 	0.925368 	-0.00136412 	9.23499e-24
4.575 	2.15223e-18 	6.30203e-18 	0.95354 	-0.000728194 	-1.58084e-22
5.125 	2.15223e-18 	6.31666e-18 	0.96917 	-0.000413451 	1.18758e-22
5.675 	2.15223e-18 	6.33144e-18 	0.978579 	-0.00025048 	1.72368e-23
6.225 	2.15223e-18 	4.61166e-18 	0.984519 	-0.000159575 	3.16186e-23
