1.275 	2.15223e-18 	-2.76991e-20 	-0.0582692 	0.362702 	-4.30795e-22
1.825 	2.15223e-18 	-1.39322e-20 	0.292504 	-0.0806174 	6.03791e-21
2.375 	2.15223e-18 	1.38775e-18 	0.737107 	-0.474541 	-2.62855e-21
2.925 	2.15223e-18 	2.78958e-18 	0.332752 	-0.65149 	-1.29238e-22
3.475 	2.15223e-18 	4.53849e-18 	0.592902 	-0.344244 	-2.24486e-22
4.025 	2.15223e-18 	6.28755e-18 	0.864171 	0.213077 	-2.26672e-22
4.575 	2.15223e-18 	6.30203e-18 	0.94944 	0.473006 	1.37163e-21
5.125 	2.15223e-18 	6.31666e-18 	0.853341 	0.63916 	-1.04907e-21
5.675 	2.15223e-18 	6.33144e-18 	0.947915 	0.343373 	-1.52011e-22
6.225 	2.15223e-18 	4.61166e-18 	1.02203 	-0.0136627 	-6.69025e-22
