1.22 	3.45254e-18 	-6.98323e-18 	-0.122259 	0.0164942 	-7.75618e-22
1.66 	3.45254e-18 	-6.96118e-18 	-0.241967 	0.0321172 	-3.87884e-23
2.1 	3.45254e-18 	-6.93894e-18 	-0.262707 	0.0315183 	-2.21791e-21
2.54 	3.45254e-18 	-8.30431e-18 	-0.335211 	-0.0140438 	9.41552e-24
2.98 	3.45254e-18 	-8.28171e-18 	-0.374871 	-0.0872806 	2.42265e-21
3.42 	3.45254e-18 	-6.87115e-18 	-0.425291 	-0.125423 	2.61044e-21
3.86 	3.45254e-18 	-6.84819e-18 	-0.347945 	-0.0893025 	5.1845e-22
4.3 	3.45254e-18 	-6.82504e-18 	-0.285095 	-0.00772372 	1.87671e-21
4.74 	3.45254e-18 	-5.41391e-18 	-0.17089 	0.0660979 	-9.63809e-22
5.18 	3.45254e-18 	-2.61482e-18 	-0.109 	0.106634 	-3.92966e-22
5.62 	3.45254e-18 	-1.2033e-18 	-0.0233848 	0.110837 	1.33544e-22
6.06 	3.45254e-18 	-1.17937e-18 	0.0476566 	0.0885554 	2.34579e-22
6.5 	3.45254e-18 	-1.15524e-18 	0.140004 	0.0496011 	-5.61295e-23
