1.22 	3.45254e-18 	-6.98323e-18 	0.158299 	-0.128086 	-1.61627e-21
1.66 	3.45254e-18 	-6.96118e-18 	0.177802 	-0.634137 	-1.3153e-22
2.1 	3.45254e-18 	-6.93894e-18 	-0.0274613 	-0.637651 	-2.00334e-21
2.54 	3.45254e-18 	-8.30431e-18 	0.585996 	-0.0503381 	9.68301e-23
2.98 	3.45254e-18 	-8.28171e-18 	0.840998 	0.438665 	2.02504e-21
3.42 	3.45254e-18 	-6.87115e-18 	0.824917 	0.620952 	1.3497e-21
3.86 	3.45254e-18 	-6.84819e-18 	0.76278 	0.651207 	2.27704e-22
4.3 	3.45254e-18 	-6.82504e-18 	0.865606 	0.337766 	9.71488e-22
4.74 	3.45254e-18 	-5.41391e-18 	0.976597 	-0.097574 	-1.07934e-21
5.18 	3.45254e-18 	-2.61482e-18 	1.05347 	-0.31396 	-6.4288e-22
5.62 	3.45254e-18 	-1.2033e-18 	0.987588 	-0.539208 	2.78649e-22
6.06 	3.45254e-18 	-1.17937e-18 	0.948255 	-0.563304 	5.88536e-22
6.5 	3.45254e-18 	-1.15524e-18 	0.979503 	-0.347064 	-4.19812e-22
