1.22 	3.45254e-18 	-6.98323e-18 	-0.101594 	0.00412444 	-4.91875e-22
1.66 	3.45254e-18 	-6.96118e-18 	-0.21153 	0.12769 	-2.18563e-23
2.1 	3.45254e-18 	-6.93894e-18 	-0.198646 	0.333928 	-1.42257e-21
2.54 	3.45254e-18 	-8.30431e-18 	-0.123838 	0.18588 	-8.20613e-24
2.98 	3.45254e-18 	-8.28171e-18 	0.148948 	-0.217449 	1.5647e-21
3.42 	3.45254e-18 	-6.87115e-18 	0.131503 	-0.494093 	1.31353e-21
3.86 	3.45254e-18 	-6.84819e-18 	0.0100417 	-0.600132 	2.51709e-22
4.3 	3.45254e-18 	-6.82504e-18 	0.157251 	-0.350743 	1.09455e-21
4.74 	3.45254e-18 	-5.41391e-18 	0.372612 	0.0627756 	-8.8578e-22
5.18 	3.45254e-18 	-2.61482e-18 	0.470971 	0.333442 	-4.95692e-22
5.62 	3.45254e-18 	-1.2033e-18 	0.493593 	0.489875 	2.0422e-22
6.06 	3.45254e-18 	-1.17937e-18 	0.352716 	0.578825 	4.92537e-22
6.5 	3.45254e-18 	-1.15524e-18 	0.33311 	0.461143 	-3.20232e-22
