1.22 	3.45254e-18 	-6.98323e-18 	-0.357087 	-0.00494256 	-5.9621e-22
1.66 	3.45254e-18 	-6.96118e-18 	-0.0839558 	-0.0139044 	-3.76556e-23
2.1 	3.45254e-18 	-6.93894e-18 	0.348098 	-0.0114375 	6.92288e-23
2.54 	3.45254e-18 	-8.30431e-18 	0.557223 	-0.00720112 	2.72802e-23
2.98 	3.45254e-18 	-8.28171e-18 	0.740483 	-0.00475591 	-2.10662e-22
3.42 	3.45254e-18 	-6.87115e-18 	0.83578 	-0.00275129 	-2.20149e-22
3.86 	3.45254e-18 	-6.84819e-18 	0.897638 	-0.00161956 	-3.56399e-23
4.3 	3.45254e-18 	-6.82504e-18 	0.93238 	-0.000946163 	-1.21308e-22
4.74 	3.45254e-18 	-5.41391e-18 	0.953972 	-0.000568503 	6.22252e-23
5.18 	3.45254e-18 	-2.61482e-18 	0.967146 	-0.000350778 	2.91394e-23
5.62 	3.45254e-18 	-1.2033e-18 	0.975691 	-0.000226978 	-1.1722e-23
6.06 	3.45254e-18 	-1.17937e-18 	0.981453 	-0.000153845 	-2.90817e-23
6.5 	3.45254e-18 	-1.15524e-18 	0.985538 	-0.000109353 	1.34501e-23
