1.275 	2.15223e-18 	-2.76991e-20 	-0.105779 	0.0345425 	-2.97161e-22
1.825 	2.15223e-18 	-1.39322e-20 	-0.243706 	0.226205 	4.10251e-21
2.375 	2.15223e-18 	1.38775e-18 	-0.146744 	0.220355 	-1.92076e-21
2.925 	2.15223e-18 	2.78958e-18 	0.0428278 	-0.143309 	2.68921e-22
3.475 	2.15223e-18 	4.53849e-18 	0.0602793 	-0.496801 	-1.24469e-21
4.025 	2.15223e-18 	6.28755e-18 	-0.16674 	-0.501033 	-6.83187e-23
4.575 	2.15223e-18 	6.30203e-18 	0.312219 	-0.120578 	2.04253e-21
5.125 	2.15223e-18 	6.31666e-18 	0.492757 	0.235083 	-2.19796e-21
5.675 	2.15223e-18 	6.33144e-18 	0.532633 	0.458437 	-3.43288e-22
6.225 	2.15223e-18 	4.61166e-18 	0.355731 	0.514693 	-5.24343e-22
