1.22 	3.45254e-18 	-6.98323e-18 	-0.121501 	0.0143983 	-8.05257e-22
1.66 	3.45254e-18 	-6.96118e-18 	-0.23863 	-0.0144165 	-4.11816e-23
2.1 	3.45254e-18 	-6.93894e-18 	-0.255221 	-0.119828 	-2.25115e-21
2.54 	3.45254e-18 	-8.30431e-18 	-0.316925 	-0.205327 	1.8971e-23
2.98 	3.45254e-18 	-8.28171e-18 	-0.2897 	-0.135936 	2.4019e-21
3.42 	3.45254e-18 	-6.87115e-18 	-0.262251 	0.0838266 	2.66889e-21
3.86 	3.45254e-18 	-6.84819e-18 	-0.219369 	0.281974 	5.40791e-22
4.3 	3.45254e-18 	-6.82504e-18 	-0.248778 	0.344556 	1.99108e-21
4.74 	3.45254e-18 	-5.41391e-18 	-0.142051 	0.260117 	-1.20033e-21
5.18 	3.45254e-18 	-2.61482e-18 	0.00917141 	0.0820886 	-6.6433e-22
5.62 	3.45254e-18 	-1.2033e-18 	0.149815 	-0.0780407 	2.80815e-22
6.06 	3.45254e-18 	-1.17937e-18 	0.228913 	-0.184585 	6.72154e-22
6.5 	3.45254e-18 	-1.15524e-18 	0.250236 	-0.243666 	-2.10752e-22
