1.22 	3.45254e-18 	-6.98323e-18 	-0.193907 	0.00582829 	-9.07704e-22
1.66 	3.45254e-18 	-6.96118e-18 	-0.399637 	0.00659957 	-3.48349e-23
2.1 	3.45254e-18 	-6.93894e-18 	-0.511852 	0.00651293 	-3.19221e-21
2.54 	3.45254e-18 	-8.30431e-18 	-0.54895 	0.000125571 	-8.23519e-23
2.98 	3.45254e-18 	-8.28171e-18 	-0.342076 	-0.00504421 	1.79951e-21
3.42 	3.45254e-18 	-6.87115e-18 	-0.245178 	-0.00708362 	1.26168e-21
3.86 	3.45254e-18 	-6.84819e-18 	-0.0448967 	-0.00887035 	1.29123e-22
4.3 	3.45254e-18 	-6.82504e-18 	0.0869079 	-0.00786625 	-4.62877e-23
4.74 	3.45254e-18 	-5.41391e-18 	0.240155 	-0.00660017 	2.00469e-22
5.18 	3.45254e-18 	-2.61482e-18 	0.352946 	-0.0046928 	1.99512e-22
5.62 	3.45254e-18 	-1.2033e-18 	0.45385 	-0.00315487 	-1.0113e-22
6.06 	3.45254e-18 	-1.17937e-18 	0.531504 	-0.001923 	-3.18642e-22
6.5 	3.45254e-18 	-1.15524e-18 	0.598082 	-0.00111905 	1.7781e-22
