1.22 	3.45254e-18 	-6.98323e-18 	-0.0969286 	-0.525979 	-1.34698e-21
1.66 	3.45254e-18 	-6.96118e-18 	0.192436 	-0.189578 	-5.23708e-23
2.1 	3.45254e-18 	-6.93894e-18 	0.676585 	0.408433 	-3.42091e-21
2.54 	3.45254e-18 	-8.30431e-18 	0.690789 	0.645646 	1.46237e-23
2.98 	3.45254e-18 	-8.28171e-18 	0.552029 	0.680044 	9.92107e-22
3.42 	3.45254e-18 	-6.87115e-18 	0.705237 	0.269843 	1.0548e-21
3.86 	3.45254e-18 	-6.84819e-18 	0.934101 	-0.184294 	3.78949e-22
4.3 	3.45254e-18 	-6.82504e-18 	1.00269 	-0.482805 	1.70825e-21
4.74 	3.45254e-18 	-5.41391e-18 	0.910927 	-0.591644 	-7.90926e-22
5.18 	3.45254e-18 	-2.61482e-18 	0.901446 	-0.539261 	-4.08887e-22
5.62 	3.45254e-18 	-1.2033e-18 	0.978974 	-0.277939 	2.43808e-22
6.06 	3.45254e-18 	-1.17937e-18 	1.04051 	0.0953107 	1.04967e-21
6.5 	3.45254e-18 	-1.15524e-18 	1.04284 	0.273275 	-5.74238e-22
