1.275 	2.15223e-18 	-2.76991e-20 	0.0859632 	-0.0256643 	-4.74182e-22
1.825 	2.15223e-18 	-1.39322e-20 	0.146625 	0.490323 	5.62873e-21
2.375 	2.15223e-18 	1.38775e-18 	-0.102566 	0.597739 	-1.71296e-21
2.925 	2.15223e-18 	2.78958e-18 	0.596054 	0.139449 	-2.38903e-22
3.475 	2.15223e-18 	4.53849e-18 	0.915115 	-0.415707 	-1.12135e-21
4.025 	2.15223e-18 	6.28755e-18 	0.853579 	-0.584231 	5.86381e-23
4.575 	2.15223e-18 	6.30203e-18 	0.854349 	-0.537146 	8.67422e-22
5.125 	2.15223e-18 	6.31666e-18 	0.957711 	-0.233803 	-1.24264e-21
5.675 	2.15223e-18 	6.33144e-18 	1.0511 	0.229471 	-4.60417e-22
6.225 	2.15223e-18 	4.61166e-18 	1.00702 	0.411831 	-6.98958e-22
