1.275 	2.15223e-18 	-2.76991e-20 	-0.1367 	0.0115105 	-2.53117e-22
1.825 	2.15223e-18 	-1.39322e-20 	-0.264923 	0.0105684 	3.43737e-21
2.375 	2.15223e-18 	1.38775e-18 	-0.318946 	-0.0176183 	-1.60414e-21
2.925 	2.15223e-18 	2.78958e-18 	-0.454344 	-0.0547965 	1.76961e-22
3.475 	2.15223e-18 	4.53849e-18 	-0.391175 	-0.0492597 	-1.23032e-21
4.025 	2.15223e-18 	6.28755e-18 	-0.344563 	0.00297801 	-9.57979e-23
4.575 	2.15223e-18 	6.30203e-18 	-0.174455 	0.0514356 	1.42101e-21
5.125 	2.15223e-18 	6.31666e-18 	-0.122297 	0.0730559 	-9.7591e-22
5.675 	2.15223e-18 	6.33144e-18 	0.00329007 	0.0628425 	-1.20045e-22
6.225 	2.15223e-18 	4.61166e-18 	0.0897674 	0.0218547 	-1.47496e-22
