1.22 	3.45254e-18 	-6.98323e-18 	-0.115118 	0.0443392 	-8.184e-22
1.66 	3.45254e-18 	-6.96118e-18 	-0.231471 	0.0847828 	-3.96143e-23
2.1 	3.45254e-18 	-6.93894e-18 	-0.24755 	0.0326958 	-2.42756e-21
2.54 	3.45254e-18 	-8.30431e-18 	-0.287705 	-0.166136 	-1.32066e-23
2.98 	3.45254e-18 	-8.28171e-18 	-0.28111 	-0.350183 	2.25568e-21
3.42 	3.45254e-18 	-6.87115e-18 	-0.290483 	-0.303057 	2.54919e-21
3.86 	3.45254e-18 	-6.84819e-18 	-0.0940691 	-0.0530852 	5.92334e-22
4.3 	3.45254e-18 	-6.82504e-18 	-0.00375704 	0.196235 	2.38917e-21
4.74 	3.45254e-18 	-5.41391e-18 	0.0292552 	0.347521 	-1.27743e-21
5.18 	3.45254e-18 	-2.61482e-18 	-0.0367564 	0.391328 	-5.85171e-22
5.62 	3.45254e-18 	-1.2033e-18 	0.0111917 	0.310917 	2.60639e-22
6.06 	3.45254e-18 	-1.17937e-18 	0.160406 	0.132558 	7.83914e-22
6.5 	3.45254e-18 	-1.15524e-18 	0.316712 	-0.0517595 	-4.37488e-22
