1.275 	2.15223e-18 	-2.76991e-20 	-0.0318914 	-0.0272205 	-4.6051e-22
1.825 	2.15223e-18 	-1.39322e-20 	0.0599252 	0.459094 	5.58319e-21
2.375 	2.15223e-18 	1.38775e-18 	-0.176463 	0.575187 	-1.76828e-21
2.925 	2.15223e-18 	2.78958e-18 	0.58669 	0.0914752 	-2.05204e-22
3.475 	2.15223e-18 	4.53849e-18 	0.892468 	-0.418557 	-1.01177e-21
4.025 	2.15223e-18 	6.28755e-18 	0.835033 	-0.558509 	5.82504e-23
4.575 	2.15223e-18 	6.30203e-18 	0.834447 	-0.544037 	8.37685e-22
5.125 	2.15223e-18 	6.31666e-18 	0.952654 	-0.198614 	-1.21061e-21
5.675 	2.15223e-18 	6.33144e-18 	1.04742 	0.249495 	-4.37033e-22
6.225 	2.15223e-18 	4.61166e-18 	1.00688 	0.391879 	-6.41128e-22
