1.22 	3.45254e-18 	-6.98323e-18 	-0.147817 	0.00401788 	-8.51639e-22
1.66 	3.45254e-18 	-6.96118e-18 	-0.274035 	0.00463625 	-3.61228e-23
2.1 	3.45254e-18 	-6.93894e-18 	-0.345041 	0.0115399 	-2.54265e-21
2.54 	3.45254e-18 	-8.30431e-18 	-0.495422 	0.0134541 	-4.00558e-23
2.98 	3.45254e-18 	-8.28171e-18 	-0.457039 	0.0048633 	2.63317e-21
3.42 	3.45254e-18 	-6.87115e-18 	-0.419694 	-0.00769773 	2.35155e-21
3.86 	3.45254e-18 	-6.84819e-18 	-0.253999 	-0.0153638 	3.72913e-22
4.3 	3.45254e-18 	-6.82504e-18 	-0.170227 	-0.0163451 	9.89145e-22
4.74 	3.45254e-18 	-5.41391e-18 	-0.0283414 	-0.0142462 	-3.57363e-22
5.18 	3.45254e-18 	-2.61482e-18 	0.0692062 	-0.0090715 	-4.10088e-23
5.62 	3.45254e-18 	-1.2033e-18 	0.180469 	-0.00398886 	-1.52661e-23
6.06 	3.45254e-18 	-1.17937e-18 	0.264206 	0.000203984 	-1.53268e-22
6.5 	3.45254e-18 	-1.15524e-18 	0.346147 	0.00291981 	1.25729e-22
