1.22 	3.45254e-18 	-6.98323e-18 	-0.0597355 	0.439357 	-1.42265e-21
1.66 	3.45254e-18 	-6.96118e-18 	0.347157 	-0.0481518 	-7.8414e-23
2.1 	3.45254e-18 	-6.93894e-18 	0.725688 	-0.51088 	-3.34517e-21
2.54 	3.45254e-18 	-8.30431e-18 	0.594843 	-0.700634 	3.24177e-23
2.98 	3.45254e-18 	-8.28171e-18 	0.534032 	-0.590857 	8.71235e-22
3.42 	3.45254e-18 	-6.87115e-18 	0.7765 	-0.0427336 	1.40744e-21
3.86 	3.45254e-18 	-6.84819e-18 	0.959173 	0.330858 	4.04289e-22
4.3 	3.45254e-18 	-6.82504e-18 	0.945212 	0.58596 	1.56534e-21
4.74 	3.45254e-18 	-5.41391e-18 	0.857794 	0.611557 	-6.6593e-22
5.18 	3.45254e-18 	-2.61482e-18 	0.916918 	0.406382 	-4.16595e-22
5.62 	3.45254e-18 	-1.2033e-18 	1.00704 	0.0999971 	2.72478e-22
6.06 	3.45254e-18 	-1.17937e-18 	1.05341 	-0.236464 	1.05984e-21
6.5 	3.45254e-18 	-1.15524e-18 	1.02851 	-0.38629 	-5.0342e-22
