1.22 	3.45254e-18 	-6.98323e-18 	0.140891 	0.0818027 	-8.59158e-22
1.66 	3.45254e-18 	-6.96118e-18 	0.414331 	-0.432272 	-7.62838e-23
2.1 	3.45254e-18 	-6.93894e-18 	0.321093 	-0.740619 	-1.29825e-21
2.54 	3.45254e-18 	-8.30431e-18 	0.371524 	-0.504847 	8.94593e-23
2.98 	3.45254e-18 	-8.28171e-18 	0.775541 	0.15083 	1.01166e-21
3.42 	3.45254e-18 	-6.87115e-18 	0.912137 	0.48644 	1.0169e-21
3.86 	3.45254e-18 	-6.84819e-18 	0.828346 	0.688885 	1.70701e-22
4.3 	3.45254e-18 	-6.82504e-18 	0.831024 	0.578981 	4.74247e-22
4.74 	3.45254e-18 	-5.41391e-18 	0.936394 	0.185336 	-4.81812e-22
5.18 	3.45254e-18 	-2.61482e-18 	1.05363 	-0.139711 	-3.91245e-22
5.62 	3.45254e-18 	-1.2033e-18 	1.04726 	-0.442218 	1.86376e-22
6.06 	3.45254e-18 	-1.17937e-18 	0.983977 	-0.562695 	4.20147e-22
6.5 	3.45254e-18 	-1.15524e-18 	0.974157 	-0.524137 	-2.38812e-22
