1.22 	3.45254e-18 	-6.98323e-18 	0.0418687 	0.302488 	-1.48855e-21
1.66 	3.45254e-18 	-6.96118e-18 	0.410164 	-0.230825 	-1.11352e-22
2.1 	3.45254e-18 	-6.93894e-18 	0.688067 	-0.610996 	-2.99451e-21
2.54 	3.45254e-18 	-8.30431e-18 	0.34534 	-0.72378 	5.46539e-23
2.98 	3.45254e-18 	-8.28171e-18 	0.587471 	-0.330568 	9.04875e-22
3.42 	3.45254e-18 	-6.87115e-18 	0.857156 	0.214586 	1.8083e-21
3.86 	3.45254e-18 	-6.84819e-18 	0.948465 	0.487187 	3.85677e-22
4.3 	3.45254e-18 	-6.82504e-18 	0.861833 	0.668729 	1.24913e-21
4.74 	3.45254e-18 	-5.41391e-18 	0.851145 	0.51353 	-5.90797e-22
5.18 	3.45254e-18 	-2.61482e-18 	0.956087 	0.200934 	-5.12728e-22
5.62 	3.45254e-18 	-1.2033e-18 	1.03716 	-0.107631 	3.10764e-22
6.06 	3.45254e-18 	-1.17937e-18 	1.04635 	-0.387352 	1.01282e-21
6.5 	3.45254e-18 	-1.15524e-18 	0.985761 	-0.480718 	-4.17232e-22
