1.275 	2.15223e-18 	-2.76991e-20 	-0.075435 	-0.476198 	-4.13079e-22
1.825 	2.15223e-18 	-1.39322e-20 	-0.0585135 	-0.279043 	4.70742e-21
2.375 	2.15223e-18 	1.38775e-18 	0.657732 	0.24897 	-2.41051e-21
2.925 	2.15223e-18 	2.78958e-18 	0.776375 	0.543494 	6.68459e-23
3.475 	2.15223e-18 	4.53849e-18 	0.600225 	0.651126 	-2.39222e-22
4.025 	2.15223e-18 	6.28755e-18 	0.718411 	0.215309 	-3.44152e-24
4.575 	2.15223e-18 	6.30203e-18 	0.97427 	-0.186051 	1.6808e-21
5.125 	2.15223e-18 	6.31666e-18 	0.972082 	-0.512279 	-1.56236e-21
5.675 	2.15223e-18 	6.33144e-18 	0.906022 	-0.602078 	-1.70451e-22
6.225 	2.15223e-18 	4.61166e-18 	0.94282 	-0.303 	-4.40665e-22
