1.22 	3.45254e-18 	-6.98323e-18 	0.0794772 	-0.33618 	-1.45484e-21
1.66 	3.45254e-18 	-6.96118e-18 	-0.278308 	-0.665498 	-1.13024e-22
2.1 	3.45254e-18 	-6.93894e-18 	0.393242 	-0.292672 	-1.96621e-21
2.54 	3.45254e-18 	-8.30431e-18 	0.715496 	0.331459 	-6.46708e-23
2.98 	3.45254e-18 	-8.28171e-18 	0.817376 	0.589619 	1.65303e-21
3.42 	3.45254e-18 	-6.87115e-18 	0.712953 	0.676804 	1.073e-21
3.86 	3.45254e-18 	-6.84819e-18 	0.773963 	0.462487 	2.07383e-22
4.3 	3.45254e-18 	-6.82504e-18 	0.933194 	-0.0213141 	1.53271e-21
4.74 	3.45254e-18 	-5.41391e-18 	1.02459 	-0.312784 	-1.12124e-21
5.18 	3.45254e-18 	-2.61482e-18 	1.01037 	-0.496281 	-5.79616e-22
5.62 	3.45254e-18 	-1.2033e-18 	0.920939 	-0.616987 	2.31305e-22
6.06 	3.45254e-18 	-1.17937e-18 	0.969314 	-0.389066 	6.00967e-22
6.5 	3.45254e-18 	-1.15524e-18 	1.02069 	-0.143306 	-5.39397e-22
