1.22 	3.45254e-18 	-6.98323e-18 	0.0296016 	0.315582 	-1.47962e-21
1.66 	3.45254e-18 	-6.96118e-18 	0.409877 	-0.213402 	-1.0829e-22
2.1 	3.45254e-18 	-6.93894e-18 	0.698073 	-0.605253 	-3.01046e-21
2.54 	3.45254e-18 	-8.30431e-18 	0.366443 	-0.718731 	5.70654e-23
2.98 	3.45254e-18 	-8.28171e-18 	0.57474 	-0.35901 	8.8059e-22
3.42 	3.45254e-18 	-6.87115e-18 	0.858786 	0.176845 	1.75376e-21
3.86 	3.45254e-18 	-6.84819e-18 	0.953152 	0.491573 	3.98934e-22
4.3 	3.45254e-18 	-6.82504e-18 	0.870473 	0.653982 	1.19738e-21
4.74 	3.45254e-18 	-5.41391e-18 	0.85418 	0.524121 	-6.04306e-22
5.18 	3.45254e-18 	-2.61482e-18 	0.967231 	0.242083 	-4.9743e-22
5.62 	3.45254e-18 	-1.2033e-18 	1.0375 	-0.125357 	3.21554e-22
6.06 	3.45254e-18 	-1.17937e-18 	1.05183 	-0.363855 	9.79436e-22
6.5 	3.45254e-18 	-1.15524e-18 	0.989298 	-0.500389 	-4.52747e-22
