1.275 	2.15223e-18 	-2.76991e-20 	-0.158599 	0.00683023 	-2.88201e-22
1.825 	2.15223e-18 	-1.39322e-20 	-0.398562 	0.00427839 	4.45794e-21
2.375 	2.15223e-18 	1.38775e-18 	-0.457231 	-0.000854387 	-2.15251e-21
2.925 	2.15223e-18 	2.78958e-18 	-0.468067 	-0.00520435 	1.6641e-22
3.475 	2.15223e-18 	4.53849e-18 	-0.229795 	-0.00455427 	-6.37956e-22
4.025 	2.15223e-18 	6.28755e-18 	-0.166947 	-0.00240943 	-9.14084e-24
4.575 	2.15223e-18 	6.30203e-18 	0.0219112 	-0.00311601 	4.57994e-22
5.125 	2.15223e-18 	6.31666e-18 	0.131088 	-0.00321151 	-2.41567e-24
5.675 	2.15223e-18 	6.33144e-18 	0.269241 	-0.00403031 	4.61925e-23
6.225 	2.15223e-18 	4.61166e-18 	0.372779 	-0.00393926 	1.70776e-22
