1.275 	2.15223e-18 	-2.76991e-20 	-0.121866 	0.440807 	-4.09392e-22
1.825 	2.15223e-18 	-1.39322e-20 	0.14134 	0.136342 	5.10411e-21
2.375 	2.15223e-18 	1.38775e-18 	0.758265 	-0.346271 	-2.59495e-21
2.925 	2.15223e-18 	2.78958e-18 	0.724781 	-0.600574 	-1.50374e-23
3.475 	2.15223e-18 	4.53849e-18 	0.582698 	-0.570885 	-1.38413e-22
4.025 	2.15223e-18 	6.28755e-18 	0.812804 	-0.109809 	-1.04367e-22
4.575 	2.15223e-18 	6.30203e-18 	1.00309 	0.306706 	1.8501e-21
5.125 	2.15223e-18 	6.31666e-18 	0.923506 	0.612533 	-1.42106e-21
5.675 	2.15223e-18 	6.33144e-18 	0.920361 	0.500731 	-1.17856e-22
6.225 	2.15223e-18 	4.61166e-18 	0.999565 	0.247444 	-5.08015e-22
