1.22 	3.45254e-18 	-6.98323e-18 	0.0681456 	-0.188539 	-8.16462e-22
1.66 	3.45254e-18 	-6.96118e-18 	0.404552 	0.33 	-6.95065e-23
2.1 	3.45254e-18 	-6.93894e-18 	0.506564 	0.709742 	-1.45407e-21
2.54 	3.45254e-18 	-8.30431e-18 	0.297523 	0.640371 	6.60017e-23
2.98 	3.45254e-18 	-8.28171e-18 	0.706713 	0.0244904 	8.18825e-22
3.42 	3.45254e-18 	-6.87115e-18 	0.924451 	-0.373511 	1.00638e-21
3.86 	3.45254e-18 	-6.84819e-18 	0.915614 	-0.610598 	1.92791e-22
4.3 	3.45254e-18 	-6.82504e-18 	0.833787 	-0.661187 	5.39097e-22
4.74 	3.45254e-18 	-5.41391e-18 	0.882864 	-0.361362 	-3.82212e-22
5.18 	3.45254e-18 	-2.61482e-18 	1.01291 	-0.0450889 	-3.38936e-22
5.62 	3.45254e-18 	-1.2033e-18 	1.05842 	0.283636 	1.89436e-22
6.06 	3.45254e-18 	-1.17937e-18 	1.02654 	0.478258 	4.9278e-22
6.5 	3.45254e-18 	-1.15524e-18 	0.960421 	0.533298 	-2.19096e-22
