1.22 	3.45254e-18 	-6.98323e-18 	-0.19646 	0.00627162 	-9.09829e-22
1.66 	3.45254e-18 	-6.96118e-18 	-0.408513 	0.00718742 	-3.59244e-23
2.1 	3.45254e-18 	-6.93894e-18 	-0.51531 	0.00638144 	-3.2065e-21
2.54 	3.45254e-18 	-8.30431e-18 	-0.546655 	-0.000852861 	-8.20659e-23
2.98 	3.45254e-18 	-8.28171e-18 	-0.333703 	-0.00613585 	1.75038e-21
3.42 	3.45254e-18 	-6.87115e-18 	-0.234604 	-0.0076935 	1.20132e-21
3.86 	3.45254e-18 	-6.84819e-18 	-0.0326818 	-0.00901622 	1.17382e-22
4.3 	3.45254e-18 	-6.82504e-18 	0.100735 	-0.00763102 	-8.91683e-23
4.74 	3.45254e-18 	-5.41391e-18 	0.253898 	-0.00616222 	2.19653e-22
5.18 	3.45254e-18 	-2.61482e-18 	0.366393 	-0.00423776 	2.05916e-22
5.62 	3.45254e-18 	-1.2033e-18 	0.466246 	-0.00277233 	-1.02971e-22
6.06 	3.45254e-18 	-1.17937e-18 	0.543078 	-0.00166285 	-3.208e-22
6.5 	3.45254e-18 	-1.15524e-18 	0.608828 	-0.000988082 	1.77636e-22
