1.22 	3.45254e-18 	-6.98323e-18 	-0.123463 	0.0104306 	-4.18782e-22
1.66 	3.45254e-18 	-6.96118e-18 	-0.238376 	-0.000294046 	-2.09275e-23
2.1 	3.45254e-18 	-6.93894e-18 	-0.259157 	-0.0472205 	-1.18101e-21
2.54 	3.45254e-18 	-8.30431e-18 	-0.329105 	-0.0974337 	6.12163e-24
2.98 	3.45254e-18 	-8.28171e-18 	-0.34065 	-0.0895281 	1.23289e-21
3.42 	3.45254e-18 	-6.87115e-18 	-0.381365 	0.00368943 	1.38165e-21
3.86 	3.45254e-18 	-6.84819e-18 	-0.331279 	0.115473 	2.88568e-22
4.3 	3.45254e-18 	-6.82504e-18 	-0.310751 	0.16715 	1.06977e-21
4.74 	3.45254e-18 	-5.41391e-18 	-0.214638 	0.147173 	-5.8348e-22
5.18 	3.45254e-18 	-2.61482e-18 	-0.12896 	0.076335 	-2.73646e-22
5.62 	3.45254e-18 	-1.2033e-18 	-0.0127049 	-0.0029369 	1.05243e-22
6.06 	3.45254e-18 	-1.17937e-18 	0.0696175 	-0.0683148 	2.28374e-22
6.5 	3.45254e-18 	-1.15524e-18 	0.138211 	-0.111946 	-6.62864e-23
