1.22 	3.45254e-18 	-6.98323e-18 	0.132161 	-0.246651 	-1.54756e-21
1.66 	3.45254e-18 	-6.96118e-18 	-0.0623541 	-0.687532 	-1.23872e-22
2.1 	3.45254e-18 	-6.93894e-18 	0.228399 	-0.470371 	-1.92192e-21
2.54 	3.45254e-18 	-8.30431e-18 	0.676467 	0.18848 	-1.09821e-23
2.98 	3.45254e-18 	-8.28171e-18 	0.842273 	0.542272 	1.88233e-21
3.42 	3.45254e-18 	-6.87115e-18 	0.759514 	0.666198 	1.14073e-21
3.86 	3.45254e-18 	-6.84819e-18 	0.761201 	0.563097 	2.05621e-22
4.3 	3.45254e-18 	-6.82504e-18 	0.905124 	0.144154 	1.24725e-21
4.74 	3.45254e-18 	-5.41391e-18 	1.0084 	-0.238108 	-1.14953e-21
5.18 	3.45254e-18 	-2.61482e-18 	1.03779 	-0.417043 	-6.03178e-22
5.62 	3.45254e-18 	-1.2033e-18 	0.94371 	-0.600015 	2.51739e-22
6.06 	3.45254e-18 	-1.17937e-18 	0.956787 	-0.495055 	5.49387e-22
6.5 	3.45254e-18 	-1.15524e-18 	1.00198 	-0.220692 	-5.01398e-22
