1.22 	3.45254e-18 	-6.98323e-18 	-0.0631887 	-0.548188 	-1.33019e-21
1.66 	3.45254e-18 	-6.96118e-18 	0.106247 	-0.293821 	-5.1641e-23
2.1 	3.45254e-18 	-6.93894e-18 	0.647864 	0.342695 	-3.3311e-21
2.54 	3.45254e-18 	-8.30431e-18 	0.732888 	0.606216 	-9.9185e-26
2.98 	3.45254e-18 	-8.28171e-18 	0.589542 	0.697013 	1.07609e-21
3.42 	3.45254e-18 	-6.87115e-18 	0.680378 	0.391353 	9.36083e-22
3.86 	3.45254e-18 	-6.84819e-18 	0.908069 	-0.0908079 	3.56979e-22
4.3 	3.45254e-18 	-6.82504e-18 	1.0093 	-0.423888 	1.77435e-21
4.74 	3.45254e-18 	-5.41391e-18 	0.946335 	-0.56016 	-8.71893e-22
5.18 	3.45254e-18 	-2.61482e-18 	0.902027 	-0.589151 	-4.32085e-22
5.62 	3.45254e-18 	-1.2033e-18 	0.965785 	-0.354646 	2.31773e-22
6.06 	3.45254e-18 	-1.17937e-18 	1.03303 	0.0158647 	9.99177e-22
6.5 	3.45254e-18 	-1.15524e-18 	1.05219 	0.210601 	-6.03407e-22
