1.22 	3.45254e-18 	-6.98323e-18 	-0.125995 	0.00108395 	-7.9028e-22
1.66 	3.45254e-18 	-6.96118e-18 	-0.251066 	0.00303439 	-4.01585e-23
2.1 	3.45254e-18 	-6.93894e-18 	-0.269256 	0.0200321 	-2.23267e-21
2.54 	3.45254e-18 	-8.30431e-18 	-0.378237 	0.0401189 	1.43613e-23
2.98 	3.45254e-18 	-8.28171e-18 	-0.427676 	0.0359111 	2.6261e-21
3.42 	3.45254e-18 	-6.87115e-18 	-0.444251 	-0.00190478 	2.70157e-21
3.86 	3.45254e-18 	-6.84819e-18 	-0.33275 	-0.0371298 	4.94939e-22
4.3 	3.45254e-18 	-6.82504e-18 	-0.276796 	-0.0508116 	1.63825e-21
4.74 	3.45254e-18 	-5.41391e-18 	-0.155405 	-0.0497676 	-7.59108e-22
5.18 	3.45254e-18 	-2.61482e-18 	-0.0755649 	-0.033047 	-2.62606e-22
5.62 	3.45254e-18 	-1.2033e-18 	0.0325518 	-0.0118288 	7.47358e-23
6.06 	3.45254e-18 	-1.17937e-18 	0.112979 	0.00645148 	6.13149e-23
6.5 	3.45254e-18 	-1.15524e-18 	0.199422 	0.0201191 	3.98497e-23
