1.22 	3.45254e-18 	-6.98323e-18 	-0.0983822 	0.0628648 	-9.84348e-22
1.66 	3.45254e-18 	-6.96118e-18 	-0.210566 	-0.0408571 	-5.63747e-23
2.1 	3.45254e-18 	-6.93894e-18 	-0.162334 	-0.374025 	-2.58396e-21
2.54 	3.45254e-18 	-8.30431e-18 	-0.233245 	-0.409874 	1.5817e-23
2.98 	3.45254e-18 	-8.28171e-18 	0.198124 	-0.00215783 	2.43382e-21
3.42 	3.45254e-18 	-6.87115e-18 	0.299936 	0.366754 	2.56013e-21
3.86 	3.45254e-18 	-6.84819e-18 	0.265097 	0.598121 	4.63568e-22
4.3 	3.45254e-18 	-6.82504e-18 	0.139206 	0.584673 	1.83872e-21
4.74 	3.45254e-18 	-5.41391e-18 	0.366737 	0.22589 	-1.4672e-21
5.18 	3.45254e-18 	-2.61482e-18 	0.512461 	-0.171974 	-9.75438e-22
5.62 	3.45254e-18 	-1.2033e-18 	0.611334 	-0.398837 	4.19418e-22
6.06 	3.45254e-18 	-1.17937e-18 	0.581101 	-0.538255 	9.87465e-22
6.5 	3.45254e-18 	-1.15524e-18 	0.440201 	-0.580491 	-4.65987e-22
