1.275 	2.15223e-18 	-2.76991e-20 	-0.295619 	-0.00475686 	-3.21546e-22
1.825 	2.15223e-18 	-1.39322e-20 	-0.0566066 	-0.0134551 	8.78068e-22
2.375 	2.15223e-18 	1.38775e-18 	0.371345 	-0.0114196 	-1.17219e-22
2.925 	2.15223e-18 	2.78958e-18 	0.584552 	-0.00722694 	-1.4036e-22
3.475 	2.15223e-18 	4.53849e-18 	0.764535 	-0.00467182 	1.81767e-22
4.025 	2.15223e-18 	6.28755e-18 	0.860029 	-0.0026302 	2.07113e-23
4.575 	2.15223e-18 	6.30203e-18 	0.916676 	-0.00147504 	-2.63183e-22
5.125 	2.15223e-18 	6.31666e-18 	0.948121 	-0.000830663 	2.01955e-22
5.675 	2.15223e-18 	6.33144e-18 	0.966482 	-0.000476903 	2.95227e-23
6.225 	2.15223e-18 	4.61166e-18 	0.977254 	-0.000281202 	5.41181e-23
