1.22 	3.45254e-18 	-6.98323e-18 	0.0925663 	-0.134081 	-8.2737e-22
1.66 	3.45254e-18 	-6.96118e-18 	0.39745 	0.385507 	-7.22436e-23
2.1 	3.45254e-18 	-6.93894e-18 	0.376579 	0.732835 	-1.36089e-21
2.54 	3.45254e-18 	-8.30431e-18 	0.334141 	0.563279 	7.96795e-23
2.98 	3.45254e-18 	-8.28171e-18 	0.753308 	-0.0851166 	9.53449e-22
3.42 	3.45254e-18 	-6.87115e-18 	0.932514 	-0.436995 	1.0072e-21
3.86 	3.45254e-18 	-6.84819e-18 	0.877907 	-0.657142 	1.80035e-22
4.3 	3.45254e-18 	-6.82504e-18 	0.828544 	-0.626163 	5.02207e-22
4.74 	3.45254e-18 	-5.41391e-18 	0.910372 	-0.276481 	-4.34708e-22
5.18 	3.45254e-18 	-2.61482e-18 	1.03836 	0.0484738 	-3.7518e-22
5.62 	3.45254e-18 	-1.2033e-18 	1.05511 	0.372651 	1.91936e-22
6.06 	3.45254e-18 	-1.17937e-18 	1.00215 	0.526366 	4.49323e-22
6.5 	3.45254e-18 	-1.15524e-18 	0.959747 	0.547796 	-2.21066e-22
