1.22 	3.45254e-18 	-6.98323e-18 	-0.0302636 	0.396356 	-1.43986e-21
1.66 	3.45254e-18 	-6.96118e-18 	0.37182 	-0.107692 	-8.83958e-23
2.1 	3.45254e-18 	-6.93894e-18 	0.727716 	-0.546257 	-3.23833e-21
2.54 	3.45254e-18 	-8.30431e-18 	0.507864 	-0.711988 	4.39808e-23
2.98 	3.45254e-18 	-8.28171e-18 	0.534983 	-0.514201 	8.34241e-22
3.42 	3.45254e-18 	-6.87115e-18 	0.811923 	0.0284691 	1.53035e-21
3.86 	3.45254e-18 	-6.84819e-18 	0.963981 	0.401324 	4.15879e-22
4.3 	3.45254e-18 	-6.82504e-18 	0.916644 	0.615179 	1.38912e-21
4.74 	3.45254e-18 	-5.41391e-18 	0.853286 	0.584123 	-6.40031e-22
5.18 	3.45254e-18 	-2.61482e-18 	0.94358 	0.367964 	-4.40856e-22
5.62 	3.45254e-18 	-1.2033e-18 	1.022 	-0.00659442 	3.01931e-22
6.06 	3.45254e-18 	-1.17937e-18 	1.05746 	-0.282495 	1.02483e-21
6.5 	3.45254e-18 	-1.15524e-18 	1.01735 	-0.44185 	-4.96621e-22
