1.275 	2.15223e-18 	-2.76991e-20 	0.00506379 	-0.218624 	-4.54296e-22
1.825 	2.15223e-18 	-1.39322e-20 	0.318649 	0.247474 	6.33968e-21
2.375 	2.15223e-18 	1.38775e-18 	0.411985 	0.640934 	-2.29453e-21
2.925 	2.15223e-18 	2.78958e-18 	0.303563 	0.521388 	-4.13436e-22
3.475 	2.15223e-18 	4.53849e-18 	0.820586 	-0.12078 	-1.02057e-21
4.025 	2.15223e-18 	6.28755e-18 	0.938723 	-0.457798 	-9.51391e-23
4.575 	2.15223e-18 	6.30203e-18 	0.872573 	-0.642141 	1.20346e-21
5.125 	2.15223e-18 	6.31666e-18 	0.90405 	-0.461131 	-1.04257e-21
5.675 	2.15223e-18 	6.33144e-18 	1.01943 	4.30973e-05 	-4.06122e-22
6.225 	2.15223e-18 	4.61166e-18 	1.05243 	0.249742 	-8.69548e-22
