1.22 	3.45254e-18 	-6.98323e-18 	-0.122581 	0.0156773 	-7.7721e-22
1.66 	3.45254e-18 	-6.96118e-18 	-0.243512 	0.0215831 	-3.93491e-23
2.1 	3.45254e-18 	-6.93894e-18 	-0.263784 	0.000414704 	-2.21386e-21
2.54 	3.45254e-18 	-8.30431e-18 	-0.339808 	-0.0519033 	1.37042e-23
2.98 	3.45254e-18 	-8.28171e-18 	-0.385294 	-0.0979199 	2.42249e-21
3.42 	3.45254e-18 	-6.87115e-18 	-0.428992 	-0.0829154 	2.62516e-21
3.86 	3.45254e-18 	-6.84819e-18 	-0.341655 	-0.0145204 	5.1993e-22
4.3 	3.45254e-18 	-6.82504e-18 	-0.287442 	0.0575972 	1.84946e-21
4.74 	3.45254e-18 	-5.41391e-18 	-0.183976 	0.10171 	-9.30436e-22
5.18 	3.45254e-18 	-2.61482e-18 	-0.120442 	0.104594 	-3.75764e-22
5.62 	3.45254e-18 	-1.2033e-18 	-0.0195845 	0.0776173 	1.28186e-22
6.06 	3.45254e-18 	-1.17937e-18 	0.0649427 	0.0379639 	2.29244e-22
6.5 	3.45254e-18 	-1.15524e-18 	0.161293 	-0.00467832 	-4.88667e-23
