1.275 	2.15223e-18 	-2.76991e-20 	-0.13306 	0.00459226 	-2.53496e-22
1.825 	2.15223e-18 	-1.39322e-20 	-0.267334 	-0.0346483 	3.46592e-21
2.375 	2.15223e-18 	1.38775e-18 	-0.293042 	-0.0929147 	-1.55348e-21
2.925 	2.15223e-18 	2.78958e-18 	-0.426161 	-0.0626715 	1.39227e-22
3.475 	2.15223e-18 	4.53849e-18 	-0.359802 	0.0681766 	-1.29735e-21
4.025 	2.15223e-18 	6.28755e-18 	-0.342314 	0.173361 	-1.00998e-22
4.575 	2.15223e-18 	6.30203e-18 	-0.173391 	0.16784 	1.57602e-21
5.125 	2.15223e-18 	6.31666e-18 	-0.0739717 	0.0715863 	-1.23716e-21
5.675 	2.15223e-18 	6.33144e-18 	0.101943 	-0.0526301 	-1.92322e-22
6.225 	2.15223e-18 	4.61166e-18 	0.150943 	-0.133916 	-2.53279e-22
