1.22 	3.45254e-18 	-6.98323e-18 	-0.117992 	0.0372266 	-8.15097e-22
1.66 	3.45254e-18 	-6.96118e-18 	-0.235672 	0.0493353 	-4.13847e-23
2.1 	3.45254e-18 	-6.93894e-18 	-0.252021 	-0.041989 	-2.34218e-21
2.54 	3.45254e-18 	-8.30431e-18 	-0.307012 	-0.220619 	6.88457e-24
2.98 	3.45254e-18 	-8.28171e-18 	-0.294045 	-0.308324 	2.30762e-21
3.42 	3.45254e-18 	-6.87115e-18 	-0.253907 	-0.156093 	2.67805e-21
3.86 	3.45254e-18 	-6.84819e-18 	-0.105603 	0.105936 	5.96401e-22
4.3 	3.45254e-18 	-6.82504e-18 	-0.0819222 	0.29643 	2.18644e-21
4.74 	3.45254e-18 	-5.41391e-18 	-0.0943871 	0.381664 	-1.16552e-21
5.18 	3.45254e-18 	-2.61482e-18 	-0.0872816 	0.32387 	-5.93182e-22
5.62 	3.45254e-18 	-1.2033e-18 	0.0732206 	0.15929 	2.77952e-22
6.06 	3.45254e-18 	-1.17937e-18 	0.221175 	-0.0198395 	8.13407e-22
6.5 	3.45254e-18 	-1.15524e-18 	0.334721 	-0.156266 	-3.67785e-22
