1.275 	2.15223e-18 	-2.76991e-20 	0.00618509 	0.280035 	-4.28718e-22
1.825 	2.15223e-18 	-1.39322e-20 	-0.437692 	0.548569 	4.86071e-21
2.375 	2.15223e-18 	1.38775e-18 	0.439008 	0.179913 	-1.58093e-21
2.925 	2.15223e-18 	2.78958e-18 	0.814894 	-0.329027 	1.87942e-22
3.475 	2.15223e-18 	4.53849e-18 	0.867591 	-0.614722 	-6.10628e-22
4.025 	2.15223e-18 	6.28755e-18 	0.731953 	-0.553812 	1.05525e-22
4.575 	2.15223e-18 	6.30203e-18 	0.871665 	-0.230702 	1.17609e-21
5.125 	2.15223e-18 	6.31666e-18 	1.01178 	0.17722 	-1.78189e-21
5.675 	2.15223e-18 	6.33144e-18 	0.993625 	0.52013 	-3.54239e-22
6.225 	2.15223e-18 	4.61166e-18 	0.912147 	0.499072 	-4.2777e-22
