1.22 	3.45254e-18 	-6.98323e-18 	-0.437079 	0.00889411 	-7.32056e-22
1.66 	3.45254e-18 	-6.96118e-18 	-0.571312 	-0.00272815 	-6.46739e-23
2.1 	3.45254e-18 	-6.93894e-18 	-0.271876 	-0.00832079 	-9.37213e-22
2.54 	3.45254e-18 	-8.30431e-18 	-0.0950596 	-0.00787866 	8.15343e-24
2.98 	3.45254e-18 	-8.28171e-18 	0.172062 	-0.00793879 	-1.07173e-22
3.42 	3.45254e-18 	-6.87115e-18 	0.357027 	-0.00633256 	-3.1802e-22
3.86 	3.45254e-18 	-6.84819e-18 	0.521781 	-0.00495591 	-7.24435e-23
4.3 	3.45254e-18 	-6.82504e-18 	0.634016 	-0.0036517 	-3.09873e-22
4.74 	3.45254e-18 	-5.41391e-18 	0.721993 	-0.00282304 	1.79008e-22
5.18 	3.45254e-18 	-2.61482e-18 	0.790334 	-0.00221397 	9.29506e-23
5.62 	3.45254e-18 	-1.2033e-18 	0.845605 	-0.00172091 	-3.88028e-23
6.06 	3.45254e-18 	-1.17937e-18 	0.88858 	-0.00129323 	-9.90161e-23
6.5 	3.45254e-18 	-1.15524e-18 	0.921085 	-0.000939232 	4.61464e-23
