1.22 	3.45254e-18 	-6.98323e-18 	-0.0718069 	0.45488 	-1.33422e-21
1.66 	3.45254e-18 	-6.96118e-18 	0.249279 	0.0965312 	-5.8966e-23
2.1 	3.45254e-18 	-6.93894e-18 	0.630057 	-0.440862 	-3.59619e-21
2.54 	3.45254e-18 	-8.30431e-18 	0.524494 	-0.677343 	3.14981e-23
2.98 	3.45254e-18 	-8.28171e-18 	0.438198 	-0.62733 	1.08032e-21
3.42 	3.45254e-18 	-6.87115e-18 	0.718141 	-0.0672698 	1.47394e-21
3.86 	3.45254e-18 	-6.84819e-18 	0.902478 	0.362966 	4.47599e-22
4.3 	3.45254e-18 	-6.82504e-18 	0.849899 	0.622696 	1.55189e-21
4.74 	3.45254e-18 	-5.41391e-18 	0.802041 	0.61678 	-6.93379e-22
5.18 	3.45254e-18 	-2.61482e-18 	0.8925 	0.320257 	-5.00516e-22
5.62 	3.45254e-18 	-1.2033e-18 	0.976109 	-0.0470445 	3.36549e-22
6.06 	3.45254e-18 	-1.17937e-18 	0.982607 	-0.356238 	1.12048e-21
6.5 	3.45254e-18 	-1.15524e-18 	0.919251 	-0.522777 	-4.92022e-22
