1.22 	3.45254e-18 	-6.98323e-18 	-0.0105912 	0.371714 	-1.45301e-21
1.66 	3.45254e-18 	-6.96118e-18 	0.38547 	-0.143519 	-9.47087e-23
2.1 	3.45254e-18 	-6.93894e-18 	0.722815 	-0.564412 	-3.17257e-21
2.54 	3.45254e-18 	-8.30431e-18 	0.461512 	-0.717539 	4.72048e-23
2.98 	3.45254e-18 	-8.28171e-18 	0.542976 	-0.469855 	8.31184e-22
3.42 	3.45254e-18 	-6.87115e-18 	0.827805 	0.0776363 	1.61029e-21
3.86 	3.45254e-18 	-6.84819e-18 	0.962873 	0.431129 	4.12225e-22
4.3 	3.45254e-18 	-6.82504e-18 	0.901638 	0.630143 	1.32782e-21
4.74 	3.45254e-18 	-5.41391e-18 	0.851865 	0.569293 	-6.23319e-22
5.18 	3.45254e-18 	-2.61482e-18 	0.950819 	0.329359 	-4.56559e-22
5.62 	3.45254e-18 	-1.2033e-18 	1.02725 	-0.0451803 	3.0904e-22
6.06 	3.45254e-18 	-1.17937e-18 	1.05685 	-0.309001 	1.01427e-21
6.5 	3.45254e-18 	-1.15524e-18 	1.00862 	-0.462385 	-4.82208e-22
