1.275 	2.15223e-18 	-2.76991e-20 	-0.0566 	0.45117 	-4.03245e-22
1.825 	2.15223e-18 	-1.39322e-20 	-0.0858524 	0.334402 	4.58926e-21
2.375 	2.15223e-18 	1.38775e-18 	0.666088 	-0.203516 	-2.36108e-21
2.925 	2.15223e-18 	2.78958e-18 	0.853066 	-0.524521 	1.0818e-22
3.475 	2.15223e-18 	4.53849e-18 	0.637241 	-0.652166 	-2.72856e-22
4.025 	2.15223e-18 	6.28755e-18 	0.740814 	-0.317411 	-2.02974e-24
4.575 	2.15223e-18 	6.30203e-18 	0.970464 	0.157897 	1.93555e-21
5.125 	2.15223e-18 	6.31666e-18 	0.945277 	0.543435 	-1.73411e-21
5.675 	2.15223e-18 	6.33144e-18 	0.899564 	0.57592 	-1.6088e-22
6.225 	2.15223e-18 	4.61166e-18 	0.952572 	0.358315 	-4.73483e-22
