1.22 	3.45254e-18 	-6.98323e-18 	-0.0818882 	-0.216381 	-6.373e-22
1.66 	3.45254e-18 	-6.96118e-18 	-0.249886 	-0.506609 	-3.87891e-23
2.1 	3.45254e-18 	-6.93894e-18 	0.275817 	-0.13027 	-1.47543e-21
2.54 	3.45254e-18 	-8.30431e-18 	0.468538 	0.379589 	-6.63669e-23
2.98 	3.45254e-18 	-8.28171e-18 	0.428308 	0.663767 	9.82931e-22
3.42 	3.45254e-18 	-6.87115e-18 	0.327502 	0.580163 	6.74619e-22
3.86 	3.45254e-18 	-6.84819e-18 	0.647477 	0.0679262 	1.85755e-22
4.3 	3.45254e-18 	-6.82504e-18 	0.826887 	-0.333593 	1.01958e-21
4.74 	3.45254e-18 	-5.41391e-18 	0.791157 	-0.575387 	-5.43261e-22
5.18 	3.45254e-18 	-2.61482e-18 	0.691883 	-0.610563 	-2.19738e-22
5.62 	3.45254e-18 	-1.2033e-18 	0.76213 	-0.362231 	1.15919e-22
6.06 	3.45254e-18 	-1.17937e-18 	0.874896 	0.0140118 	4.82745e-22
6.5 	3.45254e-18 	-1.15524e-18 	0.914614 	0.29117 	-3.38609e-22
