1.22 	3.45254e-18 	-6.98323e-18 	0.0443151 	-0.017229 	-2.23751e-22
1.66 	3.45254e-18 	-6.96118e-18 	0.425363 	-0.0125599 	-1.43702e-24
2.1 	3.45254e-18 	-6.93894e-18 	0.713334 	-0.00667579 	1.72846e-22
2.54 	3.45254e-18 	-8.30431e-18 	0.826582 	-0.00335586 	1.1979e-23
2.98 	3.45254e-18 	-8.28171e-18 	0.899235 	-0.00176892 	-9.55907e-23
3.42 	3.45254e-18 	-6.87115e-18 	0.933456 	-0.000949181 	-8.98037e-23
3.86 	3.45254e-18 	-6.84819e-18 	0.954478 	-0.000556232 	-1.40513e-23
4.3 	3.45254e-18 	-6.82504e-18 	0.967106 	-0.000348783 	-4.50331e-23
4.74 	3.45254e-18 	-5.41391e-18 	0.975515 	-0.000229974 	2.262e-23
5.18 	3.45254e-18 	-2.61482e-18 	0.981265 	-0.000159617 	1.02952e-23
5.62 	3.45254e-18 	-1.2033e-18 	0.985384 	-0.000114668 	-4.07125e-24
6.06 	3.45254e-18 	-1.17937e-18 	0.988425 	-8.48648e-05 	-9.87911e-24
6.5 	3.45254e-18 	-1.15524e-18 	0.990725 	-6.47092e-05 	4.43697e-24
