1.275 	2.15223e-18 	-2.76991e-20 	-0.0942255 	-0.390443 	-4.22015e-22
1.825 	2.15223e-18 	-1.39322e-20 	0.257857 	0.0169347 	5.60083e-21
2.375 	2.15223e-18 	1.38775e-18 	0.745714 	0.459719 	-2.61879e-21
2.925 	2.15223e-18 	2.78958e-18 	0.352612 	0.664257 	-1.19153e-22
3.475 	2.15223e-18 	4.53849e-18 	0.605076 	0.360282 	-2.71198e-22
4.025 	2.15223e-18 	6.28755e-18 	0.906621 	-0.175143 	-2.35207e-22
4.575 	2.15223e-18 	6.30203e-18 	0.972584 	-0.506535 	1.62388e-21
5.125 	2.15223e-18 	6.31666e-18 	0.874008 	-0.647437 	-1.14389e-21
5.675 	2.15223e-18 	6.33144e-18 	0.954234 	-0.330848 	-2.06735e-22
6.225 	2.15223e-18 	4.61166e-18 	1.04357 	-0.038309 	-7.74251e-22
