1.22 	3.45254e-18 	-6.98323e-18 	-0.117431 	0.0114529 	-4.59784e-22
1.66 	3.45254e-18 	-6.96118e-18 	-0.23341 	-0.0424173 	-2.3735e-23
2.1 	3.45254e-18 	-6.93894e-18 	-0.238403 	-0.199808 	-1.26565e-21
2.54 	3.45254e-18 	-8.30431e-18 	-0.297276 	-0.268949 	5.5421e-24
2.98 	3.45254e-18 	-8.28171e-18 	-0.161864 	-0.07184 	1.34967e-21
3.42 	3.45254e-18 	-6.87115e-18 	-0.0874108 	0.240845 	1.4402e-21
3.86 	3.45254e-18 	-6.84819e-18 	-0.0945806 	0.452313 	2.80448e-22
4.3 	3.45254e-18 	-6.82504e-18 	-0.170139 	0.463455 	1.13732e-21
4.74 	3.45254e-18 	-5.41391e-18 	0.0425156 	0.248006 	-8.05343e-22
5.18 	3.45254e-18 	-2.61482e-18 	0.210699 	-0.0375451 	-4.96386e-22
5.62 	3.45254e-18 	-1.2033e-18 	0.323486 	-0.236807 	2.13825e-22
6.06 	3.45254e-18 	-1.17937e-18 	0.352748 	-0.349943 	5.04182e-22
6.5 	3.45254e-18 	-1.15524e-18 	0.273637 	-0.402291 	-1.77807e-22
