1.275 	2.15223e-18 	-2.76991e-20 	-0.148105 	0.00466486 	-2.70676e-22
1.825 	2.15223e-18 	-1.39322e-20 	-0.299717 	0.00159081 	3.78654e-21
2.375 	2.15223e-18 	1.38775e-18 	-0.43716 	-0.000365082 	-1.97996e-21
2.925 	2.15223e-18 	2.78958e-18 	-0.481156 	-0.000751811 	1.86306e-22
3.475 	2.15223e-18 	4.53849e-18 	-0.308938 	0.00217555 	-8.94559e-22
4.025 	2.15223e-18 	6.28755e-18 	-0.253263 	0.00231739 	-7.13988e-23
4.575 	2.15223e-18 	6.30203e-18 	-0.0905473 	-0.0011555 	9.69647e-22
5.125 	2.15223e-18 	6.31666e-18 	-0.00398087 	-0.00464811 	-5.17802e-22
5.675 	2.15223e-18 	6.33144e-18 	0.122226 	-0.00770633 	-3.35902e-23
6.225 	2.15223e-18 	4.61166e-18 	0.21684 	-0.00805539 	3.04846e-23
