1.275 	2.15223e-18 	-2.76991e-20 	-0.0758765 	0.407962 	-4.24139e-22
1.825 	2.15223e-18 	-1.39322e-20 	0.331439 	-0.0555844 	5.68517e-21
2.375 	2.15223e-18 	1.38775e-18 	0.781596 	-0.44982 	-2.61642e-21
2.925 	2.15223e-18 	2.78958e-18 	0.479142 	-0.65398 	-9.80598e-23
3.475 	2.15223e-18 	4.53849e-18 	0.595066 	-0.438089 	-2.29013e-22
4.025 	2.15223e-18 	6.28755e-18 	0.861508 	0.157431 	-2.2977e-22
4.575 	2.15223e-18 	6.30203e-18 	0.962958 	0.444983 	1.48312e-21
5.125 	2.15223e-18 	6.31666e-18 	0.869069 	0.63948 	-1.17881e-21
5.675 	2.15223e-18 	6.33144e-18 	0.948181 	0.412161 	-1.44282e-22
6.225 	2.15223e-18 	4.61166e-18 	1.0224 	0.0329048 	-6.80723e-22
