1.22 	3.45254e-18 	-6.98323e-18 	-0.122101 	-0.0010298 	-7.9684e-22
1.66 	3.45254e-18 	-6.96118e-18 	-0.238485 	-0.0433169 	-3.96897e-23
2.1 	3.45254e-18 	-6.93894e-18 	-0.256733 	-0.126332 	-2.23941e-21
2.54 	3.45254e-18 	-8.30431e-18 	-0.317385 	-0.139906 	1.65932e-23
2.98 	3.45254e-18 	-8.28171e-18 	-0.297294 	-0.00933981 	2.37089e-21
3.42 	3.45254e-18 	-6.87115e-18 	-0.311216 	0.194006 	2.54956e-21
3.86 	3.45254e-18 	-6.84819e-18 	-0.295687 	0.314714 	5.21214e-22
4.3 	3.45254e-18 	-6.82504e-18 	-0.25982 	0.265881 	2.07737e-21
4.74 	3.45254e-18 	-5.41391e-18 	-0.0808353 	0.106783 	-1.28693e-21
5.18 	3.45254e-18 	-2.61482e-18 	0.0434149 	-0.0589355 	-6.57186e-22
5.62 	3.45254e-18 	-1.2033e-18 	0.135265 	-0.172373 	2.51469e-22
6.06 	3.45254e-18 	-1.17937e-18 	0.16079 	-0.233231 	5.19548e-22
6.5 	3.45254e-18 	-1.15524e-18 	0.154874 	-0.245484 	-1.44844e-22
