1.22 	3.45254e-18 	-6.98323e-18 	-0.122042 	-0.0130804 	-7.89112e-22
1.66 	3.45254e-18 	-6.96118e-18 	-0.238387 	-0.0568779 	-3.85809e-23
2.1 	3.45254e-18 	-6.93894e-18 	-0.258652 	-0.101413 	-2.23456e-21
2.54 	3.45254e-18 	-8.30431e-18 	-0.319661 	-0.0514674 	1.39e-23
2.98 	3.45254e-18 	-8.28171e-18 	-0.315495 	0.102028 	2.29547e-21
3.42 	3.45254e-18 	-6.87115e-18 	-0.361526 	0.250403 	2.49363e-21
3.86 	3.45254e-18 	-6.84819e-18 	-0.315077 	0.265375 	5.36044e-22
4.3 	3.45254e-18 	-6.82504e-18 	-0.20769 	0.128841 	2.22081e-21
4.74 	3.45254e-18 	-5.41391e-18 	-0.0488053 	-0.0392561 	-1.30671e-21
5.18 	3.45254e-18 	-2.61482e-18 	0.025097 	-0.160317 	-5.94603e-22
5.62 	3.45254e-18 	-1.2033e-18 	0.0679558 	-0.224338 	2.10492e-22
6.06 	3.45254e-18 	-1.17937e-18 	0.0703412 	-0.235812 	3.94216e-22
6.5 	3.45254e-18 	-1.15524e-18 	0.109769 	-0.190332 	-1.27083e-22
