1.22 	3.45254e-18 	-6.98323e-18 	0.0872946 	-0.157466 	-1.51295e-21
1.66 	3.45254e-18 	-6.96118e-18 	0.385511 	0.366042 	-1.30902e-22
2.1 	3.45254e-18 	-6.93894e-18 	0.421184 	0.713197 	-2.53992e-21
2.54 	3.45254e-18 	-8.30431e-18 	0.30038 	0.604534 	1.23657e-22
2.98 	3.45254e-18 	-8.28171e-18 	0.733572 	-0.0335756 	1.64189e-21
3.42 	3.45254e-18 	-6.87115e-18 	0.911993 	-0.415087 	1.82132e-21
3.86 	3.45254e-18 	-6.84819e-18 	0.892256 	-0.608806 	3.26764e-22
4.3 	3.45254e-18 	-6.82504e-18 	0.825238 	-0.654753 	9.95152e-22
4.74 	3.45254e-18 	-5.41391e-18 	0.889465 	-0.317629 	-7.29149e-22
5.18 	3.45254e-18 	-2.61482e-18 	1.00371 	0.00800471 	-6.37848e-22
5.62 	3.45254e-18 	-1.2033e-18 	1.04685 	0.290148 	3.33237e-22
6.06 	3.45254e-18 	-1.17937e-18 	1.00419 	0.512027 	8.88564e-22
6.5 	3.45254e-18 	-1.15524e-18 	0.950918 	0.511286 	-3.54015e-22
