1.22 	3.45254e-18 	-6.98323e-18 	-0.105583 	-0.0629364 	-9.11084e-22
1.66 	3.45254e-18 	-6.96118e-18 	-0.219222 	-0.164595 	-4.24901e-23
2.1 	3.45254e-18 	-6.93894e-18 	-0.19826 	-0.0756709 	-2.66198e-21
2.54 	3.45254e-18 	-8.30431e-18 	-0.131506 	0.270912 	-1.51028e-24
2.98 	3.45254e-18 	-8.28171e-18 	-0.150753 	0.538376 	2.22836e-21
3.42 	3.45254e-18 	-6.87115e-18 	-0.0682604 	0.393307 	2.48851e-21
3.86 	3.45254e-18 	-6.84819e-18 	0.233421 	-0.0117332 	6.314e-22
4.3 	3.45254e-18 	-6.82504e-18 	0.332808 	-0.311565 	2.58702e-21
4.74 	3.45254e-18 	-5.41391e-18 	0.346694 	-0.494056 	-1.37344e-21
5.18 	3.45254e-18 	-2.61482e-18 	0.190279 	-0.570161 	-6.47938e-22
5.62 	3.45254e-18 	-1.2033e-18 	0.208254 	-0.426869 	3.31553e-22
6.06 	3.45254e-18 	-1.17937e-18 	0.36556 	-0.105182 	1.17078e-21
6.5 	3.45254e-18 	-1.15524e-18 	0.492278 	0.177852 	-7.27835e-22
