1.275 	2.15223e-18 	-2.76991e-20 	0.055927 	-0.146199 	-4.70783e-22
1.825 	2.15223e-18 	-1.39322e-20 	-0.157283 	-0.58061 	5.2339e-21
2.375 	2.15223e-18 	1.38775e-18 	0.195968 	-0.408048 	-1.4275e-21
2.925 	2.15223e-18 	2.78958e-18 	0.729104 	0.18209 	5.58659e-23
3.475 	2.15223e-18 	4.53849e-18 	0.881559 	0.557933 	-8.1815e-22
4.025 	2.15223e-18 	6.28755e-18 	0.748273 	0.588829 	1.16881e-22
4.575 	2.15223e-18 	6.30203e-18 	0.838688 	0.358439 	8.84566e-22
5.125 	2.15223e-18 	6.31666e-18 	0.997545 	-0.0400421 	-1.538e-21
5.675 	2.15223e-18 	6.33144e-18 	1.03697 	-0.427984 	-3.9287e-22
6.225 	2.15223e-18 	4.61166e-18 	0.945982 	-0.490715 	-5.03489e-22
