1.275 	2.15223e-18 	-2.76991e-20 	-0.149305 	0.00546909 	-2.76614e-22
1.825 	2.15223e-18 	-1.39322e-20 	-0.33244 	0.00687392 	4.01138e-21
2.375 	2.15223e-18 	1.38775e-18 	-0.453975 	0.00654298 	-2.06944e-21
2.925 	2.15223e-18 	2.78958e-18 	-0.481556 	-0.00166476 	1.87664e-22
3.475 	2.15223e-18 	4.53849e-18 	-0.280745 	-0.00702955 	-7.9974e-22
4.025 	2.15223e-18 	6.28755e-18 	-0.225244 	-0.00803373 	-5.29039e-23
4.575 	2.15223e-18 	6.30203e-18 	-0.0515477 	-0.00855391 	7.86061e-22
5.125 	2.15223e-18 	6.31666e-18 	0.0422987 	-0.00582988 	-3.20204e-22
5.675 	2.15223e-18 	6.33144e-18 	0.174385 	-0.00364721 	-1.31061e-24
6.225 	2.15223e-18 	4.61166e-18 	0.273964 	-0.00146288 	9.15146e-23
