1.275 	2.15223e-18 	-2.76991e-20 	-0.0857978 	0.370642 	-4.07093e-22
1.825 	2.15223e-18 	-1.39322e-20 	-0.385106 	0.4371 	4.69495e-21
2.375 	2.15223e-18 	1.38775e-18 	0.560401 	-0.0305074 	-1.87377e-21
2.925 	2.15223e-18 	2.78958e-18 	0.848863 	-0.444021 	2.04034e-22
3.475 	2.15223e-18 	4.53849e-18 	0.771153 	-0.621445 	-3.10354e-22
4.025 	2.15223e-18 	6.28755e-18 	0.725297 	-0.470632 	4.94585e-23
4.575 	2.15223e-18 	6.30203e-18 	0.949358 	-0.0738372 	1.50312e-21
5.125 	2.15223e-18 	6.31666e-18 	1.01191 	0.377243 	-1.88814e-21
5.675 	2.15223e-18 	6.33144e-18 	0.963121 	0.5468 	-2.17267e-22
6.225 	2.15223e-18 	4.61166e-18 	0.932826 	0.468896 	-3.92237e-22
