1.275 	2.15223e-18 	-2.76991e-20 	-0.136678 	0.0115919 	-2.531e-22
1.825 	2.15223e-18 	-1.39322e-20 	-0.264925 	0.0110597 	3.43734e-21
2.375 	2.15223e-18 	1.38775e-18 	-0.318796 	-0.0168517 	-1.60411e-21
2.925 	2.15223e-18 	2.78958e-18 	-0.454189 	-0.0548615 	1.77153e-22
3.475 	2.15223e-18 	4.53849e-18 	-0.391306 	-0.0506029 	-1.23069e-21
4.025 	2.15223e-18 	6.28755e-18 	-0.344646 	0.00129958 	-9.57988e-23
4.575 	2.15223e-18 	6.30203e-18 	-0.174268 	0.0503943 	1.42139e-21
5.125 	2.15223e-18 	6.31666e-18 	-0.122209 	0.0731273 	-9.76128e-22
5.675 	2.15223e-18 	6.33144e-18 	0.00294209 	0.0640617 	-1.19914e-22
6.225 	2.15223e-18 	4.61166e-18 	0.0892505 	0.0235113 	-1.47395e-22
