1.22 	3.45254e-18 	-6.98323e-18 	-0.122479 	0.00996566 	-7.75169e-22
1.66 	3.45254e-18 	-6.96118e-18 	-0.24058 	0.031303 	-3.84014e-23
2.1 	3.45254e-18 	-6.93894e-18 	-0.260965 	0.0659377 	-2.20597e-21
2.54 	3.45254e-18 	-8.30431e-18 	-0.32945 	0.0605226 	9.9171e-24
2.98 	3.45254e-18 	-8.28171e-18 	-0.356926 	-0.0139381 	2.46919e-21
3.42 	3.45254e-18 	-6.87115e-18 	-0.398649 	-0.118414 	2.65591e-21
3.86 	3.45254e-18 	-6.84819e-18 	-0.34865 	-0.164261 	5.20095e-22
4.3 	3.45254e-18 	-6.82504e-18 	-0.301763 	-0.122363 	1.86861e-21
4.74 	3.45254e-18 	-5.41391e-18 	-0.175078 	-0.039895 	-9.86325e-22
5.18 	3.45254e-18 	-2.61482e-18 	-0.0904547 	0.0431142 	-4.26163e-22
5.62 	3.45254e-18 	-1.2033e-18 	0.000850557 	0.0970862 	1.50127e-22
6.06 	3.45254e-18 	-1.17937e-18 	0.0587485 	0.119386 	2.64533e-22
6.5 	3.45254e-18 	-1.15524e-18 	0.124983 	0.114795 	-5.74529e-23
