1.22 	3.45254e-18 	-6.98323e-18 	0.0182776 	-0.309661 	-1.45892e-21
1.66 	3.45254e-18 	-6.96118e-18 	0.380087 	0.220983 	-1.06505e-22
2.1 	3.45254e-18 	-6.93894e-18 	0.645786 	0.616184 	-2.96729e-21
2.54 	3.45254e-18 	-8.30431e-18 	0.307166 	0.723787 	5.2911e-23
2.98 	3.45254e-18 	-8.28171e-18 	0.598612 	0.301917 	9.9845e-22
3.42 	3.45254e-18 	-6.87115e-18 	0.87067 	-0.236017 	1.8279e-21
3.86 	3.45254e-18 	-6.84819e-18 	0.96203 	-0.491881 	3.77508e-22
4.3 	3.45254e-18 	-6.82504e-18 	0.870642 	-0.666442 	1.24235e-21
4.74 	3.45254e-18 	-5.41391e-18 	0.85616 	-0.513758 	-6.17024e-22
5.18 	3.45254e-18 	-2.61482e-18 	0.959358 	-0.201202 	-5.36453e-22
5.62 	3.45254e-18 	-1.2033e-18 	1.03635 	0.109053 	3.22152e-22
6.06 	3.45254e-18 	-1.17937e-18 	1.04192 	0.392432 	1.04912e-21
6.5 	3.45254e-18 	-1.15524e-18 	0.979273 	0.48547 	-4.20489e-22
