1.22 	3.45254e-18 	-6.98323e-18 	-0.101505 	-0.0106271 	-9.41415e-22
1.66 	3.45254e-18 	-6.96118e-18 	-0.215896 	-0.170506 	-4.34699e-23
2.1 	3.45254e-18 	-6.93894e-18 	-0.199597 	-0.33719 	-2.69503e-21
2.54 	3.45254e-18 	-8.30431e-18 	-0.0617362 	-0.0886746 	1.87665e-23
2.98 	3.45254e-18 	-8.28171e-18 	0.148242 	0.327552 	2.63096e-21
3.42 	3.45254e-18 	-6.87115e-18 	0.0606753 	0.573266 	2.20086e-21
3.86 	3.45254e-18 	-6.84819e-18 	0.0218333 	0.546055 	4.7828e-22
4.3 	3.45254e-18 	-6.82504e-18 	0.285596 	0.162019 	2.38336e-21
4.74 	3.45254e-18 	-5.41391e-18 	0.452533 	-0.214926 	-1.71806e-21
5.18 	3.45254e-18 	-2.61482e-18 	0.518609 	-0.42476 	-8.52535e-22
5.62 	3.45254e-18 	-1.2033e-18 	0.46226 	-0.552822 	3.34017e-22
6.06 	3.45254e-18 	-1.17937e-18 	0.319999 	-0.563911 	8.31672e-22
6.5 	3.45254e-18 	-1.15524e-18 	0.392049 	-0.327784 	-6.2243e-22
