1.22 	3.45254e-18 	-6.98323e-18 	-0.106266 	-0.515423 	-1.36061e-21
1.66 	3.45254e-18 	-6.96118e-18 	0.236651 	-0.128513 	-5.42829e-23
2.1 	3.45254e-18 	-6.93894e-18 	0.68539 	0.43556 	-3.4349e-21
2.54 	3.45254e-18 	-8.30431e-18 	0.668811 	0.663005 	1.82697e-23
2.98 	3.45254e-18 	-8.28171e-18 	0.541869 	0.672591 	9.75481e-22
3.42 	3.45254e-18 	-6.87115e-18 	0.72351 	0.197284 	1.15934e-21
3.86 	3.45254e-18 	-6.84819e-18 	0.945125 	-0.229134 	3.86785e-22
4.3 	3.45254e-18 	-6.82504e-18 	0.994524 	-0.511464 	1.68659e-21
4.74 	3.45254e-18 	-5.41391e-18 	0.892777 	-0.613224 	-7.6332e-22
5.18 	3.45254e-18 	-2.61482e-18 	0.902952 	-0.500014 	-4.06575e-22
5.62 	3.45254e-18 	-1.2033e-18 	0.986408 	-0.230757 	2.54639e-22
6.06 	3.45254e-18 	-1.17937e-18 	1.04494 	0.138137 	1.08439e-21
6.5 	3.45254e-18 	-1.15524e-18 	1.03662 	0.317034 	-5.59824e-22
