1.22 	3.45254e-18 	-6.98323e-18 	-0.0437605 	0.420858 	-1.43431e-21
1.66 	3.45254e-18 	-6.96118e-18 	0.359894 	-0.0802332 	-8.31884e-23
2.1 	3.45254e-18 	-6.93894e-18 	0.726954 	-0.524892 	-3.30513e-21
2.54 	3.45254e-18 	-8.30431e-18 	0.559922 	-0.70898 	3.45438e-23
2.98 	3.45254e-18 	-8.28171e-18 	0.533534 	-0.561888 	8.51109e-22
3.42 	3.45254e-18 	-6.87115e-18 	0.790031 	-0.000980696 	1.48054e-21
3.86 	3.45254e-18 	-6.84819e-18 	0.961576 	0.355963 	4.04211e-22
4.3 	3.45254e-18 	-6.82504e-18 	0.933493 	0.60206 	1.52215e-21
4.74 	3.45254e-18 	-5.41391e-18 	0.853638 	0.605039 	-6.46711e-22
5.18 	3.45254e-18 	-2.61482e-18 	0.921782 	0.378625 	-4.27175e-22
5.62 	3.45254e-18 	-1.2033e-18 	1.0118 	0.0688608 	2.7891e-22
6.06 	3.45254e-18 	-1.17937e-18 	1.05417 	-0.259953 	1.06087e-21
6.5 	3.45254e-18 	-1.15524e-18 	1.02323 	-0.402866 	-4.91112e-22
