1.22 	3.45254e-18 	-6.98323e-18 	-0.122983 	-0.00770451 	-7.77862e-22
1.66 	3.45254e-18 	-6.96118e-18 	-0.24044 	-0.00199594 	-3.8917e-23
2.1 	3.45254e-18 	-6.93894e-18 	-0.260464 	0.0547309 	-2.17823e-21
2.54 	3.45254e-18 	-8.30431e-18 	-0.325963 	0.125782 	1.94589e-23
2.98 	3.45254e-18 	-8.28171e-18 	-0.344904 	0.129941 	2.44948e-21
3.42 	3.45254e-18 	-6.87115e-18 	-0.361455 	0.0211546 	2.7744e-21
3.86 	3.45254e-18 	-6.84819e-18 	-0.286159 	-0.116317 	5.61418e-22
4.3 	3.45254e-18 	-6.82504e-18 	-0.26621 	-0.191695 	1.96163e-21
4.74 	3.45254e-18 	-5.41391e-18 	-0.194859 	-0.19225 	-9.91527e-22
5.18 	3.45254e-18 	-2.61482e-18 	-0.122521 	-0.123577 	-4.32625e-22
5.62 	3.45254e-18 	-1.2033e-18 	-0.00274953 	-0.033946 	1.66448e-22
6.06 	3.45254e-18 	-1.17937e-18 	0.0890793 	0.044523 	3.4327e-22
6.5 	3.45254e-18 	-1.15524e-18 	0.169919 	0.103305 	-9.76562e-23
